0 0.42916875 0.9199875000000001 0.47154375000000004 0.9578125 0.4802296875 0.9578125 0.546875 0.867665625 0.546875 0.8601500000000001 0.5067234375 0.8235796875 0.42916875 0.9199875000000001
0 0.5078421875 0.7625953125 0.6036015625 0.8421875000000001 0.6122890625 0.8421875000000001 0.64375 0.8077625 0.64375 0.8032265625 0.5414484374999999 0.7187640625 0.5078421875 0.7625953125
0 0.7127125000000001 0.6662171874999999 0.7127234375 0.6659031249999999 0.669578125 0.627715625 0.584375 0.7205296874999999 0.584375 0.7275515625 0.6225109375 0.7625 0.6254640625000001 0.7625 0.7127125000000001 0.6662171874999999
0 0.74479375 0.5375 0.6578124999999999 0.633521875 0.6578124999999999 0.6409468749999999 0.6986562500000001 0.6746375 0.700034375 0.6746218749999999 0.7918171875000001 0.572253125 0.79184375 0.5716625 0.7458875 0.5375 0.74479375 0.5375
0 0.822109375 0.2109375 0.57591875 0.5607765625 0.59389375 0.57473125 0.8543703125 0.2109375 0.822109375 0.2109375
0 0.8968750000000001 0.1977890625 0.8795484375 0.1867875 0.7587171875000001 0.33274062499999996 0.6217874999999999 0.5130046875000001 0.63923125 0.5296875 0.643378125 0.5296875 0.793621875 0.335865625 0.8968750000000001 0.2032359375 0.8968750000000001 0.1977890625
0 0.946240625 0.45675937499999997 0.9475109375 0.4567375 0.9593750000000001 0.4397796875 0.9593750000000001 0.437890625 0.89535 0.38336875000000004 0.7988437500000001 0.3032140625 0.6297625 0.16719531250000003 0.6109375 0.18635000000000002 0.6109375 0.18721875 0.7787703125000001 0.322865625 0.904615625 0.4272140625 0.946240625 0.45675937499999997
0 0.9953125 0.40606875 0.9953125 0.39147343749999997 0.9347875 0.3418890625 0.8118359374999999 0.24441093749999998 0.6653453125000001 0.1257171875 0.6464218749999999 0.147671875 0.8468312499999999 0.30249375 0.9858718750000001 0.4143078125 0.9890640625 0.4142515625 0.9953125 0.40606875
0 0.8537515625 0.2257734375 0.9875 0.0775234375 0.9875 0.07737031250000001 0.9874953125 0.077221875 0.9516015624999999 0.07596875 0.7333 0.32723125 0.7025281250000001 0.368796875 0.7025531249999999 0.3696703125 0.719090625 0.3828125 0.7262593749999999 0.3828125 0.8537515625 0.2257734375
0 0.878125 0.04586562500000001 0.8572765625 0.0312765625 0.738715625 0.18224375 0.7387421875 0.18288749999999998 0.7584703125 0.19687500000000002 0.7630734375 0.19687500000000002 0.8640656250000001 0.0652796875 0.878125 0.0485125 0.878125 0.04586562500000001
0 0.9572875000000001 0.0010765625 0.786134375 0.21656718749999998 0.7861703125 0.21713593750000001 0.80276875 0.2265625 0.8060546875000001 0.2265625 0.9781249999999999 0.0027234374999999997 0.9781249999999999 0.0011984375 0.9572875000000001 0.0010765625
0 0.9984375000000001 0.2596171875 0.9101234375 0.1845453125 0.8956234375 0.1983140625 0.9984375000000001 0.2904171875 0.9984375000000001 0.2596171875
0 0.8455046875 0.12769843749999998 0.8474406250000001 0.1609375 0.8481078125000001 0.1609375 0.9703124999999999 0.0072234375 0.9703124999999999 0.0061703125000000004 0.9439671875000001 0.0049421875 0.8455046875 0.12769843749999998