0 0.43748125 0.9476125 0.4830421875 0.9859374999999999 0.48481874999999997 0.9859374999999999 0.5625 0.8825984375 0.5625 0.8744078125 0.515221875 0.83549375 0.43748125 0.9476125
0 0.5301 0.8336078124999999 0.5762296874999999 0.8687499999999999 0.5807078125 0.8687499999999999 0.6578124999999999 0.7714140625 0.6578124999999999 0.7619578124999999 0.6159281249999999 0.72445625 0.5301 0.8336078124999999
0 0.6115609375 0.7342296875 0.6607984375 0.7710078125000001 0.663834375 0.770759375 0.7406250000000001 0.666021875 0.7406250000000001 0.65656875 0.703346875 0.6296875 0.68928125 0.6296875 0.6115609375 0.7342296875
0 0.7754328125000001 0.536428125 0.6812499999999999 0.6364359374999999 0.6812499999999999 0.6534671875 0.7192000000000001 0.6828125 0.7214796875 0.6828125 0.8223296875 0.5767781249999999 0.7754328125000001 0.536428125
0 0.8777953125 0.2019828125 0.5703125 0.533409375 0.5703125 0.574821875 0.8928484375000001 0.2214328125 0.8931046874999999 0.217425 0.8777953125 0.2019828125
0 0.801115625 0.3307171875 0.9364453125 0.1914296875 0.93650625 0.1906859375 0.91735625 0.17634062499999997 0.7642203125000001 0.32565000000000005 0.6171875 0.48026562500000003 0.6171875 0.520740625 0.801115625 0.3307171875
0 0.9651000000000001 0.11406250000000001 0.93326875 0.11406250000000001 0.8974531250000001 0.16103125000000001 0.8154671875 0.2712140625 0.6765359375 0.463871875 0.6968015624999999 0.4815546875 0.699275 0.481353125 0.8371999999999999 0.2909671875 0.943925 0.147303125 0.9651000000000001 0.11406250000000001
0 0.9637390625000001 0.0765625 0.93201875 0.0765625 0.9233703125 0.0871171875 0.814009375 0.22460625 0.6875 0.380553125 0.6875 0.3940078125 0.7024671875 0.406496875 0.704440625 0.406346875 0.877509375 0.183584375 0.9637390625000001 0.0765625
0 0.9890625 0.049846875 0.952 0.047904687499999994 0.7367187500000001 0.267503125 0.7171875000000001 0.29055312499999997 0.7171875000000001 0.3265625 0.7237593750000001 0.3265625 0.8758609375 0.1614734375 0.9890625 0.049939062500000006 0.9890625 0.049846875
0 0.7673078124999999 0.17343750000000002 0.7734671875000001 0.17343750000000002 0.8986546875 0.0423234375 0.9164703125 0.0251359375 0.9166515625 0.023060937499999996 0.9031234374999999 0.0115765625 0.8911609375 0.0106 0.7609375 0.144121875 0.7609375 0.16795781250000003 0.7673078124999999 0.17343750000000002
0 0.9657859375 0 0.8320234375000001 0.16875 0.8321609375 0.16875 0.856421875 0.1676203125 0.98125 0.014662499999999998 0.98125 0 0.9657859375 0
0 0.9329609375 0.211428125 0.9459484375 0.22499999999999998 0.9534515625 0.22499999999999998 0.9984375000000001 0.17337968750000002 0.9984375000000001 0.1671109375 0.9707125 0.165009375 0.9329609375 0.211428125
0 0.9844328124999999 0 0.9109375 0.0845390625 0.9109375 0.0875 0.9375578124999999 0.0875 0.9890625 0.0287 0.9890625 0 0.9844328124999999 0