0 0.4418604639423077 0.9043927668269232 0.48062015625 0.9483204134615384 0.5813953485576924 0.8643410865384615 0.5452196370192308 0.82428940625 0.4418604639423077 0.9043927668269232
0 0.4560723509615385 0.7183462548076923 0.3540051682692308 0.8010335889423076 0.3914728677884615 0.8423772620192308 0.4896640817307692 0.7622739014423078 0.4560723509615385 0.7183462548076923
0 0.3785529735576923 0.6317829447115385 0.2816537451923077 0.7157622740384616 0.3204134375 0.759689920673077 0.4160206730769231 0.67571059375 0.3785529735576923 0.6317829447115385
0 0.30620155048076925 0.5426356610576923 0.20542635576923077 0.6291989639423077 0.24289405769230768 0.67571059375 0.3410852692307692 0.5904392764423076 0.30620155048076925 0.5426356610576923
0 0.4718042259615384 0.2697978389423077 0.4535643701923077 0.25079799278846154 0.11384708894230769 0.5335157307692308 0.12904696875000002 0.5502355985576923 0.4718042259615384 0.2697978389423077
0 0.40644475 0.21507828125 0.22556619471153846 0.3625171009615385 0.07888736778846153 0.49171606730769235 0.09104727403846155 0.5107159134615384 0.22784617548076921 0.3967168269230769 0.4246846009615384 0.23331813221153846 0.40644475 0.21507828125
0 0.09788721875 0.43775649519230775 0.22176622596153847 0.3328773365384615 0.3874449014423077 0.19607843028846156 0.36844505048076925 0.1770785817307692 0.20200638221153847 0.31387748798076925 0.10700714423076924 0.39443684375 0.04316765625 0.4499164014423077 0.05608755048076923 0.46815625480769235 0.09788721875 0.43775649519230775
0 0.35248518028846154 0.15731874278846153 0.3334853317307692 0.1360389110576923 0.19136646875000002 0.2553579567307692 0.07204742067307693 0.3533971730769231 0.006687944711538462 0.4088767307692308 0.02112783173076923 0.4271165817307692 0.15792673798076923 0.3131174951923077 0.35248518028846154 0.15731874278846153
0 0 0.3830369375 0.1548867620192308 0.24319805528846153 0.3175254615384615 0.11019911778846153 0.30156558653846155 0.08967928125 0.25900593028846153 0.12159902644230769 0 0.34731722355769235 0 0.3830369375
0 0.27724578125 0.07371941105769231 0.26204590144230766 0.05243958173076923 0.24380605048076923 0.06839945192307692 0.11156711057692308 0.17479860096153846 0.12752698076923077 0.1968384254807692 0.27724578125 0.07371941105769231
0 0 0.22799817548076923 0.23924608653846152 0.029639762019230766 0.22860617067307692 0.011399911057692308 0 0.2067183485576923 0 0.22799817548076923
0 0 0.3024775817307692 0.10776713701923077 0.2067183485576923 0.09256725721153845 0.19227846153846156 0 0.2697978389423077 0 0.3024775817307692
0 0 0.15883873076923075 0.1921264639423077 0.0007599927884615385 0.1594467235576923 0 0 0.13223894230769231 0 0.15883873076923075