0 0.5158296875 0.83125 0.4296875 0.9359796874999999 0.4296875 0.9396203125 0.47079218749999996 0.9743875 0.4743078125 0.9741828124999999 0.5578125 0.865646875 0.5578125 0.8608515625000001 0.5236999999999999 0.83125 0.5158296875 0.83125
0 0.6074671875 0.721875 0.5268765625 0.8297859375 0.5268859375 0.8302671875 0.572165625 0.86105 0.57405625 0.86090625 0.6546875000000001 0.7536640625 0.6546875000000001 0.7517265625 0.618175 0.721875 0.6074671875 0.721875
0 0.6046703124999999 0.7366171875 0.6470265625 0.7734375 0.6564093750000001 0.7734375 0.7328125000000001 0.68595625 0.7328125000000001 0.6786671875000001 0.6886375 0.63905625 0.6046703124999999 0.7366171875
0 0.6740015625000001 0.594928125 0.7740546875000001 0.6801984375000001 0.776478125 0.680128125 0.8139546875 0.633525 0.8140156249999999 0.6301 0.711525 0.54375 0.7114453125 0.54375 0.6740015625000001 0.594928125
0 0.5380640625 0.2582875 0.9036875000000001 0.520453125 0.9051234374999999 0.520328125 0.9125000000000001 0.5113390625 0.9125000000000001 0.496590625 0.557859375 0.2375 0.556028125 0.2375 0.5380640625 0.2582875
0 0.941090625 0.5078125 0.94653125 0.49948281250000004 0.9465515624999999 0.4959390625 0.7948906250000001 0.35900312500000003 0.6060171875 0.201 0.58676875 0.21980312500000002 0.7922906249999999 0.39484375 0.9244281249999999 0.5078125 0.941090625 0.5078125
0 0.9535421875 0.1328125 0.9234109375 0.1328125 0.8829234375 0.1834859375 0.8001421875 0.2895609375 0.6596640625 0.4750609375 0.6790421875000001 0.492665625 0.6806640625 0.4925421875 0.8204390625000001 0.3087828125 0.92820625 0.1704734375 0.9535421875 0.1328125
0 0.6828125 0.40566874999999997 0.6828125 0.43281250000000004 0.6903921875 0.43281250000000004 0.727453125 0.39376874999999995 0.8405328125 0.270975 0.9761093750000001 0.1266796875 0.9763843750000001 0.1232921875 0.9571921875 0.1043265625 0.77706875 0.30465 0.6828125 0.40566874999999997
0 0.7159859375 0.069459375 0.7003703124999999 0.09118281249999999 0.8783203125000001 0.22873749999999998 0.996875 0.329621875 0.996875 0.295240625 0.76239375 0.1024296875 0.7159859375 0.069459375
0 0.8825281250000001 0.019653125 0.7814093750000001 0.1583953125 0.766115625 0.1775328125 0.7877421875 0.1921875 0.7906140625 0.1921875 0.903125 0.0414828125 0.903125 0.0337921875 0.8825281250000001 0.019653125
0 0.94730625 0 0.8012390625 0.17662187499999998 0.8017546875 0.198771875 0.8066015624999999 0.2015328125 0.8091609375 0.20151875 0.9703124999999999 0.0005703125 0.9703124999999999 0 0.94730625 0
0 0.997840625 0.228546875 0.9356953125 0.1772 0.9194843749999999 0.19272187500000001 0.9972734375 0.2610921875 0.997840625 0.228546875
0 0.8757890625000001 0.09210625 0.8769921875000001 0.1265625 0.8774796874999999 0.1265625 0.9765625 0.00743125 0.9765625 0.0066875 0.9489421875 0.0049187499999999995 0.8757890625000001 0.09210625