0 0.17571059375 0.4547803629807692 0.13565891346153847 0.4186046514423077 0.05167958653846154 0.51937984375 0.09560723317307693 0.5581395360576923 0.17571059375 0.4547803629807692
0 0.2377260985576923 0.5103359182692307 0.15762273798076926 0.6085271322115384 0.1989664110576923 0.6459948317307693 0.2816537451923077 0.5439276490384615 0.2377260985576923 0.5103359182692307
0 0.32428940625 0.5839793269230769 0.24031007932692308 0.6795865625 0.28423772596153846 0.7183462548076923 0.3682170552884615 0.6214470264423078 0.32428940625 0.5839793269230769
0 0.4095607235576923 0.6589147307692307 0.32428940625 0.7571059423076923 0.3708010360576923 0.7945736442307693 0.4573643389423077 0.6937984495192308 0.4095607235576923 0.6589147307692307
0 0.44976440144230767 0.87095303125 0.46648426923076924 0.8861529110576923 0.7492020072115384 0.5464356298076922 0.7302021610576923 0.5281957740384615 0.44976440144230767 0.87095303125
0 0.7666818677884616 0.5753153990384615 0.603283173076923 0.7721538245192308 0.48928408653846156 0.9089527259615384 0.5082839326923076 0.9211126322115385 0.6374828990384616 0.7744338052884616 0.78492171875 0.59355525 0.7666818677884616 0.5753153990384615
0 0.5318437451923077 0.9439124495192307 0.5500835985576923 0.95683234375 0.60556315625 0.8929928557692308 0.6861225120192308 0.7979936177884616 0.8229214182692307 0.6315549495192307 0.8039215697115385 0.6125550985576923 0.6671226634615385 0.7782337740384615 0.5622435048076923 0.9021127812499999 0.5318437451923077 0.9439124495192307
0 0.646602826923077 0.9279525793269231 0.7446420432692308 0.80863353125 0.8639610889423076 0.6665146682692308 0.8426812572115385 0.6475148197115386 0.6868825048076924 0.8420732620192308 0.5728834182692307 0.9788721682692307 0.5911232692307692 0.9933120552884614 0.646602826923077 0.9279525793269231
0 0.6526827764423077 1 0.8784009735576923 0.7409940697115385 0.91032071875 0.6984344134615385 0.8898008822115385 0.6824745384615384 0.7568019447115385 0.8451132379807693 0.6169630625 1 0.6526827764423077 1
0 0.9262805889423077 0.72275421875 0.8031615745192308 0.8724730192307693 0.8252013990384615 0.8884328894230769 0.931600548076923 0.7561939495192308 0.9475604182692308 0.7379540985576922 0.9262805889423077 0.72275421875
0 0.7932816514423077 1 0.9886000889423077 0.7713938293269231 0.9703602379807692 0.7607539134615385 0.7720018245192308 1 0.7932816514423077 1
0 0.7302021610576923 1 0.8077215384615385 0.9074327427884616 0.7932816514423077 0.8922328629807693 0.6975224182692308 1 0.7302021610576923 1
0 0.8677610576923077 1 1 0.8405532764423077 0.9992400072115385 0.8078735360576924 0.8411612692307693 1 0.8677610576923077 1