0 0.25348542548076924 0.46577946875000004 0.32192648798076917 0.5050697067307692 0.36375158653846157 0.41888466346153846 0.2902408125 0.3795944230769231 0.25348542548076924 0.46577946875000004
0 0.34727503125 0.5215462620192308 0.40430925480769225 0.5506970865384615 0.4512040552884615 0.46577946875000004 0.3878326995192308 0.43662864423076925 0.34727503125 0.5215462620192308
0 0.42839036778846157 0.5722433485576923 0.4841571610576923 0.5988593173076923 0.5272496826923077 0.5164765504807692 0.471482889423077 0.4873257307692308 0.42839036778846157 0.5722433485576923
0 0.5069708485576924 0.6191381490384615 0.5665399254807693 0.6495564014423076 0.6070975937499999 0.5633713557692308 0.5525982259615385 0.5354879615384616 0.5069708485576924 0.6191381490384615
0 0.5931558942307692 0.6647655264423077 0.64512040625 0.6977186322115384 0.6907477812499999 0.6102661610576923 0.6362484134615385 0.5811153365384615 0.5931558942307692 0.6647655264423077
0 0.6552598245192307 0.5519645120192307 0.7034220552884616 0.5849176177884615 0.7579214182692307 0.50380228125 0.7046894807692308 0.47211660096153846 0.6552598245192307 0.5519645120192307
0 0.5703422067307693 0.50380228125 0.6248415697115385 0.5367553870192308 0.6755386562500001 0.45817490625 0.62230671875 0.4264892259615385 0.5703422067307693 0.50380228125
0 0.49429657692307694 0.4619771875 0.5462610889423076 0.4911280120192308 0.5956907451923077 0.4100126754807692 0.5424588076923077 0.37832699519230767 0.49429657692307694 0.4619771875
0 0.4119138173076923 0.4100126754807692 0.4613434735576923 0.44423320673076927 0.5158428389423076 0.35931558894230775 0.4638783293269231 0.32889733894230766 0.4119138173076923 0.4100126754807692
0 0.3105196442307693 0.3567807355769231 0.3827629927884616 0.39607097596153845 0.44106463942307694 0.3098859302884615 0.3662864375 0.2667934110576923 0.3105196442307693 0.3567807355769231
0 0.6869455 0 0.5779467692307693 0.17427123076923076 0.6311787067307691 0.20849176201923078 0.7566539927884615 0 0.6869455 0
0 0.6539923942307693 0.22243346153846152 0.7604562740384615 0.2896070985576923 0.9302915072115384 0.0006337139423076923 0.7858048173076924 0 0.6539923942307693 0.22243346153846152