0 0.5675749999999999 0.20649062499999998 0.5265625 0.2988109375 0.5265625 0.301709375 0.59599375 0.3400609375 0.5996015625 0.33995624999999996 0.6453125 0.2488046875 0.6453125 0.246271875 0.5675749999999999 0.20649062499999998
0 0.4753890625 0.40407812499999995 0.54014375 0.43281250000000004 0.5447562499999999 0.43281250000000004 0.5875 0.343659375 0.5875 0.341134375 0.5267953125 0.3110765625 0.4753890625 0.40407812499999995
0 0.43160937499999996 0.4909453125 0.4918765625 0.5140828125 0.49439218749999997 0.513878125 0.53125 0.43014843750000004 0.53125 0.4201125 0.480465625 0.3984375 0.47099375 0.3984375 0.43160937499999996 0.4909453125
0 0.3747921875 0.5738187499999999 0.43784687499999997 0.60625 0.441853125 0.60625 0.478125 0.5202234375 0.478125 0.5141359375 0.41953125 0.48394375 0.3747921875 0.5738187499999999
0 0.434228125 0.640765625 0.43435 0.6372609375 0.3466859375 0.585553125 0.30937499999999996 0.639053125 0.30937499999999996 0.6398703125 0.389196875 0.6875 0.406653125 0.6875 0.434228125 0.640765625
0 0.4375 0.7285781250000001 0.4375 0.7345421875 0.485371875 0.7654953125 0.5466078125 0.676925 0.5467875 0.67306875 0.49653437500000003 0.6453125 0.4909953125 0.6453125 0.4375 0.7285781250000001
0 0.54429375 0.5576828125 0.48750000000000004 0.63976875 0.48750000000000004 0.6409093749999999 0.5419140625 0.675 0.5472078125000001 0.675 0.6 0.5955265625 0.6 0.5920515625 0.54429375 0.5576828125
0 0.5473828125 0.5614312499999999 0.5975796875 0.5921875 0.608865625 0.5921875 0.6499999999999999 0.5194578125 0.6499999999999999 0.5111890625 0.59328125 0.47464999999999996 0.5473828125 0.5614312499999999
0 0.650784375 0.38125 0.59593125 0.47319375 0.59595 0.473628125 0.65309375 0.5056484375 0.6535796875 0.5056437500000001 0.7046874999999999 0.4198109375 0.7046874999999999 0.4161796875 0.6519234375 0.38125 0.650784375 0.38125
0 0.6978296875 0.2789453125 0.6414515624999999 0.374915625 0.6414656249999999 0.375234375 0.7142609375 0.415625 0.7239796875 0.415625 0.778125 0.3317953125 0.778125 0.3259828125 0.6978296875 0.2789453125
0 0.9363499999999999 0.5640625 0.84375 0.7127156250000001 0.84375 0.721875 0.8443343750000001 0.721875 0.9150781250000001 0.7181671875 0.9949812499999999 0.5942953125 0.9949906249999999 0.5940953125 0.945459375 0.5640625 0.9363499999999999 0.5640625
0 0.9984375000000001 0.7291671875 0.8355374999999999 0.6484375 0.823878125 0.6484375 0.7595625 0.7653312499999999 0.9984375000000001 0.8826125 0.9984375000000001 0.7291671875