0 0.7465145745192309 0.53422053125 0.6780735120192307 0.4949302932692307 0.6362484134615385 0.5811153365384615 0.7097591875 0.620405576923077 0.7465145745192309 0.53422053125
0 0.6527249687500001 0.47845373798076923 0.5956907451923077 0.44930291346153844 0.5487959447115385 0.53422053125 0.6121673004807693 0.5633713557692308 0.6527249687500001 0.47845373798076923
0 0.5716096322115385 0.4277566514423077 0.5158428389423076 0.40114068269230774 0.4727503173076923 0.48352344951923076 0.5285171105769231 0.5126742692307692 0.5716096322115385 0.4277566514423077
0 0.49302915144230763 0.3808618509615384 0.43346007451923074 0.3504435985576923 0.39290240625000006 0.43662864423076925 0.44740177403846154 0.4645120384615385 0.49302915144230763 0.3808618509615384
0 0.4068441057692308 0.3352344735576923 0.35487959375 0.30228136778846154 0.30925221875 0.3897338389423077 0.36375158653846157 0.41888466346153846 0.4068441057692308 0.3352344735576923
0 0.34474017548076924 0.44803548798076925 0.2965779447115385 0.4150823822115385 0.24207858173076924 0.49619771875 0.29531051923076923 0.5278833990384615 0.34474017548076924 0.44803548798076925
0 0.42965779326923076 0.49619771875 0.3751584302884616 0.4632446129807692 0.32446134375 0.54182509375 0.37769328125 0.5735107740384615 0.42965779326923076 0.49619771875
0 0.5057034230769231 0.5380228125 0.4537389110576923 0.5088719879807692 0.40430925480769225 0.5899873245192307 0.4575411923076923 0.6216730048076923 0.5057034230769231 0.5380228125
0 0.5880861826923077 0.5899873245192307 0.5386565264423078 0.5557667932692307 0.4841571610576923 0.6406844110576924 0.5361216706730769 0.6711026610576922 0.5880861826923077 0.5899873245192307
0 0.6894803557692307 0.6432192644230769 0.6172370072115385 0.6039290240384616 0.5589353605769231 0.6901140697115384 0.6337135625 0.7332065889423076 0.6894803557692307 0.6432192644230769
0 0.3130545 1 0.42205323076923074 0.8257287692307693 0.36882129326923074 0.7915082379807692 0.24334600721153846 1 0.3130545 1
0 0.3460076057692308 0.7775665384615384 0.23954372596153845 0.7103929014423076 0.06970849278846154 0.9993662860576923 0.2141951826923077 1 0.3460076057692308 0.7775665384615384