0 0.514084375 0.3301546875 0.5925281250000001 0.37008437499999997 0.5935640625 0.37002343750000005 0.6375 0.2722390625 0.6375 0.2685828125 0.558134375 0.23125 0.5529968749999999 0.23125 0.514084375 0.3301546875
0 0.45113125000000004 0.4124703125 0.5416593749999999 0.46562499999999996 0.54996875 0.46562499999999996 0.5796875 0.40205781249999994 0.5796875 0.39726562499999996 0.4844453125 0.3484515625 0.45113125000000004 0.4124703125
0 0.40312499999999996 0.5217125 0.40312499999999996 0.5314953124999999 0.461159375 0.554978125 0.514090625 0.458090625 0.5141640625 0.45652343749999996 0.45826406249999996 0.43125 0.45125156250000004 0.43125 0.40312499999999996 0.5217125
0 0.3453125 0.6201828125000001 0.4057453125 0.6473515625 0.4584078125 0.5453421875 0.4028640625 0.5203125 0.3969265625 0.5203125 0.3453125 0.6084890625 0.3453125 0.6201828125000001
0 0.2953375 0.7180140625 0.34978593750000003 0.7484375000000001 0.36058125 0.7484375000000001 0.40312499999999996 0.6642390625 0.40312499999999996 0.6572296875 0.34573906249999997 0.6195859375 0.2953375 0.7180140625
0 0.47321250000000004 0.6937500000000001 0.41718750000000004 0.7754375 0.41718750000000004 0.7904765625000001 0.460446875 0.8202265625 0.4630765625 0.8201343750000001 0.5314859375000001 0.7272140625 0.5315640625 0.7262609375 0.47636093749999997 0.6937500000000001 0.47321250000000004 0.6937500000000001
0 0.528475 0.7250000000000001 0.588090625 0.637996875 0.5881296874999999 0.636871875 0.529778125 0.60070625 0.52876875 0.6006953125 0.46875 0.6849171875 0.46875 0.6892906249999999 0.52546875 0.7250000000000001 0.528475 0.7250000000000001
0 0.5805984375000001 0.510290625 0.525 0.6012890625 0.525 0.6062390625 0.5755046875000001 0.6359375 0.5833515625 0.6359375 0.6390625000000001 0.549609375 0.6390625000000001 0.5467421875 0.5805984375000001 0.510290625
0 0.584928125 0.5119671875 0.6410453125 0.5453125 0.6482078125 0.5453125 0.6953125 0.4659390625 0.6953125 0.4540046875 0.6415609375 0.41673125 0.584928125 0.5119671875
0 0.6936656250000001 0.30625 0.6265624999999999 0.3975765625 0.6265624999999999 0.4083890625 0.701421875 0.452278125 0.7040890625 0.45224687500000005 0.7722328125 0.3518734375 0.772409375 0.34912499999999996 0.69465625 0.30625 0.6936656250000001 0.30625
0 0.9378312500000001 0.765625 0.996875 0.6657015625 0.996875 0.656390625 0.9376828125000001 0.6160546875 0.85311875 0.765625 0.9378312500000001 0.765625
0 0.99545 0.8187859375000001 0.996565625 0.7974828125000001 0.8878015625 0.7179859375 0.7406250000000001 0.9376640624999999 0.7406250000000001 0.9546874999999999 0.903671875 0.9546874999999999 0.99545 0.8187859375000001