0 0.6140625 0.2902265625 0.5279140625 0.253346875 0.4859375 0.3218515625 0.4859375 0.32494531249999997 0.5690999999999999 0.365625 0.572409375 0.365625 0.613953125 0.293178125 0.6140625 0.2905046875 0.6140625 0.2902265625
0 0.4697734375 0.35262656249999996 0.4390625 0.40390937499999996 0.4390625 0.41196875 0.51125625 0.45781249999999996 0.5228046875 0.45781249999999996 0.554503125 0.39959843749999996 0.4697734375 0.35262656249999996
0 0.399621875 0.512475 0.4577421875 0.537909375 0.458575 0.5378468750000001 0.49531250000000004 0.456103125 0.49531250000000004 0.445596875 0.45095 0.428125 0.4387546875 0.428125 0.399621875 0.512475
0 0.343053125 0.5761875 0.43283124999999995 0.6153640625 0.43594374999999996 0.6153109375 0.4546875 0.57133125 0.4546875 0.5572453125 0.369434375 0.51415 0.343053125 0.5761875
0 0.298440625 0.6848078125 0.353015625 0.711925 0.35559218750000005 0.7118359375 0.39531249999999996 0.6315296874999999 0.39531249999999996 0.623121875 0.345934375 0.59375 0.3440578125 0.59375 0.298440625 0.6848078125
0 0.45975 0.6645796875 0.4078125 0.7428546875 0.4078125 0.7472390625 0.450425 0.778125 0.45643125 0.778125 0.5125 0.7000375 0.5125 0.6978984375 0.45975 0.6645796875
0 0.45754062500000003 0.6591406249999999 0.5106140625 0.6903140625 0.513496875 0.690296875 0.5640625 0.6141125 0.5640625 0.6103375 0.5100796875 0.578125 0.50914375 0.578125 0.45754062500000003 0.6591406249999999
0 0.6088234375 0.5375578125 0.60899375 0.534625 0.5572171874999999 0.4992609375 0.50625 0.5766828125 0.50625 0.5848640625 0.5441812500000001 0.609375 0.5589296874999999 0.609375 0.6088234375 0.5375578125
0 0.561046875 0.4986046875 0.6162171875 0.525390625 0.6168578124999999 0.5253390625000001 0.6609375 0.444884375 0.6609375 0.43515468749999997 0.619521875 0.41093749999999996 0.609171875 0.41093749999999996 0.561046875 0.4986046875
0 0.7305578125000001 0.363603125 0.7306296875 0.36222968749999995 0.65641875 0.3150140625 0.5984375 0.3991015625 0.5984375 0.4082375 0.6600484375 0.4453125 0.6693125000000001 0.4453125 0.7305578125000001 0.363603125
0 0.9133265625 0.5810171875 0.821065625 0.7456406250000001 0.8211062499999999 0.7461046875 0.8712828125 0.7796875000000001 0.881665625 0.7796875000000001 0.984375 0.58769375 0.984375 0.5855703125 0.9133265625 0.5810171875
0 0.7078125 0.7787437500000001 0.9835953125000001 0.9244171875 0.991434375 0.7748375000000001 0.786678125 0.6656249999999999 0.7751953125 0.6656249999999999 0.7078125 0.76894375 0.7078125 0.7787437500000001