0 0.6216730048076923 0.1596958173076923 0.5266159687499999 0.18124207692307692 0.5354879615384616 0.2256020264423077 0.6280101418269232 0.20785804567307692 0.6216730048076923 0.1596958173076923
0 0.7129277572115384 0.11533586778846153 0.6774397956730769 0.20912547596153847 0.7306717379807692 0.22686945432692307 0.7598225576923077 0.1292775673076923 0.7129277572115384 0.11533586778846153
0 0.7585551322115385 0.26235741346153846 0.7243346009615385 0.3536121682692308 0.77122940625 0.37896071153846156 0.8092522187500001 0.2839036754807692 0.7585551322115385 0.26235741346153846
0 0.8168567812499999 0.4106463870192308 0.7750316875000001 0.4955640048076923 0.8257287692307693 0.5259822572115385 0.8650190120192308 0.4347275048076923 0.8168567812499999 0.4106463870192308
0 0.8751584302884615 0.5627376442307692 0.8409378942307693 0.6527249687500001 0.8954372620192307 0.6780735120192307 0.9258555120192308 0.5804816201923078 0.8751584302884615 0.5627376442307692
0 0.8688212932692309 0.7300380240384615 0.8269961995192308 0.8238276298076923 0.8827629927884615 0.8453738918269231 0.9157160985576923 0.7490494302884615 0.8688212932692309 0.7300380240384615
0 0.7801013942307692 1 0.7991128004807693 0.9214195192307693 0.7496831442307692 0.9049429639423077 0.7192648918269231 1 0.7801013942307692 1
0 0.6470215456730769 0.6780735120192307 0.6229404302884615 0.6020278822115385 0.5088719879807692 0.6362484134615385 0.5354879615384616 0.7148288990384616 0.6470215456730769 0.6780735120192307
0 0.4949302932692307 0.6007604567307692 0.6064638798076923 0.5602027884615385 0.5785804807692307 0.4841571610576923 0.4683143197115385 0.5259822572115385 0.4949302932692307 0.6007604567307692
0 0.5621039302884616 0.4448669206730769 0.54942965625 0.37135614903846154 0.43155893269230766 0.40557668028846156 0.4594423317307692 0.48288973317307693 0.5621039302884616 0.4448669206730769
0 0.41634980769230767 0.3662864375 0.53041825 0.3295310504807692 0.5012674254807693 0.25348542548076924 0.38846641346153843 0.2902408125 0.41634980769230767 0.3662864375