0 0.792141954326923 0.37198985817307695 0.7743979735576924 0.4645120384615385 0.8187579230769231 0.47338403125000006 0.8403041826923077 0.37832699519230767 0.792141954326923 0.37198985817307695
0 0.8707224326923076 0.2401774423076923 0.7731305456730768 0.26932826201923077 0.7908745240384616 0.32256020432692306 0.8846641322115385 0.28707224278846155 0.8707224326923076 0.2401774423076923
0 0.7160963245192308 0.19074778125 0.6210392884615386 0.22877059375 0.6463878317307692 0.27566539903846154 0.7376425865384615 0.24144486778846153 0.7160963245192308 0.19074778125
0 0.5652724951923077 0.13498098798076924 0.47401774278846154 0.17427123076923076 0.5044359951923076 0.2249683125 0.5893536129807692 0.18314321875 0.5652724951923077 0.13498098798076924
0 0.4195183798076923 0.07414448798076924 0.32192648798076917 0.10456273798076923 0.34727503125 0.15906210576923077 0.4372623557692308 0.12484156971153845 0.4195183798076923 0.07414448798076924
0 0.25095056971153845 0.0842839014423077 0.15462610817307693 0.11723700721153846 0.1761723701923077 0.17300380048076924 0.2699619759615385 0.13117870673076923 0.25095056971153845 0.0842839014423077
0 0 0.2807351081730769 0.0950570360576923 0.25031685576923074 0.07858048076923077 0.20088719951923076 0 0.21989860576923076 0 0.2807351081730769
0 0.28517110096153847 0.4645120384615385 0.36375158653846157 0.4911280120192308 0.39797211778846153 0.3770595697115385 0.32192648798076917 0.35297845432692304 0.28517110096153847 0.4645120384615385
0 0.47401774278846154 0.5316856802884615 0.5158428389423076 0.4214195192307692 0.4397972115384615 0.3935361201923077 0.3992395432692308 0.5050697067307692 0.47401774278846154 0.5316856802884615
0 0.5171102668269231 0.5405576682692308 0.5944233197115385 0.5684410673076923 0.6286438509615385 0.45057034375 0.5551330793269231 0.43789606971153844 0.5171102668269231 0.5405576682692308
0 0.7097591875 0.6115335865384616 0.7465145745192309 0.49873257451923075 0.6704689495192308 0.46958175 0.6337135625 0.5836501923076923 0.7097591875 0.6115335865384616