0 0.55415 0.1334078125 0.579359375 0.228884375 0.588540625 0.2285109375 0.6203125 0.22080781249999998 0.6203125 0.19781875 0.60403125 0.1265625 0.5936921875000001 0.1265625 0.55415 0.1334078125
0 0.788646875 0.1544140625 0.7888203125 0.151446875 0.6907156249999999 0.1146421875 0.675 0.157928125 0.675 0.162728125 0.7494890624999999 0.19687500000000002 0.7716234375 0.19687500000000002 0.788646875 0.1544140625
0 0.726703125 0.319096875 0.8055578125 0.353125 0.8262999999999999 0.353125 0.8421875000000001 0.322075 0.8421875000000001 0.31177968749999996 0.7465078125000001 0.26818906249999996 0.726703125 0.319096875
0 0.809684375 0.41736093750000003 0.778125 0.467003125 0.778125 0.4697640625 0.8585453125 0.50625 0.8725015625 0.50625 0.8960859375 0.46206562500000004 0.809684375 0.41736093750000003
0 0.8650515624999999 0.6534484374999999 0.9129609375 0.6765625 0.92390625 0.6765625 0.9468749999999999 0.5887828125 0.9468749999999999 0.5807078125 0.8955078125 0.5615859375000001 0.8650515624999999 0.6534484374999999
0 0.9484531250000001 0.80040625 0.9485640624999999 0.7976625 0.8544343750000001 0.7487640625 0.83125 0.8017000000000001 0.83125 0.8054828125 0.908975 0.8374999999999999 0.9314625000000001 0.8374999999999999 0.9484531250000001 0.80040625
0 0.81399375 0.9934703125000001 0.8189859375 0.9323109374999999 0.7515328125 0.9172640624999999 0.734375 0.9589328125 0.734375 0.9699078125 0.8118734375 0.9935203125 0.81399375 0.9934703125000001
0 0.6205734374999999 0.6015625 0.5171875 0.6361859375 0.5171875 0.6424609375 0.5381203125 0.716065625 0.5403828125 0.7159734375 0.6549375000000001 0.6743531249999999 0.6550796875 0.6719187499999999 0.6366609375000001 0.6015625 0.6205734374999999 0.6015625
0 0.4863328125 0.49706875 0.52775625 0.6087390625 0.53145 0.608653125 0.6051453125 0.580821875 0.6051656249999999 0.57913125 0.5654250000000001 0.4671875 0.5632890625 0.4671875 0.4863328125 0.49706875
0 0.4486609375 0.36639531249999996 0.4894796875 0.487146875 0.491046875 0.48712812499999997 0.5625 0.46007343749999996 0.5625 0.4445265625 0.5242249999999999 0.353125 0.52018125 0.353125 0.4486609375 0.36639531249999996
0 0.51865625 0.352309375 0.51875625 0.3498734375 0.4862265625 0.23148125 0.4078125 0.2552265625 0.4078125 0.2603375 0.4384109375 0.37031250000000004 0.45584062500000005 0.37031250000000004 0.51865625 0.352309375