0 0.5771546875 0.182603125 0.563459375 0.08829218750000001 0.5099890625 0.095284375 0.5285671875 0.1984375 0.53765 0.1984375 0.5767781249999999 0.19068437500000002 0.5771546875 0.182603125
0 0.6957687499999999 0.058225 0.65625 0.1463734375 0.65625 0.1640640625 0.7020296875 0.1796875 0.7073343750000001 0.1796875 0.7464390624999999 0.07360781250000001 0.6957687499999999 0.058225
0 0.745121875 0.22031250000000002 0.7078125 0.303275 0.7078125 0.3261703125 0.7464640625 0.34502499999999997 0.749278125 0.3448125 0.7995109374999999 0.23864375000000002 0.7995718749999999 0.237946875 0.7509515625 0.22031250000000002 0.745121875 0.22031250000000002
0 0.7520140625 0.45072812500000003 0.842759375 0.49531250000000004 0.84826875 0.49531250000000004 0.875 0.44865468750000004 0.875 0.43995625000000005 0.7770406249999999 0.3977390625 0.7520140625 0.45072812500000003
0 0.821109375 0.624903125 0.9034640625 0.6609375 0.9241703125 0.6609375 0.9468749999999999 0.6128453125 0.9468749999999999 0.60943125 0.8403640625000001 0.5701015625 0.821109375 0.624903125
0 0.8283765625 0.75 0.8062499999999999 0.801675 0.8062499999999999 0.8033 0.9056484375 0.841265625 0.9078921875 0.841109375 0.9328125 0.7803578125 0.9328125 0.7786109375 0.828953125 0.75 0.8283765625 0.75
0 0.73581875 0.9253203125 0.7171875000000001 0.976925 0.7171875000000001 0.980428125 0.7750453125000001 0.9984375000000001 0.78551875 0.9984375000000001 0.7872984375 0.937259375 0.73581875 0.9253203125
0 0.48711875 0.611328125 0.5364640625 0.7309718749999999 0.5410890625 0.7307296875 0.6078125 0.7054984375 0.6078125 0.6722609375 0.573065625 0.58125 0.5620484375 0.58125 0.48711875 0.611328125
0 0.5588437500000001 0.57806875 0.5590625 0.5743171875 0.5210546875 0.4551546875 0.4375 0.4828609375 0.4375 0.485290625 0.4737328125 0.6046875 0.4809921875 0.6046875 0.5588437500000001 0.57806875
0 0.45957812500000006 0.3296875 0.39531249999999996 0.34473437500000004 0.39531249999999996 0.34628281250000004 0.4249109375 0.4714484375 0.428071875 0.4712453125 0.5117484375 0.43643593750000004 0.5118359375 0.4349203125 0.47819218750000003 0.3296875 0.45957812500000006 0.3296875
0 0.46278125 0.21359687500000002 0.3375 0.25015 0.3375 0.25475781249999996 0.3617703125 0.33281249999999996 0.37132656249999996 0.33281249999999996 0.49055000000000004 0.2984453125 0.46278125 0.21359687500000002