0 0.5990578125 0.1306828125 0.5945140624999999 0.1303109375 0.548078125 0.13265625 0.5783953125 0.23281249999999998 0.6052125 0.23281249999999998 0.6171875 0.23137187499999998 0.6171875 0.198028125 0.5990578125 0.1306828125
0 0.7655828124999999 0.19694375 0.768715625 0.196834375 0.7903015624999999 0.141065625 0.790340625 0.14040468749999999 0.68825 0.1129984375 0.6734374999999999 0.1550953125 0.6734374999999999 0.16458281249999998 0.7655828124999999 0.19694375
0 0.7260515624999999 0.3254265625 0.8227031250000001 0.354159375 0.8265 0.35389375 0.846875 0.30896250000000003 0.846875 0.3023734375 0.747025 0.2703125 0.74505625 0.2703125 0.7260515624999999 0.3254265625
0 0.8055078125 0.42656249999999996 0.7796875000000001 0.4723203125 0.7796875000000001 0.47944687500000005 0.8623390625 0.5182359375 0.8641796875 0.5181609375 0.8984171875 0.46625625000000004 0.8986765624999999 0.46284375 0.8086390625 0.42656249999999996 0.8055078125 0.42656249999999996
0 0.96776875 0.6239140625 0.9678125000000001 0.6234140625000001 0.8667515625 0.5916359375 0.846875 0.6371609374999999 0.846875 0.6472874999999999 0.930521875 0.6796875 0.9370328125 0.6796875 0.96776875 0.6239140625
0 0.8563890625 0.8538296875 0.9103484374999999 0.875 0.9183796875 0.875 0.9437500000000001 0.7803078125 0.9437500000000001 0.7752140625 0.893421875 0.7545656249999999 0.8563890625 0.8538296875
0 0.815103125 0.996875 0.8171875 0.9835734374999999 0.8171875 0.960225 0.7663765625000001 0.9408921875 0.7531125000000001 0.996875 0.815103125 0.996875
0 0.510640625 0.653615625 0.539575 0.734375 0.5478390625 0.734375 0.65625 0.6965390625 0.65625 0.6881312500000001 0.6318890625000001 0.6156250000000001 0.629684375 0.6156250000000001 0.510640625 0.653615625
0 0.46562499999999996 0.5359484375 0.46562499999999996 0.536271875 0.4920296875 0.612665625 0.49658125 0.6124015625 0.61225 0.5639109375 0.5861 0.490625 0.5698953125 0.490625 0.46562499999999996 0.5359484375
0 0.5496703125 0.4974328125 0.5499765624999999 0.48994843749999994 0.5203765625 0.3685375 0.4375 0.39132656250000003 0.4375 0.39405781250000005 0.471396875 0.5 0.5211984375 0.5 0.5496703125 0.4974328125
0 0.43216249999999995 0.37968749999999996 0.504884375 0.356403125 0.5052453125 0.35226875 0.4774765625 0.2337765625 0.477040625 0.23375312499999998 0.39531249999999996 0.2586390625 0.39531249999999996 0.265996875 0.42155625 0.37968749999999996 0.43216249999999995 0.37968749999999996