0 0.2995 0.310571875 0.303359375 0.34687500000000004 0.30847031249999995 0.34687500000000004 0.5625 0.3200046875 0.5625 0.304803125 0.5604640625 0.2875703125 0.2995 0.310571875
0 0.305340625 0.37667187500000004 0.31116875 0.41397343750000004 0.3155796875 0.41366562500000004 0.575 0.3566875 0.575 0.34470625 0.5747718749999999 0.34375 0.4773234375 0.34375 0.305340625 0.37667187500000004
0 0.4396890625 0.31431718750000004 0.43722500000000003 0.314159375 0.4120359375 0.31534062500000004 0.4317671875 0.578125 0.470865625 0.578125 0.47101875000000004 0.571571875 0.4396890625 0.31431718750000004
0 0.419084375 0.38383437499999995 0.4535828125 0.6421874999999999 0.484678125 0.6421874999999999 0.48472343749999997 0.63966875 0.46201875000000003 0.38148750000000003 0.419084375 0.38383437499999995
0 0.5890625 0.5643546875 0.3203125 0.5698671875 0.3203125 0.5911234375000001 0.3219765625 0.6125 0.3320171875 0.6125 0.5863953125 0.5932937500000001 0.58833125 0.576784375 0.5890625 0.5653671874999999 0.5890625 0.5643546875
0 0.3570140625 0.671875 0.5953125 0.6532859375 0.5953125 0.6222203125000001 0.3343359375 0.63758125 0.3410375 0.671875 0.3570140625 0.671875
0 0.44177500000000003 0.5779140625 0.47843125 0.8400078124999999 0.481771875 0.8398140624999999 0.5046875 0.834659375 0.5046875 0.821834375 0.47720625 0.5703125 0.46935468750000003 0.5703125 0.44177500000000003 0.5779140625
0 0.3462703125 0.7676640625 0.3535125 0.8015625 0.38023124999999997 0.8015625 0.6125 0.7755546874999999 0.6125 0.7670437499999999 0.6078218750000001 0.7431609375 0.3462703125 0.7676640625
0 0.51905625 0.9575015625 0.49791874999999997 0.7063875 0.4580203125 0.7155703125 0.49017812499999996 0.965625 0.496290625 0.965625 0.519003125 0.9620453125 0.51905625 0.9575015625
0 0.7803375 0.5059234375 0.8197796875 0.8031250000000001 0.9156249999999999 0.8031250000000001 0.9156249999999999 0.7042062499999999 0.8877640625 0.5134359374999999 0.7803375 0.5059234375
0 0.847828125 0.9625374999999999 0.9265625 0.9556484375000001 0.9265625 0.8322296875 0.8962078125 0.6828125 0.8587437499999999 0.6828125 0.7917015625 0.7007671875000001 0.847828125 0.9625374999999999