0 0.441628125 0.2124578125 0.4695921875 0.4292484375 0.4820234375 0.42895937500000003 0.49687499999999996 0.427375 0.49687499999999996 0.40318906250000003 0.46845312499999997 0.20937499999999998 0.46763125000000005 0.20937499999999998 0.441628125 0.2124578125
0 0.4480828125 0.26580312500000003 0.4988984375 0.48750000000000004 0.503125 0.48750000000000004 0.503125 0.37906249999999997 0.47970624999999995 0.2629 0.4480828125 0.26580312500000003
0 0.4989859375 0.530165625 0.476853125 0.3202890625 0.45375624999999997 0.32284375 0.466315625 0.5390625 0.496953125 0.5390625 0.49863124999999997 0.5388703125000001 0.4989859375 0.530165625
0 0.4939859375 0.375 0.46119374999999996 0.37968749999999996 0.4613515625 0.3823984375 0.506515625 0.596034375 0.5116328125 0.59585625 0.51875 0.5941640625 0.51875 0.5107359375 0.4963890625 0.375 0.4939859375 0.375
0 0.493 0.4315546875 0.4609375 0.4342390625 0.4609375 0.4466203125 0.47774062500000003 0.653125 0.501934375 0.653125 0.496103125 0.4317359375 0.493 0.4315546875
0 0.60779375 0.5931828125 0.6083359374999999 0.5847328125 0.6077171875 0.567525 0.3890625 0.5916484375000001 0.3890625 0.60396875 0.39085781249999996 0.6203125 0.39764531249999996 0.6203125 0.60779375 0.5931828125
0 0.3917390625 0.6472593750000001 0.3978234375 0.675 0.436115625 0.675 0.6171875 0.664653125 0.6171875 0.6532453125 0.61514375 0.6412359375 0.3917390625 0.6472593750000001
0 0.3991296875 0.700221875 0.40501093750000006 0.7296875 0.435940625 0.7296875 0.622653125 0.7196859375 0.6176999999999999 0.692503125 0.3991296875 0.700221875
0 0.493103125 0.6525703125 0.51724375 0.8646359375 0.5180921875 0.864590625 0.5453125 0.8568515624999999 0.5453125 0.8237515625 0.5174609375 0.6484375 0.5126984375 0.6484375 0.493103125 0.6525703125
0 0.8161124999999999 0.44999999999999996 0.7875328125000001 0.45383906250000006 0.836709375 0.7546875 0.8372171875000001 0.7546875 0.841875 0.7544703125 0.9046875000000001 0.7444890625 0.9046875000000001 0.60884375 0.8765421875 0.44999999999999996 0.8161124999999999 0.44999999999999996
0 1 0.6954453125 0.7091640625 0.7183375 0.7247921875000001 0.8046875 0.7376859375 0.8046875 1 0.7811687500000001 1 0.6954453125