0 0.5820609375 0.3243828125 0.5823875000000001 0.316378125 0.5813078125 0.296546875 0.35468750000000004 0.320303125 0.35468750000000004 0.321446875 0.3559015625 0.35 0.37242343749999995 0.35 0.5820609375 0.3243828125
0 0.590625 0.3720046875 0.588034375 0.3528828125 0.3578125 0.3764671875 0.3578125 0.3953828125 0.35841875 0.40625 0.38453750000000003 0.40625 0.5902359375 0.37953437500000003 0.590625 0.373475 0.590625 0.3720046875
0 0.36467031250000004 0.4307890625 0.3675578125 0.4639640625 0.37329687500000003 0.4635296875 0.5921875 0.41514687499999997 0.5921875 0.4078125 0.4966390625 0.4078125 0.36467031250000004 0.4307890625
0 0.4590390625 0.38314218749999995 0.4732921875 0.60625 0.4992703125 0.60625 0.5002171875 0.5954296875 0.496315625 0.38176875 0.4590390625 0.38314218749999995
0 0.3905859375 0.5796875 0.603125 0.5460046875 0.603125 0.5209453125 0.37361875 0.5444734375 0.37946875 0.5796875 0.3905859375 0.5796875
0 0.5101546874999999 0.7117234375 0.502465625 0.4925640625 0.501971875 0.49253281250000003 0.47187500000000004 0.49579531250000003 0.47187500000000004 0.49855468750000004 0.48367031250000003 0.7171875000000001 0.509740625 0.7171875000000001 0.5101546874999999 0.7117234375
0 0.50885625 0.7789281250000001 0.5296875 0.7752140625 0.5296875 0.7479328125 0.5075375 0.5441703125 0.4772015625 0.55111875 0.50885625 0.7789281250000001
0 0.5598640625 0.690625 0.39531249999999996 0.7144906249999999 0.39531249999999996 0.7203953125000001 0.3989140625 0.7451484374999999 0.4060265625 0.744859375 0.6244828125 0.709253125 0.6246703124999999 0.7063171874999999 0.622671875 0.690625 0.5598640625 0.690625
0 0.5262718750000001 0.6634203125 0.4921875 0.669690625 0.4921875 0.6716453125 0.5205984375 0.8843749999999999 0.5455921875 0.8843749999999999 0.5456203125 0.8793953124999999 0.5262718750000001 0.6634203125
0 0.7016843749999999 0.5828703125 0.7159375 0.6759453124999999 0.7263875000000001 0.675153125 0.9984375000000001 0.62538125 0.9984375000000001 0.5546875 0.8682046875 0.5546875 0.7016843749999999 0.5828703125
0 0.8309296875 0.903125 0.91875 0.903125 0.91875 0.8962890625 0.8856109375 0.6187499999999999 0.8826515625 0.6187499999999999 0.7958609375 0.634065625 0.8309296875 0.903125