0 0.31558935576923075 0.6432192644230769 0.3460076057692308 0.6406844110576924 0.31558935576923075 0.4239543701923077 0.28897338221153845 0.4264892259615385 0.31558935576923075 0.6432192644230769
0 0.34347275 0.41888466346153846 0.37008871875 0.6394169855769231 0.4017743990384615 0.635614704326923 0.36882129326923074 0.41381495673076923 0.34347275 0.41888466346153846
0 0.4005069735576923 0.4150823822115385 0.42205323076923074 0.6330798485576923 0.4550063365384615 0.6292775673076924 0.4233206610576923 0.41254752644230763 0.4005069735576923 0.4150823822115385
0 0.4537389110576923 0.4087452451923077 0.4765525985576923 0.624207858173077 0.5120405576923077 0.6204055793269231 0.47908745432692307 0.4036755384615385 0.4537389110576923 0.4087452451923077
0 0.5082382764423077 0.4024081129807692 0.5310519639423077 0.6254752860576923 0.5665399254807693 0.6204055793269231 0.5323193894230769 0.4036755384615385 0.5082382764423077 0.4024081129807692
0 0.5627376442307692 0.3973384014423077 0.5868187572115384 0.6140684423076923 0.6159695817307692 0.6089987355769231 0.5880861826923077 0.3948035456730769 0.5627376442307692 0.3973384014423077
0 0.6172370072115385 0.3897338389423077 0.641318125 0.6115335865384616 0.6704689495192308 0.6051964519230769 0.6400506947115385 0.3859315576923077 0.6172370072115385 0.3897338389423077
0 0.671736375 0.3871989855769231 0.6945500625 0.6039290240384616 0.7249683124999999 0.5975918870192308 0.69835234375 0.3821292764423077 0.671736375 0.3871989855769231
0 0.7249683124999999 0.38466413221153845 0.7541191370192308 0.5925221802884615 0.7782002548076924 0.5887198990384616 0.7579214182692307 0.3770595697115385 0.7249683124999999 0.38466413221153845
0 0.5678073509615384 0.31115335817307693 0.6590621057692307 0.3010139423076923 0.6273764254807692 0.003168567307692308 0.539923951923077 0.010773129807692306 0.5678073509615384 0.31115335817307693
0 0.6768060817307693 0 0.7122940432692307 0.2972116610576923 0.7984790865384616 0.2820025360576923 0.7617236995192307 0 0.6768060817307693 0