0 0.523334375 0.326665625 0.45333437499999996 0.363334375 0.456665625 0.373334375 0.5266656249999999 0.33666562499999997 0.523334375 0.326665625
0 0.43 0.13666562499999999 0.36 0.173334375 0.363334375 0.183334375 0.433334375 0.146665625 0.43 0.13666562499999999
0 1 0.666665625 0.72 0.806665625 0.7233343750000001 0.8200000000000001 1 0.683334375 1 0.666665625
0 0.563334375 0.406665625 0.516665625 0.43 0.52 0.44 0.566665625 0.416665625 0.563334375 0.406665625
0 0.396665625 0.29 0.326665625 0.326665625 0.33 0.33666562499999997 0.4 0.3 0.396665625 0.29
0 0.44 0.37 0.37 0.406665625 0.373334375 0.416665625 0.443334375 0.38 0.44 0.37
0 0.39 0.060000000000000005 0.32 0.09666562499999999 0.323334375 0.106665625 0.393334375 0.07 0.39 0.060000000000000005
0 0.343334375 0.18 0.273334375 0.21666562500000003 0.276665625 0.226665625 0.346665625 0.19 0.343334375 0.18
0 0.263334375 0.013334375 0.193334375 0.05 0.196665625 0.060000000000000005 0.266665625 0.023334375 0.263334375 0.013334375
0 0.29333437500000004 0 0.28 0.006665625 0.28333437499999997 0.016665625 0.31333437500000005 0 0.29333437500000004 0
0 0.48000000000000004 0.44999999999999996 0.433334375 0.47333437500000003 0.43666562499999995 0.48333437500000004 0.48333437500000004 0.46 0.48000000000000004 0.44999999999999996
0 1 0.8 0.773334375 0.916665625 0.7766656249999999 0.926665625 1 0.813334375 1 0.8
0 0.303334375 0.10333437499999999 0.23333437499999998 0.14 0.236665625 0.15 0.306665625 0.113334375 0.303334375 0.10333437499999999
0 0.48333437500000004 0.25 0.41333437500000003 0.286665625 0.416665625 0.296665625 0.486665625 0.26 0.48333437500000004 0.25