0 0.5433343749999999 0.626665625 0.47333437500000003 0.6633343749999999 0.476665625 0.673334375 0.546665625 0.6366656249999999 0.5433343749999999 0.626665625
0 0.6366656249999999 0.816665625 0.566665625 0.853334375 0.5700000000000001 0.8633343750000001 0.64 0.826665625 0.6366656249999999 0.816665625
0 0 0.333334375 0.28 0.193334375 0.276665625 0.18 0 0.316665625 0 0.333334375
0 0.48000000000000004 0.56 0.433334375 0.583334375 0.43666562499999995 0.593334375 0.48333437500000004 0.5700000000000001 0.48000000000000004 0.56
0 0.67 0.6633343749999999 0.6 0.7 0.603334375 0.7100000000000001 0.673334375 0.673334375 0.67 0.6633343749999999
0 0.626665625 0.583334375 0.556665625 0.62 0.56 0.63 0.63 0.593334375 0.626665625 0.583334375
0 0.676665625 0.893334375 0.606665625 0.9299999999999999 0.61 0.9400000000000001 0.6799999999999999 0.903334375 0.676665625 0.893334375
0 0.7233343750000001 0.773334375 0.653334375 0.8099999999999999 0.656665625 0.8200000000000001 0.726665625 0.783334375 0.7233343750000001 0.773334375
0 0.8033343749999999 0.9400000000000001 0.733334375 0.976665625 0.736665625 0.986665625 0.806665625 0.95 0.8033343749999999 0.9400000000000001
0 0.706665625 1 0.72 0.993334375 0.716665625 0.983334375 0.686665625 1 0.706665625 1
0 0.563334375 0.516665625 0.516665625 0.5399999999999999 0.52 0.55 0.566665625 0.5266656249999999 0.563334375 0.516665625
0 0 0.2 0.226665625 0.08333437499999999 0.223334375 0.07333437500000001 0 0.186665625 0 0.2
0 0.763334375 0.8500000000000001 0.693334375 0.8866656249999999 0.6966656250000001 0.896665625 0.766665625 0.86 0.763334375 0.8500000000000001
0 0.583334375 0.7033343750000001 0.513334375 0.74 0.516665625 0.75 0.586665625 0.713334375 0.583334375 0.7033343750000001