0 0.3176971153846154 0.020843749999999998 0.3184158653846154 0.07717548076923077 0.5054591346153846 0.04955288461538462 0.49948557692307693 0 0.3176971153846154 0.020843749999999998
0 0.32459134615384616 0.11544471153846153 0.3323149038461538 0.16920913461538462 0.520954326923077 0.14614182692307692 0.5162163461538462 0.09233653846153846 0.32459134615384616 0.11544471153846153
0 0.3314206730769231 0.20983894230769232 0.3412235576923077 0.2626057692307692 0.5148389423076923 0.24097355769230772 0.5134278846153847 0.18701682692307695 0.3314206730769231 0.20983894230769232
0 0.3483197115384616 0.30929567307692307 0.3472692307692308 0.3556105769230769 0.522670673076923 0.34003365384615386 0.5190048076923077 0.28743509615384616 0.3483197115384616 0.30929567307692307
0 0.3509278846153846 0.40049038461538466 0.35478846153846155 0.44853125 0.5264110576923077 0.4282596153846154 0.5231874999999999 0.3735072115384615 0.3509278846153846 0.40049038461538466
0 0.3573028846153846 0.4765673076923077 0.36021394230769227 0.5333581730769231 0.5389447115384616 0.5192692307692307 0.5361225961538462 0.46524759615384614 0.3573028846153846 0.4765673076923077
0 0.07325721153846154 0.5054975961538462 0.001048076923076923 0.5181826923076923 0 0.5689182692307692 0.07099038461538462 0.5629302884615385 0.07325721153846154 0.5054975961538462
0 0 0.44653125 0.0029615384615384616 0.4817355769230769 0.06872355769230769 0.4764831730769231 0.0661514423076923 0.4211298076923077 0 0.4298701923076923 0 0.44653125
0 0.04986538461538462 0.3261081730769231 0.0020913461538461537 0.3371971153846154 0.0018004807692307693 0.38261057692307693 0.051646634615384615 0.38236778846153846 0.04986538461538462 0.3261081730769231
0 0.041499999999999995 0.23285576923076923 0.0008942307692307692 0.2383269230769231 0.0029615384615384616 0.2894567307692308 0.04784375 0.28497596153846155 0.041499999999999995 0.23285576923076923
0 0 0.19630048076923076 0.03423317307692308 0.19481490384615385 0.03371634615384615 0.14487740384615383 0 0.14890865384615384 0 0.19630048076923076