0 0.86453125 0.6533677884615384 0.9457524038461538 0.6501730769230769 0.9393317307692308 0.5138894230769231 0.8516538461538462 0.5172836538461538 0.86453125 0.6533677884615384
0 0.7449350961538461 0.6483798076923077 0.8272019230769231 0.6482379807692307 0.8195576923076923 0.5116346153846154 0.7289447115384615 0.5144134615384616 0.7449350961538461 0.6483798076923077
0 0.6362884615384616 0.6542235576923077 0.7242451923076924 0.6501730769230769 0.7125168269230768 0.5150024038461539 0.6210432692307692 0.5157067307692308 0.6362884615384616 0.6542235576923077
0 0.51925 0.6554711538461538 0.6009879807692308 0.6501730769230769 0.5976538461538461 0.5164182692307693 0.5055000000000001 0.5171586538461539 0.51925 0.6554711538461538
0 0.4101682692307692 0.6599567307692307 0.49559375 0.6588533653846155 0.4891778846153846 0.5225673076923077 0.3966538461538462 0.5206514423076923 0.4101682692307692 0.6599567307692307
0 0.30128605769230765 0.6591490384615385 0.3848389423076923 0.6588533653846155 0.3800240384615385 0.5258461538461539 0.2884567307692308 0.5288846153846154 0.30128605769230765 0.6591490384615385
0 0.18375961538461538 0.6616706730769231 0.27220673076923074 0.6569975961538461 0.26093990384615384 0.5266346153846154 0.17253125 0.5282235576923078 0.18375961538461538 0.6616706730769231
0 0.12689182692307693 0.6054399038461539 0.15975961538461536 0.6067716346153846 0.1552451923076923 0.5293605769230769 0.12376442307692306 0.5295384615384615 0.12689182692307693 0.6054399038461539
0 0.8480408653846154 0.45536778846153847 0.93325 0.4574663461538462 0.9406875 0.32591346153846157 0.8465889423076922 0.32604567307692306 0.8480408653846154 0.45536778846153847
0 0.734125 0.45370432692307694 0.8213846153846155 0.44917067307692304 0.82115625 0.32533413461538463 0.7322259615384615 0.32511778846153844 0.734125 0.45370432692307694
0 0.6181394230769232 0.4621201923076923 0.7099543269230769 0.45920192307692304 0.7091899038461539 0.32621634615384615 0.6151875 0.32791346153846157 0.6181394230769232 0.4621201923076923
0 0.5130072115384615 0.4597692307692308 0.5992019230769231 0.45920192307692304 0.6015240384615385 0.3327139423076923 0.515954326923077 0.32928124999999997 0.5130072115384615 0.4597692307692308
0 0.3966009615384615 0.4623125 0.482375 0.46265865384615384 0.49125480769230767 0.33262980769230766 0.40076923076923077 0.3348798076923077 0.3966009615384615 0.4623125
0 0.2925264423076923 0.4620456730769231 0.3755240384615384 0.4608533653846154 0.38095913461538466 0.3388125 0.2899639423076923 0.3388125 0.2925264423076923 0.4620456730769231
0 0.20464182692307692 0.3526201923076923 0.17424278846153846 0.3530168269230769 0.17497115384615383 0.46766826923076926 0.2577764423076923 0.46607932692307696 0.26132692307692307 0.33990625 0.20137740384615382 0.33490144230769225 0.20464182692307692 0.3526201923076923
0 0.9460480769230769 0.28852884615384616 0.9743341346153845 0.2890625 0.9711802884615385 0.2237596153846154 0.9453437499999999 0.22772596153846153 0.9460480769230769 0.28852884615384616
0 0.9402692307692307 0.19724038461538462 0.9676177884615385 0.19843028846153846 0.9666298076923077 0.12833413461538462 0.9385336538461538 0.1284423076923077 0.9402692307692307 0.19724038461538462
0 0.8476658653846154 0.2923173076923077 0.9314615384615385 0.2925336538461539 0.9248076923076923 0.22288701923076923 0.8395024038461538 0.22569471153846152 0.8476658653846154 0.2923173076923077
0 0.868016826923077 0.20145673076923076 0.8958245192307692 0.20304567307692306 0.8899495192307693 0.1280264423076923 0.8634158653846153 0.13239182692307694 0.868016826923077 0.20145673076923076
0 0.7255552884615385 0.2986923076923077 0.8171370192307692 0.29600721153846155 0.8016153846153846 0.21885576923076921 0.72328125 0.22641586538461536 0.7255552884615385 0.2986923076923077
0 0.7227620192307692 0.20564423076923077 0.7778365384615384 0.2057283653846154 0.7650456730769231 0.11963221153846154 0.7131490384615385 0.13195432692307693 0.7227620192307692 0.20564423076923077
0 0.62096875 0.29700000000000004 0.7010240384615384 0.29600721153846155 0.6926009615384616 0.2161971153846154 0.6138052884615385 0.2282091346153846 0.62096875 0.29700000000000004
0 0.64109375 0.2063173076923077 0.672954326923077 0.2052043269230769 0.6695817307692308 0.13307932692307692 0.6393966346153845 0.13466826923076922 0.64109375 0.2063173076923077
0 0.18898076923076923 0.28184855769230766 0.15893990384615383 0.28008173076923076 0.16057211538461538 0.3074639423076923 0.5938413461538462 0.29947836538461536 0.5907259615384615 0.22806009615384618 0.18285576923076924 0.23383173076923078 0.18898076923076923 0.28184855769230766
0 0.4812620192307693 0.21600721153846153 0.5608798076923077 0.2104519230769231 0.5553413461538461 0.1397451923076923 0.4686081730769231 0.14093269230769231 0.4812620192307693 0.21600721153846153
0 0.25729807692307693 0.21361538461538462 0.34375240384615385 0.21440865384615385 0.3374831730769231 0.1513341346153846 0.25099038461538464 0.15668028846153847 0.25729807692307693 0.21361538461538462