0 0.06066826923076923 0.48611057692307696 0.14834615384615385 0.4827163461538462 0.13546875 0.3466322115384616 0.05424759615384615 0.34982692307692304 0.06066826923076923 0.48611057692307696
0 0.18044230769230768 0.4883653846153846 0.2710552884615385 0.48558653846153843 0.2550649038461538 0.3516201923076923 0.17279807692307692 0.3517620192307692 0.18044230769230768 0.4883653846153846
0 0.28748317307692306 0.48499759615384613 0.37895673076923075 0.48429326923076926 0.3637115384615385 0.3457764423076923 0.2757548076923077 0.34982692307692304 0.28748317307692306 0.48499759615384613
0 0.40234615384615385 0.4835817307692307 0.4945 0.48284134615384616 0.48074999999999996 0.34452884615384616 0.39901201923076923 0.34982692307692304 0.40234615384615385 0.4835817307692307
0 0.5108221153846154 0.4774326923076923 0.6033461538461539 0.47934855769230766 0.5898317307692308 0.3400432692307692 0.50440625 0.34114663461538464 0.5108221153846154 0.4774326923076923
0 0.6199759615384616 0.47415384615384615 0.7115432692307693 0.47111538461538466 0.6987139423076923 0.34085096153846156 0.6151610576923077 0.34114663461538464 0.6199759615384616 0.47415384615384615
0 0.7390600961538462 0.4733653846153846 0.82746875 0.4717764423076923 0.8162403846153846 0.33832932692307693 0.7277932692307693 0.3430024038461538 0.7390600961538462 0.4733653846153846
0 0.8447548076923077 0.4706394230769231 0.876235576923077 0.47046153846153843 0.8731081730769231 0.39456009615384613 0.8402403846153846 0.39322836538461536 0.8447548076923077 0.4706394230769231
0 0.0593125 0.6740865384615385 0.1534110576923077 0.673954326923077 0.15195913461538463 0.5446322115384615 0.06675 0.5425336538461538 0.0593125 0.6740865384615385
0 0.17884375 0.6746658653846154 0.26777403846153847 0.6748822115384615 0.265875 0.5462956730769231 0.17861538461538462 0.550829326923077 0.17884375 0.6746658653846154
0 0.2908100961538462 0.6737836538461538 0.3848125 0.6720865384615385 0.38186057692307696 0.5378798076923077 0.2900456730769231 0.5407980769230769 0.2908100961538462 0.6737836538461538
0 0.39847596153846154 0.6672860576923078 0.4840456730769231 0.67071875 0.4869927884615385 0.5402307692307692 0.4007980769230769 0.5407980769230769 0.39847596153846154 0.6672860576923078
0 0.5087451923076923 0.6673701923076922 0.5992307692307692 0.6651201923076923 0.6033990384615385 0.5376875 0.517625 0.5373413461538461 0.5087451923076923 0.6673701923076922
0 0.6190408653846154 0.6611874999999999 0.7100360576923077 0.6611874999999999 0.7074735576923078 0.5379543269230769 0.6244759615384615 0.5391466346153846 0.6190408653846154 0.6611874999999999
0 0.7386730769230769 0.6600937499999999 0.7986225961538461 0.6650985576923076 0.7953581730769231 0.6473798076923077 0.8257572115384615 0.646983173076923 0.8250288461538461 0.5323317307692308 0.7422235576923076 0.533920673076923 0.7386730769230769 0.6600937499999999
0 0.02881971153846154 0.7762403846153846 0.054656249999999997 0.7722740384615385 0.05395192307692308 0.7114711538461538 0.025665865384615384 0.7109375 0.02881971153846154 0.7762403846153846
0 0.03337019230769231 0.8716658653846154 0.061466346153846156 0.8715576923076923 0.059730769230769226 0.8027596153846154 0.03238221153846154 0.8015697115384615 0.03337019230769231 0.8716658653846154
0 0.0751923076923077 0.7771129807692307 0.16049759615384615 0.7743052884615385 0.15233413461538461 0.7076826923076923 0.06853846153846153 0.7074663461538461 0.0751923076923077 0.7771129807692307
0 0.11005048076923077 0.8719735576923077 0.13658413461538463 0.8676081730769231 0.1319831730769231 0.7985432692307692 0.10417548076923078 0.796954326923077 0.11005048076923077 0.8719735576923077
0 0.1983846153846154 0.7811442307692308 0.27671875 0.7735841346153846 0.2744447115384615 0.7013076923076924 0.18286298076923077 0.7039927884615385 0.1983846153846154 0.7811442307692308
0 0.2349543269230769 0.8803677884615385 0.2868509615384615 0.8680456730769232 0.2772379807692308 0.7943557692307692 0.22216346153846153 0.7942716346153845 0.2349543269230769 0.8803677884615385
0 0.3073990384615385 0.7838028846153846 0.3861947115384616 0.7717908653846154 0.37903125 0.703 0.2989759615384615 0.7039927884615385 0.3073990384615385 0.7838028846153846
0 0.3304182692307692 0.8669206730769231 0.36060336538461535 0.8653317307692308 0.35890625000000004 0.7936826923076924 0.32704567307692306 0.794795673076923 0.3304182692307692 0.8669206730769231
0 0.4092740384615385 0.7719399038461539 0.8171442307692308 0.7661682692307692 0.8110192307692308 0.7181514423076922 0.8410600961538461 0.7199182692307692 0.8394278846153846 0.6925360576923077 0.4061586538461538 0.7005216346153845 0.4092740384615385 0.7719399038461539
0 0.4446586538461539 0.8602548076923077 0.531391826923077 0.8590673076923078 0.5187379807692307 0.7839927884615385 0.43912019230769234 0.7895480769230769 0.4446586538461539 0.8602548076923077
0 0.662516826923077 0.8486658653846154 0.7490096153846154 0.8433197115384616 0.7427019230769231 0.7863846153846155 0.6562475961538462 0.7855913461538461 0.662516826923077 0.8486658653846154