0 0.8689230769230769 0.8475048076923077 0.8699855769230769 0.7792379807692308 0.7799591346153847 0.7792716346153846 0.7807524038461539 0.8472620192307693 0.8689230769230769 0.8475048076923077
0 0.8709975961538461 0.7548437499999999 0.8713942307692307 0.7013918269230769 0.7841129807692307 0.7078677884615385 0.7811177884615385 0.7569735576923077 0.8709975961538461 0.7548437499999999
0 0.8721370192307693 0.6754014423076923 0.8764134615384616 0.6059879807692308 0.7855384615384615 0.6006009615384615 0.7815697115384614 0.6644927884615384 0.8721370192307693 0.6754014423076923
0 0.8730769230769231 0.5805817307692307 0.8719567307692307 0.5324350961538461 0.7837355769230769 0.533076923076923 0.7858293269230768 0.5833317307692307 0.8730769230769231 0.5805817307692307
0 0.8758677884615385 0.49559375 0.8758028846153846 0.41779086538461535 0.7846586538461539 0.4141153846153846 0.7858894230769231 0.4952043269230769 0.8758677884615385 0.49559375
0 0.8762596153846154 0.4035961538461538 0.8750697115384616 0.3631346153846154 0.7830096153846154 0.3645576923076923 0.7838028846153846 0.3994951923076923 0.8762596153846154 0.4035961538461538
0 0.8741322115384615 0.3312475961538462 0.8752307692307693 0.2442908653846154 0.7869350961538462 0.2381129807692308 0.7881442307692308 0.3344326923076923 0.8741322115384615 0.3312475961538462
0 0.8758677884615385 0.2240673076923077 0.8748725961538462 0.19510096153846154 0.7876225961538462 0.19353846153846155 0.7864326923076923 0.21803365384615384 0.8758677884615385 0.2240673076923077
0 0.8808293269230769 0.16846153846153847 0.8810745192307692 0.05764903846153846 0.7880384615384616 0.054418269230769235 0.7888725961538461 0.16197836538461538 0.8808293269230769 0.16846153846153847
0 0.7642668269230769 0.1665408653846154 0.7670216346153846 0.05337259615384615 0.6779014423076923 0.04716586538461538 0.6781009615384614 0.16366586538461536 0.7642668269230769 0.1665408653846154
0 0.7625769230769232 0.21909855769230768 0.7651754807692307 0.19141346153846153 0.6704567307692308 0.18774038461538461 0.6704567307692308 0.21305048076923078 0.7625769230769232 0.21909855769230768
0 0.7576586538461538 0.32494951923076926 0.7637692307692308 0.24451201923076923 0.6738629807692308 0.23312740384615382 0.6765697115384615 0.32398798076923074 0.7576586538461538 0.32494951923076926
0 0.7612836538461539 0.4009158653846154 0.7616105769230769 0.36301201923076926 0.671108173076923 0.35628125 0.6708918269230769 0.39645432692307697 0.7612836538461539 0.4009158653846154
0 0.7589278846153846 0.49558413461538464 0.7621298076923076 0.4087932692307692 0.6733100961538461 0.40333413461538464 0.6753581730769231 0.4872692307692308 0.7589278846153846 0.49558413461538464
0 0.7580120192307693 0.5765168269230769 0.7574567307692307 0.528110576923077 0.670641826923077 0.5258677884615385 0.6644711538461539 0.5761081730769231 0.7580120192307693 0.5765168269230769
0 0.7591682692307693 0.6695120192307692 0.7576682692307692 0.5982475961538462 0.6750480769230769 0.5960456730769231 0.6723798076923077 0.6733918269230769 0.7591682692307693 0.6695120192307692
0 0.7526033653846155 0.7599735576923077 0.7531899038461538 0.7055625 0.6739399038461538 0.7087572115384616 0.6692259615384616 0.7590841346153846 0.7526033653846155 0.7599735576923077
0 0.7595480769230769 0.8439302884615384 0.75746875 0.7779086538461539 0.6710889423076923 0.7736754807692308 0.6701153846153846 0.8507355769230769 0.7595480769230769 0.8439302884615384
0 0.5358341346153846 0 0.5312403846153846 0.7450865384615385 0.5894086538461538 0.74746875 0.5977139423076923 0 0.5358341346153846 0
0 0.45142788461538463 0 0.44337259615384617 0.7373293269230768 0.5055288461538462 0.73915625 0.5127956730769231 0 0.45142788461538463 0
0 0.38107692307692304 0.15618509615384615 0.3804759615384615 0.04292067307692308 0.18242548076923076 0.03944951923076923 0.18176923076923077 0.1633701923076923 0.38107692307692304 0.15618509615384615
0 0.3804254807692308 0.21071875 0.3820120192307692 0.18622596153846155 0.17664903846153848 0.19208894230769233 0.17704567307692307 0.21895913461538463 0.3804254807692308 0.21071875
0 0.38195192307692305 0.3238942307692308 0.3848389423076923 0.23047596153846153 0.17511298076923076 0.23837740384615386 0.17762259615384618 0.33121634615384615 0.38195192307692305 0.3238942307692308
0 0.3805480769230769 0.383375 0.38094471153846154 0.35194230769230767 0.17319711538461538 0.3540673076923077 0.17518028846153846 0.39611298076923074 0.3805480769230769 0.383375
0 0.3793413461538462 0.49559375 0.379625 0.41443990384615387 0.17116826923076925 0.41892067307692304 0.17394711538461538 0.5015192307692308 0.3793413461538462 0.49559375
0 0.3793413461538462 0.57240625 0.3765649038461539 0.5225072115384616 0.16775961538461537 0.5246610576923076 0.16923798076923077 0.574173076923077 0.3793413461538462 0.57240625
0 0.19752884615384614 0.6839519230769231 0.3793413461538462 0.6670817307692307 0.3792067307692308 0.5938076923076923 0.16757932692307692 0.5972307692307692 0.17147836538461536 0.6766033653846153 0.19752884615384614 0.6839519230769231
0 0.17205528846153847 0.7587548076923076 0.19698798076923077 0.7629495192307693 0.3793413461538462 0.7581875 0.37839663461538464 0.7045865384615385 0.20340625 0.7228317307692307 0.17324519230769228 0.7142596153846154 0.17205528846153847 0.7587548076923076
0 0.17363221153846153 0.846610576923077 0.21726201923076924 0.8495649038461538 0.33031009615384616 0.8486153846153847 0.37413221153846155 0.8457187500000001 0.3750985576923077 0.7774206730769231 0.21623317307692308 0.7857500000000001 0.1724423076923077 0.7794495192307692 0.17363221153846153 0.846610576923077