0 0.45398076923076924 0.8322331730769231 0.43564182692307696 0.762673076923077 0.36696153846153845 0.7781225961538462 0.38296153846153846 0.8464350961538462 0.45398076923076924 0.8322331730769231
0 0.3739110576923077 0.8493317307692307 0.3595336538461539 0.7837932692307692 0.28623076923076923 0.7969903846153846 0.3017764423076923 0.8666682692307692 0.3739110576923077 0.8493317307692307
0 0.3532379807692308 0.7702451923076924 0.33793990384615386 0.701 0.26562259615384615 0.7165360576923077 0.28019951923076925 0.7869375 0.3532379807692308 0.7702451923076924
0 0.33031971153846157 0.6888269230769232 0.3123245192307692 0.6212259615384615 0.2478028846153846 0.6351778846153846 0.2582908653846154 0.7035625000000001 0.33031971153846157 0.6888269230769232
0 0.36918269230769235 0.6047163461538462 0.3257644230769231 0.6169326923076923 0.3447548076923077 0.7208317307692307 0.39609134615384617 0.7108966346153847 0.36918269230769235 0.6047163461538462
0 0.4996418269230769 0.54484375 0.48576682692307693 0.5023822115384615 0.37416105769230773 0.5312884615384615 0.38600721153846157 0.5750697115384615 0.4996418269230769 0.54484375
0 0.4451129807692308 0.5071274038461538 0.42581971153846154 0.4467139423076923 0.35096153846153844 0.4635793269230769 0.37140384615384614 0.5255528846153846 0.4451129807692308 0.5071274038461538
0 0.532 0.48862019230769227 0.512951923076923 0.4257043269230769 0.4384471153846154 0.44470432692307693 0.455 0.5009158653846154 0.532 0.48862019230769227
0 0.6194639423076923 0.46563221153846157 0.5988942307692308 0.4024735576923077 0.5232259615384616 0.4210913461538462 0.543829326923077 0.48283413461538466 0.6194639423076923 0.46563221153846157
0 0.6404711538461538 0.516670673076923 0.6176826923076923 0.4695408653846154 0.5068677884615385 0.4986778846153846 0.5231250000000001 0.5424471153846153 0.6404711538461538 0.516670673076923
0 0.6560288461538462 0.5618076923076922 0.6370625 0.5177836538461539 0.5230769230769231 0.542920673076923 0.5406706730769231 0.5854230769230769 0.6560288461538462 0.5618076923076922