0 0.40816586538461536 0.43016826923076923 0.6414639423076923 0.49121394230769233 0.64878125 0.44291586538461536 0.4150889423076923 0.3793413461538462 0.40816586538461536 0.43016826923076923
0 0.38931490384615386 0.4836538461538461 0.6224519230769231 0.5456442307692307 0.6353413461538462 0.500235576923077 0.4007980769230769 0.4418413461538462 0.38931490384615386 0.4836538461538461
0 0.3728774038461538 0.5493389423076923 0.6166754807692307 0.6170024038461539 0.6275144230769231 0.5776682692307692 0.38293509615384613 0.5043413461538462 0.3728774038461538 0.5493389423076923
0 0.3600625 0.5902355769230769 0.6085865384615384 0.6545889423076924 0.6143004807692308 0.6359375 0.36507211538461537 0.5668413461538462 0.3600625 0.5902355769230769
0 0.5117211538461539 0.31448317307692303 0.6302692307692308 0.34431009615384617 0.63925 0.30383173076923076 0.5097668269230768 0.2734375 0.5117211538461539 0.31448317307692303
0 0.5304326923076923 0.2498125 0.6485216346153847 0.2772019230769231 0.6581033653846154 0.23940865384615384 0.5365625 0.20399278846153848 0.5304326923076923 0.2498125
0 0.543201923076923 0.1843653846153846 0.6637355769230768 0.2213293269230769 0.6744591346153845 0.1795456730769231 0.552639423076923 0.14670192307692306 0.543201923076923 0.1843653846153846
0 0.5658846153846153 0.12515384615384614 0.6827115384615384 0.15437499999999998 0.6976009615384615 0.11261778846153846 0.5729927884615384 0.08361538461538462 0.5658846153846153 0.12515384615384614
0 0.6956899038461538 0.16175721153846154 0.8146923076923076 0.19343749999999998 0.8220817307692307 0.16856009615384615 0.8045288461538462 0.1661826923076923 0.8147331730769231 0.14554807692307692 0.706264423076923 0.11545192307692308 0.6956899038461538 0.16175721153846154
0 0.6750528846153846 0.22048317307692308 0.7975 0.2563653846153846 0.8032548076923077 0.23675721153846155 0.785298076923077 0.22904326923076923 0.78815625 0.21317067307692308 0.6812572115384616 0.18663221153846152 0.6750528846153846 0.22048317307692308
0 0.7866370192307692 0.3161971153846154 0.7936875 0.2829567307692308 0.6687524038461539 0.2404519230769231 0.6565168269230769 0.27929807692307695 0.7866370192307692 0.3161971153846154
0 0.6451658653846154 0.3552740384615385 0.7630504807692307 0.3859591346153846 0.7792668269230769 0.3430288461538461 0.6516899038461539 0.31056730769230767 0.6451658653846154 0.3552740384615385