0 0.7574447115384615 0.8171971153846154 0.810639423076923 0.5980096153846154 0.6673629807692307 0.5639423076923077 0.6184158653846155 0.7808774038461539 0.7574447115384615 0.8171971153846154
0 0.5980841346153846 0.7809158653846153 0.648483173076923 0.5579591346153846 0.5808413461538462 0.5407716346153847 0.5251850961538461 0.7565576923076923 0.5980841346153846 0.7809158653846153
0 0.43131971153846155 0.6839254807692308 0.5338533653846154 0.7063822115384616 0.5711634615384615 0.5416923076923077 0.4779759615384615 0.5173028846153847 0.43131971153846155 0.6839254807692308
0 0.42274278846153845 0.6795865384615385 0.4637019230769231 0.5110528846153847 0.2906754807692308 0.46431490384615387 0.2543293269230769 0.6322692307692308 0.42274278846153845 0.6795865384615385
0 0.23524278846153848 0.6170649038461539 0.2729975961538461 0.46167307692307696 0.2282235576923077 0.44452644230769234 0.19011057692307692 0.6020745192307693 0.23524278846153848 0.6170649038461539
0 0.7178822115384615 0.55096875 0.7758557692307692 0.3510384615384616 0.7273990384615385 0.33660576923076924 0.6758533653846153 0.5341394230769231 0.7178822115384615 0.55096875
0 0.6536466346153845 0.5366778846153847 0.7132644230769232 0.3337716346153846 0.6654350961538462 0.3181586538461539 0.6129567307692307 0.5209663461538462 0.6536466346153845 0.5366778846153847
0 0.5321177884615385 0.49737980769230766 0.5854230769230769 0.29418509615384614 0.5371057692307692 0.2821201923076923 0.4878100961538462 0.48034375 0.5321177884615385 0.49737980769230766
0 0.46961778846153845 0.484875 0.4985528846153846 0.382125 0.4486971153846154 0.3682091346153846 0.42295673076923074 0.4677043269230769 0.46961778846153845 0.484875
0 0.34114663461538464 0.45093509615384614 0.36781971153846155 0.3450552884615385 0.32398076923076924 0.33002403846153844 0.2987932692307692 0.43412259615384613 0.34114663461538464 0.45093509615384614
0 0.2769086538461539 0.4277115384615385 0.32983653846153843 0.23076201923076922 0.28919471153846155 0.2160985576923077 0.23193028846153846 0.4131610576923077 0.2769086538461539 0.4277115384615385