0 0.05424759615384615 0.6501730769230769 0.13546875 0.6533677884615384 0.14834615384615385 0.5172836538461538 0.06066826923076923 0.5138894230769231 0.05424759615384615 0.6501730769230769
0 0.17279807692307692 0.6482379807692307 0.2550649038461538 0.6483798076923077 0.2710552884615385 0.5144134615384616 0.18044230769230768 0.5116346153846154 0.17279807692307692 0.6482379807692307
0 0.2757548076923077 0.6501730769230769 0.3637115384615385 0.6542235576923077 0.37895673076923075 0.5157067307692308 0.28748317307692306 0.5150024038461539 0.2757548076923077 0.6501730769230769
0 0.39901201923076923 0.6501730769230769 0.48074999999999996 0.6554711538461538 0.4945 0.5171586538461539 0.40234615384615385 0.5164182692307693 0.39901201923076923 0.6501730769230769
0 0.50440625 0.6588533653846155 0.5898317307692308 0.6599567307692307 0.6033461538461539 0.5206514423076923 0.5108221153846154 0.5225673076923077 0.50440625 0.6588533653846155
0 0.6151610576923077 0.6588533653846155 0.6987139423076923 0.6591490384615385 0.7115432692307693 0.5288846153846154 0.6199759615384616 0.5258461538461539 0.6151610576923077 0.6588533653846155
0 0.7277932692307693 0.6569975961538461 0.8162403846153846 0.6616706730769231 0.82746875 0.5282235576923078 0.7390600961538462 0.5266346153846154 0.7277932692307693 0.6569975961538461
0 0.8402403846153846 0.6067716346153846 0.8731081730769231 0.6054399038461539 0.876235576923077 0.5295384615384615 0.8447548076923077 0.5293605769230769 0.8402403846153846 0.6067716346153846
0 0.06675 0.4574663461538462 0.15195913461538463 0.45536778846153847 0.1534110576923077 0.32604567307692306 0.0593125 0.32591346153846157 0.06675 0.4574663461538462
0 0.17861538461538462 0.44917067307692304 0.265875 0.45370432692307694 0.26777403846153847 0.32511778846153844 0.17884375 0.32533413461538463 0.17861538461538462 0.44917067307692304
0 0.2900456730769231 0.45920192307692304 0.38186057692307696 0.4621201923076923 0.3848125 0.32791346153846157 0.2908100961538462 0.32621634615384615 0.2900456730769231 0.45920192307692304
0 0.4007980769230769 0.45920192307692304 0.4869927884615385 0.4597692307692308 0.4840456730769231 0.32928124999999997 0.39847596153846154 0.3327139423076923 0.4007980769230769 0.45920192307692304
0 0.517625 0.46265865384615384 0.6033990384615385 0.4623125 0.5992307692307692 0.3348798076923077 0.5087451923076923 0.33262980769230766 0.517625 0.46265865384615384
0 0.6244759615384615 0.4608533653846154 0.7074735576923078 0.4620456730769231 0.7100360576923077 0.3388125 0.6190408653846154 0.3388125 0.6244759615384615 0.4608533653846154
0 0.7986225961538461 0.33490144230769225 0.7386730769230769 0.33990625 0.7422235576923076 0.46607932692307696 0.8250288461538461 0.46766826923076926 0.8257572115384615 0.3530168269230769 0.7953581730769231 0.3526201923076923 0.7986225961538461 0.33490144230769225
0 0.025665865384615384 0.2890625 0.05395192307692308 0.28852884615384616 0.054656249999999997 0.22772596153846153 0.02881971153846154 0.2237596153846154 0.025665865384615384 0.2890625
0 0.03238221153846154 0.19843028846153846 0.059730769230769226 0.19724038461538462 0.061466346153846156 0.1284423076923077 0.03337019230769231 0.12833413461538462 0.03238221153846154 0.19843028846153846
0 0.06853846153846153 0.2925336538461539 0.15233413461538461 0.2923173076923077 0.16049759615384615 0.22569471153846152 0.0751923076923077 0.22288701923076923 0.06853846153846153 0.2925336538461539
0 0.10417548076923078 0.20304567307692306 0.1319831730769231 0.20145673076923076 0.13658413461538463 0.13239182692307694 0.11005048076923077 0.1280264423076923 0.10417548076923078 0.20304567307692306
0 0.18286298076923077 0.29600721153846155 0.2744447115384615 0.2986923076923077 0.27671875 0.22641586538461536 0.1983846153846154 0.21885576923076921 0.18286298076923077 0.29600721153846155
0 0.22216346153846153 0.2057283653846154 0.2772379807692308 0.20564423076923077 0.2868509615384615 0.13195432692307693 0.2349543269230769 0.11963221153846154 0.22216346153846153 0.2057283653846154
0 0.2989759615384615 0.29600721153846155 0.37903125 0.29700000000000004 0.3861947115384616 0.2282091346153846 0.3073990384615385 0.2161971153846154 0.2989759615384615 0.29600721153846155
0 0.32704567307692306 0.2052043269230769 0.35890625000000004 0.2063173076923077 0.36060336538461535 0.13466826923076922 0.3304182692307692 0.13307932692307692 0.32704567307692306 0.2052043269230769
0 0.8171442307692308 0.23383173076923078 0.4092740384615385 0.22806009615384618 0.4061586538461538 0.29947836538461536 0.8394278846153846 0.3074639423076923 0.8410600961538461 0.28008173076923076 0.8110192307692308 0.28184855769230766 0.8171442307692308 0.23383173076923078
0 0.43912019230769234 0.2104519230769231 0.5187379807692307 0.21600721153846153 0.531391826923077 0.14093269230769231 0.4446586538461539 0.1397451923076923 0.43912019230769234 0.2104519230769231
0 0.6562475961538462 0.21440865384615385 0.7427019230769231 0.21361538461538462 0.7490096153846154 0.15668028846153847 0.662516826923077 0.1513341346153846 0.6562475961538462 0.21440865384615385