0 0.3874399038461539 0.33450480769230767 0.33072836538461536 0.20787259615384615 0.12099759615384616 0.29440144230769233 0.176625 0.41996394230769235 0.3874399038461539 0.33450480769230767
0 0.39859374999999997 0.38475721153846154 0.38107692307692304 0.3364903846153846 0.18362259615384616 0.42459615384615385 0.1976201923076923 0.46368750000000003 0.39859374999999997 0.38475721153846154
0 0.5829471153846154 0.8232716346153846 0.3793413461538462 0.39186778846153847 0.19774759615384616 0.4624086538461538 0.3984326923076923 0.9006995192307692 0.5829471153846154 0.8232716346153846
0 0.6478870192307693 0.8994302884615385 0.6102259615384615 0.8142884615384616 0.4079014423076923 0.8993846153846154 0.44362259615384614 0.9901346153846154 0.6478870192307693 0.8994302884615385
0 0.6422860576923076 0.19914182692307694 0.5778317307692308 0.06620192307692307 0.3616971153846154 0.19519471153846152 0.4195769230769231 0.3305384615384615 0.4572764423076923 0.31216826923076924 0.6422860576923076 0.19914182692307694
0 0.6402259615384616 0.1993870192307692 0.45920192307692304 0.3025504807692308 0.6685552884615386 0.7475552884615385 0.8517307692307692 0.641014423076923 0.6402259615384616 0.19857211538461536 0.6402259615384616 0.1993870192307692
0 0.6811201923076923 0.88546875 0.9066225961538461 0.764858173076923 0.8538125 0.6481370192307693 0.6640625 0.7527091346153847 0.6491875 0.7634519230769231 0.6571634615384615 0.7856153846153846 0.63771875 0.7962283653846154 0.6811201923076923 0.88546875
0 0 0.6735 0.1408221153846154 0.5881490384615384 0.11371634615384615 0.5472788461538461 0 0.6165528846153846 0 0.6735
0 0 0.7598725961538462 0.021185096153846155 0.8254423076923078 0.15441346153846155 0.7454927884615384 0.08940865384615385 0.6276658653846153 0.004574519230769231 0.6690240384615385 0 0.7495096153846154 0 0.7598725961538462
0 0.1969158653846154 0.7196418269230769 0.03211778846153846 0.8241634615384614 0.10426923076923077 0.9989302884615385 0.19119471153846154 0.9998846153846154 0.2989278846153846 0.936829326923077 0.1969158653846154 0.7196418269230769
0 0.05642307692307692 0.4901153846153846 0.001341346153846154 0.36279086538461536 0.0027283653846153846 0.5311274038461539 0.05642307692307692 0.4901153846153846