0 0.04955288461538462 0.4945408653846154 0 0.5005144230769231 0.020843749999999998 0.6823028846153847 0.07717548076923077 0.6815841346153846 0.04955288461538462 0.4945408653846154
0 0.14614182692307692 0.47904567307692303 0.09233653846153846 0.48378365384615385 0.11544471153846153 0.6754086538461539 0.16920913461538462 0.6676850961538462 0.14614182692307692 0.47904567307692303
0 0.24097355769230772 0.48516105769230766 0.18701682692307695 0.48657211538461537 0.20983894230769232 0.668579326923077 0.2626057692307692 0.6587764423076923 0.24097355769230772 0.48516105769230766
0 0.34003365384615386 0.4773293269230769 0.28743509615384616 0.4809951923076923 0.30929567307692307 0.6516802884615385 0.3556105769230769 0.6527307692307692 0.34003365384615386 0.4773293269230769
0 0.4282596153846154 0.47358894230769233 0.3735072115384615 0.47681250000000003 0.40049038461538466 0.6490721153846154 0.44853125 0.6452115384615384 0.4282596153846154 0.47358894230769233
0 0.5192692307692307 0.4610552884615385 0.46524759615384614 0.4638774038461539 0.4765673076923077 0.6426971153846155 0.5333581730769231 0.6397860576923077 0.5192692307692307 0.4610552884615385
0 0.5689182692307692 1 0.5629302884615385 0.9290096153846155 0.5054975961538462 0.9267427884615385 0.5181826923076923 0.9989519230769232 0.5689182692307692 1
0 0.44653125 1 0.4817355769230769 0.9970384615384614 0.4764831730769231 0.9312764423076924 0.4211298076923077 0.9338485576923077 0.4298701923076923 1 0.44653125 1
0 0.38261057692307693 0.9981995192307692 0.38236778846153846 0.9483533653846153 0.3261081730769231 0.9501346153846153 0.3371971153846154 0.9979086538461538 0.38261057692307693 0.9981995192307692
0 0.2894567307692308 0.9970384615384614 0.28497596153846155 0.9521562499999999 0.23285576923076923 0.9585 0.2383269230769231 0.9991057692307692 0.2894567307692308 0.9970384615384614
0 0.19630048076923076 1 0.19481490384615385 0.9657668269230769 0.14487740384615383 0.9662836538461538 0.14890865384615384 1 0.19630048076923076 1