0 0.5918341346153846 0.5698317307692308 0.35853605769230773 0.5087860576923077 0.35121875 0.5570841346153846 0.5849110576923077 0.6206586538461539 0.5918341346153846 0.5698317307692308
0 0.6106850961538461 0.5163461538461539 0.3775480769230769 0.45435576923076926 0.36465865384615387 0.49976442307692304 0.5992019230769231 0.5581586538461538 0.6106850961538461 0.5163461538461539
0 0.6271225961538461 0.4506610576923077 0.3833245192307692 0.38299759615384615 0.37248557692307693 0.42233173076923075 0.6170649038461539 0.4956586538461538 0.6271225961538461 0.4506610576923077
0 0.6399375 0.40976442307692307 0.39141346153846157 0.3454110576923077 0.3856995192307692 0.36406249999999996 0.6349278846153846 0.4331586538461538 0.6399375 0.40976442307692307
0 0.48827884615384615 0.6855168269230769 0.3697307692307692 0.6556899038461539 0.36075 0.6961682692307692 0.4902331730769231 0.7265625 0.48827884615384615 0.6855168269230769
0 0.4695673076923077 0.7501874999999999 0.3514783653846154 0.722798076923077 0.34189663461538466 0.7605913461538462 0.4634375 0.7960072115384615 0.4695673076923077 0.7501874999999999
0 0.4567980769230769 0.8156346153846153 0.33626442307692306 0.7786706730769232 0.3255408653846154 0.820454326923077 0.44736057692307696 0.8532980769230769 0.4567980769230769 0.8156346153846153
0 0.4341153846153846 0.8748461538461538 0.3172884615384615 0.845625 0.3023990384615385 0.8873822115384615 0.4270072115384615 0.9163846153846154 0.4341153846153846 0.8748461538461538
0 0.3043100961538462 0.8382427884615384 0.18530769230769228 0.8065625 0.17791826923076923 0.8314399038461538 0.19547115384615385 0.8338173076923077 0.18526682692307692 0.8544519230769231 0.29373557692307695 0.8845480769230769 0.3043100961538462 0.8382427884615384
0 0.3249471153846154 0.7795168269230769 0.20249999999999999 0.7436346153846153 0.19674519230769233 0.7632427884615385 0.2147019230769231 0.7709567307692308 0.21184375 0.7868293269230769 0.3187427884615385 0.8133677884615385 0.3249471153846154 0.7795168269230769
0 0.21336298076923077 0.6838028846153846 0.20631249999999998 0.7170432692307693 0.3312475961538462 0.7595480769230769 0.3434831730769231 0.7207019230769232 0.21336298076923077 0.6838028846153846
0 0.3548341346153846 0.6447259615384616 0.23694951923076923 0.6140408653846154 0.22073317307692308 0.6569711538461539 0.3483100961538461 0.6894326923076922 0.3548341346153846 0.6447259615384616