0 0.18280288461538463 0.7574447115384615 0.4019903846153846 0.810639423076923 0.4360576923076923 0.6673629807692307 0.21912259615384616 0.6184158653846155 0.18280288461538463 0.7574447115384615
0 0.21908413461538462 0.5980841346153846 0.4420408653846154 0.648483173076923 0.45922836538461537 0.5808413461538462 0.2434423076923077 0.5251850961538461 0.21908413461538462 0.5980841346153846
0 0.31607451923076924 0.43131971153846155 0.29361778846153846 0.5338533653846154 0.4583076923076923 0.5711634615384615 0.48269711538461535 0.4779759615384615 0.31607451923076924 0.43131971153846155
0 0.32041346153846156 0.42274278846153845 0.4889471153846153 0.4637019230769231 0.5356850961538462 0.2906754807692308 0.36773076923076925 0.2543293269230769 0.32041346153846156 0.42274278846153845
0 0.38293509615384613 0.23524278846153848 0.5383269230769231 0.2729975961538461 0.5554735576923077 0.2282235576923077 0.3979254807692308 0.19011057692307692 0.38293509615384613 0.23524278846153848
0 0.44903125 0.7178822115384615 0.6489615384615385 0.7758557692307692 0.6633942307692308 0.7273990384615385 0.4658605769230769 0.6758533653846153 0.44903125 0.7178822115384615
0 0.4633221153846154 0.6536466346153845 0.6662283653846154 0.7132644230769232 0.6818413461538462 0.6654350961538462 0.4790336538461538 0.6129567307692307 0.4633221153846154 0.6536466346153845
0 0.5026201923076923 0.5321177884615385 0.7058149038461539 0.5854230769230769 0.7178798076923076 0.5371057692307692 0.5196562499999999 0.4878100961538462 0.5026201923076923 0.5321177884615385
0 0.515125 0.46961778846153845 0.617875 0.4985528846153846 0.6317908653846154 0.4486971153846154 0.532295673076923 0.42295673076923074 0.515125 0.46961778846153845
0 0.5490649038461538 0.34114663461538464 0.6549447115384616 0.36781971153846155 0.6699759615384615 0.32398076923076924 0.5658774038461538 0.2987932692307692 0.5490649038461538 0.34114663461538464
0 0.5722884615384616 0.2769086538461539 0.7692379807692308 0.32983653846153843 0.7839014423076923 0.28919471153846155 0.5868389423076923 0.23193028846153846 0.5722884615384616 0.2769086538461539