0 0.6223966346153845 0.17087980769230768 0.5902692307692308 0.05642307692307692 0.41713221153846153 0.10063461538461538 0.44559374999999996 0.2194110576923077 0.6223966346153845 0.17087980769230768
0 0.6259975961538462 0.1814230769230769 0.4469134615384615 0.22560576923076925 0.4994350961538461 0.45048798076923074 0.6809423076923077 0.40917788461538457 0.6259975961538462 0.1814230769230769
0 0.7308533653846154 0.6074639423076923 0.6849471153846154 0.42447836538461536 0.5095192307692308 0.4672980769230769 0.5528076923076923 0.6501033653846153 0.7316706730769231 0.6074639423076923 0.7308533653846154 0.6074639423076923
0 0.805548076923077 0.7262139423076923 0.785545673076923 0.7313725961538461 0.7546129807692308 0.6189230769230769 0.558454326923077 0.6646249999999999 0.5915673076923077 0.8221442307692308 0.8151610576923077 0.7671826923076923 0.805548076923077 0.7262139423076923
0 0.6241514423076923 0.9179951923076923 0.8424711538461539 0.8651009615384615 0.8379807692307693 0.851608173076923 0.8522692307692308 0.8484350961538462 0.8362908653846154 0.7759447115384616 0.6004447115384616 0.8318341346153846 0.6241514423076923 0.9179951923076923
0 0.2031129807692308 0.27079326923076924 0.43077884615384615 0.22190384615384615 0.4303701923076923 0.22190384615384615 0.42996153846153845 0.22190384615384615 0.3705480769230769 0 0.33540144230769225 0.007766826923076923 0.3503293269230769 0.06829567307692308 0.15995432692307693 0.11359615384615385 0.2031129807692308 0.27079326923076924
0 0.3144807692307693 0.28945913461538464 0.31899278846153845 0.31118990384615386 0.44736057692307696 0.28038221153846155 0.4317764423076923 0.22790625 0.28404086538461537 0.2620769230769231 0.28945913461538464 0.29414903846153845 0.3144807692307693 0.28945913461538464
0 0.45093509615384614 0.3081586538461538 0.32504567307692306 0.33485817307692306 0.35854807692307694 0.47441346153846153 0.48391346153846154 0.4435 0.45093509615384614 0.3081586538461538
0 0.3086009615384615 0.7095408653846154 0.5395144230769231 0.6569447115384615 0.49201923076923076 0.47829807692307696 0.3721177884615384 0.5031370192307693 0.3761995192307692 0.5146466346153846 0.2653533653846154 0.5357932692307692 0.3086009615384615 0.7095408653846154
0 0.5777644230769231 0.8255216346153845 0.54325 0.6670889423076923 0.33103125 0.7135841346153846 0.37287980769230766 0.8724350961538462 0.5777644230769231 0.8255216346153845
0 0.6048052884615385 0.9134591346153846 0.5831754807692308 0.8375769230769231 0.3778341346153846 0.8879639423076923 0.3983485576923077 0.9569831730769232 0.6048052884615385 0.9134591346153846