0 0.15356490384615384 0.6170384615384615 0.22187740384615384 0.6330384615384615 0.23732692307692307 0.564358173076923 0.16776682692307693 0.5460192307692308 0.15356490384615384 0.6170384615384615
0 0.13333173076923077 0.6982235576923077 0.20300961538461537 0.7137692307692307 0.21620673076923075 0.6404663461538462 0.15066826923076923 0.6260889423076923 0.13333173076923077 0.6982235576923077
0 0.2130625 0.7198004807692308 0.28346394230769234 0.7343774038461538 0.299 0.6620600961538461 0.2297548076923077 0.6467620192307693 0.2130625 0.7198004807692308
0 0.2964375 0.7417091346153846 0.36482211538461534 0.7521971153846153 0.37877403846153845 0.6876754807692307 0.31117307692307694 0.6696802884615385 0.2964375 0.7417091346153846
0 0.2891033653846154 0.6039086538461539 0.2791682692307692 0.6552451923076923 0.3830673076923077 0.674235576923077 0.3952836538461538 0.6308173076923077 0.2891033653846154 0.6039086538461539
0 0.4249302884615384 0.6139927884615385 0.46871153846153846 0.6258389423076923 0.4976177884615384 0.5142331730769231 0.45515625 0.5003581730769231 0.4249302884615384 0.6139927884615385
0 0.47444711538461537 0.6285961538461537 0.5364206730769231 0.6490384615384616 0.5532860576923077 0.5741802884615385 0.49287259615384615 0.5548870192307692 0.47444711538461537 0.6285961538461537
0 0.4990841346153846 0.545 0.5552956730769231 0.5615528846153846 0.5742956730769231 0.4870480769230769 0.5113798076923077 0.46799999999999997 0.4990841346153846 0.545
0 0.5171658653846154 0.45617067307692305 0.5789086538461539 0.47677403846153843 0.5975264423076923 0.40110576923076924 0.5343677884615384 0.3805360576923077 0.5171658653846154 0.45617067307692305
0 0.4575528846153846 0.476875 0.5013221153846155 0.49313221153846154 0.5304591346153846 0.3823173076923077 0.4833293269230769 0.3595288461538461 0.4575528846153846 0.476875
0 0.41457692307692307 0.4593293269230769 0.45707932692307696 0.47692307692307695 0.4822163461538462 0.3629375 0.4381923076923077 0.3439711538461539 0.41457692307692307 0.4593293269230769