0 0.8171971153846154 0.24255528846153848 0.5980096153846154 0.18936057692307692 0.5639423076923077 0.33263701923076927 0.7808774038461539 0.38158413461538465 0.8171971153846154 0.24255528846153848
0 0.7809158653846153 0.4019158653846154 0.5579591346153846 0.3515168269230769 0.5407716346153847 0.41915865384615386 0.7565576923076923 0.4748149038461538 0.7809158653846153 0.4019158653846154
0 0.6839254807692308 0.5686802884615385 0.7063822115384616 0.46614663461538464 0.5416923076923077 0.4288365384615384 0.5173028846153847 0.5220240384615384 0.6839254807692308 0.5686802884615385
0 0.6795865384615385 0.5772572115384615 0.5110528846153847 0.536298076923077 0.46431490384615387 0.7093245192307692 0.6322692307692308 0.7456706730769231 0.6795865384615385 0.5772572115384615
0 0.6170649038461539 0.7647572115384615 0.46167307692307696 0.7270024038461538 0.44452644230769234 0.7717764423076924 0.6020745192307693 0.809889423076923 0.6170649038461539 0.7647572115384615
0 0.55096875 0.28211778846153845 0.3510384615384616 0.22414423076923076 0.33660576923076924 0.27260096153846153 0.5341394230769231 0.3241466346153846 0.55096875 0.28211778846153845
0 0.5366778846153847 0.34635336538461536 0.3337716346153846 0.28673557692307694 0.3181586538461539 0.33456490384615384 0.5209663461538462 0.3870432692307692 0.5366778846153847 0.34635336538461536
0 0.49737980769230766 0.46788221153846155 0.29418509615384614 0.41457692307692307 0.2821201923076923 0.46289423076923075 0.48034375 0.5121899038461538 0.49737980769230766 0.46788221153846155
0 0.484875 0.5303822115384615 0.382125 0.5014471153846154 0.3682091346153846 0.5513028846153847 0.4677043269230769 0.5770432692307692 0.484875 0.5303822115384615
0 0.45093509615384614 0.6588533653846155 0.3450552884615385 0.6321802884615385 0.33002403846153844 0.6760192307692308 0.43412259615384613 0.7012067307692308 0.45093509615384614 0.6588533653846155
0 0.4277115384615385 0.7230913461538461 0.23076201923076922 0.6701634615384615 0.2160985576923077 0.7108052884615385 0.4131610576923077 0.7680697115384615 0.4277115384615385 0.7230913461538461