0 0.6170384615384615 0.8464350961538462 0.6330384615384615 0.7781225961538462 0.564358173076923 0.762673076923077 0.5460192307692308 0.8322331730769231 0.6170384615384615 0.8464350961538462
0 0.6982235576923077 0.8666682692307692 0.7137692307692307 0.7969903846153846 0.6404663461538462 0.7837932692307692 0.6260889423076923 0.8493317307692307 0.6982235576923077 0.8666682692307692
0 0.7198004807692308 0.7869375 0.7343774038461538 0.7165360576923077 0.6620600961538461 0.701 0.6467620192307693 0.7702451923076924 0.7198004807692308 0.7869375
0 0.7417091346153846 0.7035625000000001 0.7521971153846153 0.6351778846153846 0.6876754807692307 0.6212259615384615 0.6696802884615385 0.6888269230769232 0.7417091346153846 0.7035625000000001
0 0.6039086538461539 0.7108966346153847 0.6552451923076923 0.7208317307692307 0.674235576923077 0.6169326923076923 0.6308173076923077 0.6047163461538462 0.6039086538461539 0.7108966346153847
0 0.6139927884615385 0.5750697115384615 0.6258389423076923 0.5312884615384615 0.5142331730769231 0.5023822115384615 0.5003581730769231 0.54484375 0.6139927884615385 0.5750697115384615
0 0.6285961538461537 0.5255528846153846 0.6490384615384616 0.4635793269230769 0.5741802884615385 0.4467139423076923 0.5548870192307692 0.5071274038461538 0.6285961538461537 0.5255528846153846
0 0.545 0.5009158653846154 0.5615528846153846 0.44470432692307693 0.4870480769230769 0.4257043269230769 0.46799999999999997 0.48862019230769227 0.545 0.5009158653846154
0 0.45617067307692305 0.48283413461538466 0.47677403846153843 0.4210913461538462 0.40110576923076924 0.4024735576923077 0.3805360576923077 0.46563221153846157 0.45617067307692305 0.48283413461538466
0 0.476875 0.5424471153846153 0.49313221153846154 0.4986778846153846 0.3823173076923077 0.4695408653846154 0.3595288461538461 0.516670673076923 0.476875 0.5424471153846153
0 0.4593293269230769 0.5854230769230769 0.47692307692307695 0.542920673076923 0.3629375 0.5177836538461539 0.3439711538461539 0.5618076923076922 0.4593293269230769 0.5854230769230769