0 0.6654951923076923 0.3874399038461539 0.7921274038461538 0.33072836538461536 0.7055985576923077 0.12099759615384616 0.5800360576923077 0.176625 0.6654951923076923 0.3874399038461539
0 0.6152427884615385 0.39859374999999997 0.6635096153846154 0.38107692307692304 0.5754038461538461 0.18362259615384616 0.5363125 0.1976201923076923 0.6152427884615385 0.39859374999999997
0 0.1767283653846154 0.5829471153846154 0.6081322115384615 0.3793413461538462 0.5375913461538462 0.19774759615384616 0.09930048076923076 0.3984326923076923 0.1767283653846154 0.5829471153846154
0 0.10056971153846155 0.6478870192307693 0.18571153846153846 0.6102259615384615 0.10061538461538462 0.4079014423076923 0.009865384615384616 0.44362259615384614 0.10056971153846155 0.6478870192307693
0 0.8008581730769231 0.6422860576923076 0.9337980769230769 0.5778317307692308 0.8048052884615384 0.3616971153846154 0.6694615384615384 0.4195769230769231 0.6878317307692308 0.4572764423076923 0.8008581730769231 0.6422860576923076
0 0.8006129807692308 0.6402259615384616 0.6974495192307693 0.45920192307692304 0.25244471153846154 0.6685552884615386 0.3589855769230769 0.8517307692307692 0.8014278846153846 0.6402259615384616 0.8006129807692308 0.6402259615384616
0 0.11453125 0.6811201923076923 0.23514182692307692 0.9066225961538461 0.3518629807692308 0.8538125 0.2472908653846154 0.6640625 0.23654807692307692 0.6491875 0.21438461538461537 0.6571634615384615 0.20377163461538464 0.63771875 0.11453125 0.6811201923076923
0 0.3265 0 0.41185096153846157 0.1408221153846154 0.45272115384615386 0.11371634615384615 0.3834471153846154 0 0.3265 0
0 0.24012740384615386 0 0.1745576923076923 0.021185096153846155 0.25450721153846156 0.15441346153846155 0.3723341346153846 0.08940865384615385 0.33097596153846154 0.004574519230769231 0.2504903846153846 0 0.24012740384615386 0
0 0.28035817307692307 0.1969158653846154 0.17583653846153846 0.03211778846153846 0.0010697115384615385 0.10426923076923077 0.00011538461538461538 0.19119471153846154 0.06317067307692308 0.2989278846153846 0.28035817307692307 0.1969158653846154
0 0.5098846153846154 0.05642307692307692 0.6372091346153846 0.001341346153846154 0.46887259615384613 0.0027283653846153846 0.5098846153846154 0.05642307692307692