0 0.13107692307692306 0.15249519230769232 0.13001442307692307 0.22076201923076924 0.2200408653846154 0.22072836538461538 0.21924759615384615 0.15273798076923079 0.13107692307692306 0.15249519230769232
0 0.12900240384615386 0.24515625 0.12860576923076922 0.2986081730769231 0.21588701923076922 0.29213221153846153 0.21888221153846155 0.24302644230769233 0.12900240384615386 0.24515625
0 0.12786298076923078 0.32459855769230767 0.12358653846153846 0.39401201923076923 0.21446153846153845 0.39939903846153846 0.21843028846153847 0.3355072115384615 0.12786298076923078 0.32459855769230767
0 0.12692307692307692 0.41941826923076925 0.12804326923076922 0.46756490384615385 0.21626442307692306 0.46692307692307694 0.21417067307692308 0.4166682692307692 0.12692307692307692 0.41941826923076925
0 0.12413221153846155 0.50440625 0.12419711538461538 0.5822091346153846 0.21534134615384615 0.5858846153846154 0.21411057692307692 0.5047956730769231 0.12413221153846155 0.50440625
0 0.12374038461538461 0.5964038461538462 0.12493028846153845 0.6368653846153846 0.2169903846153846 0.6354423076923077 0.2161971153846154 0.6005048076923077 0.12374038461538461 0.5964038461538462
0 0.12586778846153845 0.6687524038461539 0.12476923076923077 0.7557091346153846 0.21306490384615387 0.7618870192307692 0.21185576923076924 0.6655673076923077 0.12586778846153845 0.6687524038461539
0 0.12413221153846155 0.7759326923076924 0.12512740384615384 0.8048990384615385 0.21237740384615386 0.8064615384615385 0.21356730769230767 0.7819663461538462 0.12413221153846155 0.7759326923076924
0 0.11917067307692308 0.8315384615384616 0.11892548076923076 0.9423509615384614 0.21196153846153848 0.9455817307692308 0.21112740384615383 0.8380216346153847 0.11917067307692308 0.8315384615384616
0 0.23573317307692307 0.8334591346153846 0.2329783653846154 0.946627403846154 0.32209855769230766 0.9528341346153847 0.32189903846153844 0.8363341346153846 0.23573317307692307 0.8334591346153846
0 0.23742307692307693 0.7809014423076923 0.23482451923076922 0.8085865384615385 0.32954326923076926 0.8122596153846153 0.32954326923076926 0.7869495192307692 0.23742307692307693 0.7809014423076923
0 0.24234134615384614 0.6750504807692308 0.23623076923076924 0.7554879807692308 0.3261370192307692 0.7668725961538462 0.32343028846153843 0.6760120192307693 0.24234134615384614 0.6750504807692308
0 0.23871634615384615 0.5990841346153846 0.23838942307692307 0.6369879807692308 0.3288918269230769 0.6437187499999999 0.3291081730769231 0.6035456730769231 0.23871634615384615 0.5990841346153846
0 0.2410721153846154 0.5044158653846154 0.2378701923076923 0.5912067307692308 0.3266899038461538 0.5966658653846154 0.3246418269230769 0.5127307692307692 0.2410721153846154 0.5044158653846154
0 0.24198798076923078 0.4234831730769231 0.24254326923076922 0.4718894230769231 0.3293581730769231 0.4741322115384615 0.3355288461538462 0.4238918269230769 0.24198798076923078 0.4234831730769231
0 0.24083173076923078 0.3304879807692308 0.24233173076923079 0.40175240384615385 0.3249519230769231 0.40395432692307687 0.3276201923076923 0.3266081730769231 0.24083173076923078 0.3304879807692308
0 0.2473966346153846 0.2400264423076923 0.24681009615384616 0.2944375 0.3260600961538461 0.29124278846153845 0.33077403846153847 0.2409158653846154 0.2473966346153846 0.2400264423076923
0 0.2404519230769231 0.15606971153846153 0.24253125 0.22209134615384615 0.32891105769230766 0.2263245192307692 0.3298846153846154 0.1492644230769231 0.2404519230769231 0.15606971153846153
0 0.46416586538461535 1 0.46875961538461536 0.2549134615384615 0.4105913461538462 0.25253125 0.4022860576923077 1 0.46416586538461535 1
0 0.5485721153846154 1 0.5566274038461538 0.2626706730769231 0.4944711538461538 0.26084375 0.4872043269230769 1 0.5485721153846154 1
0 0.6189230769230769 0.8438149038461538 0.6195240384615384 0.9570793269230768 0.8175745192307692 0.9605504807692308 0.8182307692307693 0.8366298076923078 0.6189230769230769 0.8438149038461538
0 0.6195745192307692 0.78928125 0.6179879807692308 0.8137740384615384 0.8233509615384615 0.8079110576923078 0.8229543269230769 0.7810408653846154 0.6195745192307692 0.78928125
0 0.618048076923077 0.6761057692307693 0.6151610576923077 0.7695240384615385 0.8248870192307692 0.7616225961538461 0.8223774038461538 0.6687836538461538 0.618048076923077 0.6761057692307693
0 0.6194519230769231 0.6166250000000001 0.6190552884615385 0.6480576923076923 0.8268028846153845 0.6459326923076923 0.8248197115384616 0.6038870192307693 0.6194519230769231 0.6166250000000001
0 0.6206586538461539 0.50440625 0.620375 0.5855600961538461 0.8288317307692308 0.581079326923077 0.8260528846153845 0.4984807692307692 0.6206586538461539 0.50440625
0 0.6206586538461539 0.42759375 0.6234350961538462 0.4774927884615385 0.8322403846153846 0.47533894230769236 0.8307620192307692 0.4258269230769231 0.6206586538461539 0.42759375
0 0.8024711538461538 0.3160480769230769 0.6206586538461539 0.3329182692307692 0.6207932692307693 0.4061923076923077 0.832420673076923 0.40276923076923077 0.8285216346153846 0.3233966346153846 0.8024711538461538 0.3160480769230769
0 0.8279447115384616 0.2412451923076923 0.8030120192307693 0.23705048076923077 0.6206586538461539 0.24181249999999999 0.6216033653846154 0.29541346153846154 0.79659375 0.27716826923076926 0.8267548076923077 0.2857403846153846 0.8279447115384616 0.2412451923076923
0 0.8263677884615385 0.15338942307692308 0.7827379807692308 0.15043509615384615 0.6696899038461539 0.1513846153846154 0.6258677884615385 0.15428124999999998 0.6249014423076923 0.22257932692307694 0.783766826923077 0.21425 0.8275576923076924 0.22055048076923076 0.8263677884615385 0.15338942307692308