0 0.38 0.423334375 0.373334375 0.446665625 0.416665625 0.46 0.42 0.43666562499999995 0.38 0.423334375
0 0.5733343750000001 0.44 0.5700000000000001 0.46333437499999997 0.616665625 0.47000000000000003 0.62 0.446665625 0.5733343750000001 0.44
0 0.41333437500000003 0.29 0.406665625 0.31333437500000005 0.44999999999999996 0.326665625 0.45333437499999996 0.303334375 0.41333437500000003 0.29
0 0.6 0.353334375 0.596665625 0.376665625 0.643334375 0.38333437499999995 0.646665625 0.36 0.6 0.353334375
0 0.403334375 0.33666562499999997 0.396665625 0.36 0.44 0.373334375 0.443334375 0.35 0.403334375 0.33666562499999997
0 0.456665625 0.273334375 0.62 0.323334375 0.623334375 0.3 0.46 0.25 0.456665625 0.273334375
0 0.476665625 0.376665625 0.433334375 0.506665625 0.47000000000000003 0.516665625 0.51 0.38333437499999995 0.476665625 0.376665625
0 0.586665625 0.396665625 0.583334375 0.42 0.63 0.426665625 0.633334375 0.403334375 0.586665625 0.396665625
0 0.536665625 0.4 0.513334375 0.393334375 0.48000000000000004 0.513334375 0.503334375 0.52 0.536665625 0.4
0 0.48000000000000004 0.32 0.576665625 0.35 0.58 0.323334375 0.48333437500000004 0.296665625 0.48000000000000004 0.32
0 0.433334375 0.23333437499999998 0.66 0.3 0.6633343749999999 0.276665625 0.43666562499999995 0.206665625 0.433334375 0.23333437499999998
0 0.393334375 0.38 0.386665625 0.403334375 0.43 0.416665625 0.433334375 0.393334375 0.393334375 0.38
0 0.563334375 0.48333437500000004 0.56 0.506665625 0.606665625 0.513334375 0.61 0.49 0.563334375 0.48333437500000004
0 0.546665625 0.5266656249999999 0.5433343749999999 0.55 0.59 0.556665625 0.593334375 0.533334375 0.546665625 0.5266656249999999