0 0.42 0.563334375 0.416665625 0.5399999999999999 0.373334375 0.5533343749999999 0.38 0.576665625 0.42 0.563334375
0 0.62 0.5533343749999999 0.616665625 0.53 0.5700000000000001 0.536665625 0.5733343750000001 0.56 0.62 0.5533343749999999
0 0.45333437499999996 0.6966656250000001 0.44999999999999996 0.673334375 0.406665625 0.686665625 0.41333437500000003 0.7100000000000001 0.45333437499999996 0.6966656250000001
0 0.646665625 0.64 0.643334375 0.616665625 0.596665625 0.623334375 0.6 0.646665625 0.646665625 0.64
0 0.443334375 0.6499999999999999 0.44 0.626665625 0.396665625 0.64 0.403334375 0.6633343749999999 0.443334375 0.6499999999999999
0 0.46 0.75 0.623334375 0.7 0.62 0.676665625 0.456665625 0.726665625 0.46 0.75
0 0.51 0.616665625 0.47000000000000003 0.48333437500000004 0.433334375 0.493334375 0.476665625 0.623334375 0.51 0.616665625
0 0.633334375 0.596665625 0.63 0.5733343750000001 0.583334375 0.58 0.586665625 0.603334375 0.633334375 0.596665625
0 0.503334375 0.48000000000000004 0.48000000000000004 0.486665625 0.513334375 0.606665625 0.536665625 0.6 0.503334375 0.48000000000000004
0 0.48333437500000004 0.7033343750000001 0.58 0.676665625 0.576665625 0.6499999999999999 0.48000000000000004 0.6799999999999999 0.48333437500000004 0.7033343750000001
0 0.43666562499999995 0.793334375 0.6633343749999999 0.7233343750000001 0.66 0.7 0.433334375 0.766665625 0.43666562499999995 0.793334375
0 0.433334375 0.606665625 0.43 0.583334375 0.386665625 0.596665625 0.393334375 0.62 0.433334375 0.606665625
0 0.61 0.51 0.606665625 0.486665625 0.56 0.493334375 0.563334375 0.516665625 0.61 0.51
0 0.593334375 0.46666562500000003 0.59 0.443334375 0.5433343749999999 0.44999999999999996 0.546665625 0.47333437500000003 0.593334375 0.46666562500000003