0 0.16624609375000002 1 0.27694140624999997 0.9393671875 0.15535546875 0.7339140625 0.05433984375 0.79233203125 0.06205078125 0.8257382812499999 0.162078125 1 0.16624609375000002 1
0 0.29011328124999997 0.9313164062499999 0.40800781249999996 0.8690195312500001 0.28817578125 0.6581484375000001 0.17749218749999998 0.7207851562500001 0.29011328124999997 0.9313164062499999
0 0.5392890625 0.78659375 0.4215078125 0.58026171875 0.30506640625 0.648234375 0.42388671875 0.85533203125 0.5392890625 0.78659375
0 0.6694765625 0.7124375000000001 0.54649609375 0.50530078125 0.43271484375 0.57166015625 0.55494921875 0.7849804687499999 0.6694765625 0.7124375000000001
0 0.79907421875 0.6314023437499999 0.6771953125000001 0.4290234375 0.56409765625 0.49823046875000004 0.6833046875 0.7072421875000001 0.79907421875 0.6314023437499999
0 0.9310898437499999 0.5608359375 0.8093593749999999 0.35040234374999996 0.6943046875000001 0.4240703125 0.8130546875 0.6311835937500001 0.9310898437499999 0.5608359375
0 1 0.44303125 0.97909765625 0.3524921875 0.93317578125 0.27471093750000003 0.8234179687500001 0.34515234375 0.9434609375 0.5579804687500001 1 0.5208828125 1 0.44303125
0 0.1361328125 1 0.08092578125000001 0.90749609375 0.10228125 1 0.1361328125 1
0 0.48701171875000004 1 0.44775390625 0.937015625 0.34139453125 1 0.48701171875000004 1
0 0.55696875 1 0.6539921875 0.9776015625000001 0.57940234375 0.86051953125 0.467296875 0.92548828125 0.50908203125 1 0.55696875 1
0 0.600359375 0.8506679687500001 0.6704921875000001 0.9737890625 0.80161328125 0.94351953125 0.70958984375 0.78636328125 0.600359375 0.8506679687500001
0 0.7256679687500001 0.77262890625 0.824125 0.9383203125 0.9603125 0.90687890625 0.84175 0.7077421875 0.7256679687500001 0.77262890625
0 1 0.6833359375 0.9695976562499999 0.632125 0.8553632812499999 0.70059375 0.9715976562499999 0.9042734375 0.9989257812500001 0.8979648437500001 1 0.89729296875 1 0.6833359375