0 0.7441914062499999 0 0.788375 0.07653125 0.85317578125 0.04790234375000001 0.82725 0 0.7441914062499999 0
0 0.95240625 0.22353515624999998 0.8725546875 0.08271875000000001 0.8071445312500001 0.1084765625 0.9593203124999999 0.38757421875 0.9856015625 0.37970703125 0.95240625 0.22353515624999998
0 0.81833984375 0.466453125 0.8800468749999999 0.4373671875 0.7244882812500001 0.16111718749999998 0.6566171875000001 0.18938671875 0.81833984375 0.466453125
0 1 0.6444257812499999 0.91076171875 0.48792578125 0.8443828125 0.5138242187500001 1 0.7844765625 1 0.6444257812499999
0 0.7580078125 0.61004296875 0.9068984375 0.85490234375 0.9682578125 0.8288828125 0.8251445312500001 0.583 0.7580078125 0.61004296875
0 0.760390625 0.9359531249999999 0.821 0.91108984375 0.672703125 0.66432421875 0.6097343749999999 0.6874765625 0.760390625 0.9359531249999999
0 0.46443359375 0.66146484375 0.528515625 0.6388593749999999 0.37180078125000005 0.36187890625 0.30516796875 0.38187890625 0.46443359375 0.66146484375
0 0.44744921875000004 0 0.41827343749999996 0.00619921875 0.53946875 0.21129296875 0.6046796875 0.18458593750000002 0.5027773437499999 0 0.44744921875000004 0
0 0.45551171875 0.2672109375 0.32356250000000003 0.02633203125 0.25077734375 0.0418046875 0.39391796875 0.292140625 0.45551171875 0.2672109375
0 0.35372265625000004 0.3237890625 0.20711328125 0.051085937500000005 0.12601171875 0.06832421875 0.28660156249999996 0.35088671875 0.35372265625000004 0.3237890625
0 0 0.17020703124999997 0.1471875 0.43242578125000003 0.21355859375 0.40649609375 0.052085937500000005 0.121234375 0 0.14102734375 0 0.17020703124999997
0 0.32957031249999996 0.755015625 0.38889843749999997 0.7194453125 0.23123046875 0.442671875 0.1617890625 0.46825390624999996 0.32957031249999996 0.755015625
0 0.5463984375 1 0.41226562499999997 0.7636093749999999 0.3413671875 0.7964296875 0.46825390624999996 1 0.5463984375 1
0 0.48781250000000004 0.7103984375000001 0.6462734374999999 0.9800781249999999 0.71641796875 0.9651679687500001 0.55454296875 0.6814531250000001 0.48781250000000004 0.7103984375000001
0 0.55116796875 0 0.64357421875 0.15622265625 0.70878515625 0.12951171875 0.63708984375 0 0.55116796875 0
0 0 0.41219921875 0.041980468750000006 0.49172265625 0.10444140625000001 0.4614765625 0 0.270109375 0 0.41219921875
0 0.06211328125 0.525375 0.21694921874999998 0.8029101562500001 0.27830859375 0.7768906250000001 0.12704296874999998 0.50675 0.06211328125 0.525375
0 0.41111328124999996 1 0.307265625 0.8238671875 0.240328125 0.85184375 0.3251953125 1 0.41111328124999996 1
0 0.21130078124999999 1 0.155984375 0.90594140625 0.087890625 0.9331562499999999 0.128359375 1 0.21130078124999999 1
0 0.03151171875 0.67262890625 0.0256796875 0.6733710937499999 0.07034765625 0.88350390625 0.13125390625 0.8600546875 0.03151171875 0.67262890625
0 1 0.8873593750000001 0.9400937500000001 0.90773828125 0.9408437500000001 0.9174648437499999 1 0.9048906250000001 1 0.8873593750000001