0 0.15471484375 0.041847656250000004 0.02166015625 0.07360546875 0.017578125 0.1515078125 0.16559765625 0.1118515625 0.15471484375 0.041847656250000004
0 0.02551953125 0 0.02448828125 0.01967578125 0.025574218750000002 0.024324218749999998 0.121515625 0 0.02551953125 0
0 0.31713671875 0 0.19336328125000002 0.032140625 0.20131249999999998 0.10198828124999999 0.51028515625 0.027234374999999998 0.5094921875 0 0.31713671875 0
0 0.54998828125 0.18382421875000002 0.53786328125 0.11669140624999999 0.23076562500000003 0.19545312499999998 0.24050390625 0.268328125 0.54998828125 0.18382421875000002
0 0.899265625 0.020238281249999997 0.59465234375 0.100109375 0.602484375 0.1709296875 0.9187929687499999 0.08678125 0.9120976562499999 0.02091015625 0.899265625 0.020238281249999997
0 0.6730703125 0.27926171875 0.9481210937500001 0.19882031249999998 0.93887109375 0.13281640625 0.664328125 0.20741796875000001 0.6730703125 0.27926171875
0 0.9884921875000001 0.36131250000000004 0.9801640625 0.2963359375 0.703421875 0.3757109375 0.7094921875 0.44252734375 0.9884921875000001 0.36131250000000004
0 0.6467578125 0.57614453125 0.6415078125 0.50839453125 0.33340234375000005 0.58808203125 0.33547656249999996 0.65762109375 0.6467578125 0.57614453125
0 0.22242578124999998 0.31725390625 0.0060859375 0.37079687499999997 0.0018750000000000001 0.45113671875 0.23134375000000001 0.38715234375 0.22242578124999998 0.31725390625
0 0 0.6202734375 0.271765625 0.54866796875 0.263625 0.48272265625 0 0.5470507812500001 0 0.6202734375
0 0 0.7459296875000001 0.300734375 0.6675351562499999 0.29193359375 0.5956875 0 0.6644960937500001 0 0.7459296875000001
0 0.0182109375 0.8346171875 0.02530859375 0.904421875 0.3434140625 0.8233046875000001 0.33554296874999995 0.7524804687500001 0.0182109375 0.8346171875
0 0.70221484375 0.730625 0.6832109375000001 0.664109375 0.37506640625 0.7447734375 0.38180078125 0.81846875 0.70221484375 0.730625
0 0.7452695312500001 0.7299492187500001 0.99258203125 0.654640625 0.9962695312500001 0.58425390625 0.7319218749999999 0.65297265625 0.7452695312500001 0.7299492187500001
0 1 0.41275 0.68938671875 0.49427734375 0.7000742187500001 0.5662265625 1 0.4833984375 1 0.41275
0 0.196171875 0.20244140625 0.012515625 0.24812109375 0.0083671875 0.3272890625 0.20509765625 0.27233984375 0.196171875 0.20244140625
0 0.1814765625 0.9839921875000001 0.3734609375 0.94026953125 0.3604140625 0.8721093750000001 0.04856640625 0.9476914062499999 0.05186328125 0.97719921875 0.1814765625 0.9839921875000001
0 0.4111796875 0.9295351562499999 0.719328125 0.8518046875 0.710078125 0.78580078125 0.4099921875 0.86199609375 0.4111796875 0.9295351562499999
0 0.7726484374999999 0.84188671875 0.9857187500000001 0.7855703125000001 0.98983984375 0.70696484375 0.76294921875 0.7699921875 0.7726484374999999 0.84188671875
0 0.8467851562500001 1 0.9764570312499999 0.9623398437499999 0.9803359375 0.88833203125 0.8030703124999999 0.937359375 0.8105234375 1 0.8467851562500001 1
0 0.75771875 1 0.75234765625 0.9493710937500001 0.5454921875 0.997203125 0.54511328125 1 0.75771875 1
0 1 0.02551953125 0.9971015624999999 0.0253671875 0.97476953125 0.026152343749999998 0.98632421875 0.0668515625 1 0.062625 1 0.02551953125