0 0 0.8295859375 0.123 0.8172851562500001 0.09135546875 0.58065625 0 0.5919375 0 0.8295859375
0 0.13826953125 0.81501953125 0.2711328125 0.80373828125 0.24321875 0.56280859375 0.11686328124999999 0.57721875 0.13826953125 0.81501953125
0 0.42418359375 0.77916015625 0.39638671875 0.5432109375 0.26264453125 0.56028515625 0.29109765625 0.79734375 0.42418359375 0.77916015625
0 0.57299609375 0.7617695312499999 0.54073046875 0.523046875 0.41006250000000005 0.539671875 0.43923046875 0.7837968750000001 0.57299609375 0.7617695312499999
0 0.7239570312500001 0.73781640625 0.6908437500000001 0.50390234375 0.55969140625 0.52341796875 0.5877578125 0.762390625 0.7239570312500001 0.73781640625
0 0.87305078125 0.72444140625 0.84321875 0.48317187500000003 0.7085273437499999 0.50602734375 0.73691015625 0.74307421875 0.87305078125 0.72444140625
0 0.9986484375 0.5514140625 0.98676953125 0.461875 0.8582109375000001 0.48383203125 0.88555078125 0.7266445312500001 0.9704609375 0.7112617187500001 0.9986484375 0.5514140625
0 0.01078515625 0.9145117187499999 0.00955859375 0.9212343749999999 0.13695312499999998 0.94369921875 0.12877734375 0.90258984375 0.01078515625 0.9145117187499999
0 0.15333984375 0.8989882812500001 0.15703125 0.94723828125 0.295265625 0.97161328125 0.28115234375 0.881859375 0.15333984375 0.8989882812500001
0 0.30364453125 0.87888671875 0.31422265625 0.97495703125 0.45513671875 0.99980078125 0.4322265625 0.86288671875 0.30364453125 0.87888671875
0 0.60097265625 1 0.5810390625 0.8454921874999999 0.4553671875 0.8620078125 0.4714921875 1 0.60097265625 1
0 0.7573203125 1 0.7334140625000001 0.8247617187499999 0.6012031250000001 0.8391328125 0.6230117187499999 1 0.7573203125 1
0 0.90698046875 1 0.880640625 0.805109375 0.748734375 0.82349609375 0.7695078125 1 0.90698046875 1
0 0.89694921875 0.804015625 0.9205976562499999 0.9940585937499999 0.955296875 0.7972656250000001 0.89694921875 0.804015625