0 0.24678125 0.016484375 0.057148437499999996 0.088734375 0.10093359375 0.21095703125 0.32287890625 0.12300390625 0.280984375 0.01409375 0.24678125 0.016484375
0 0.106828125 0.2252265625 0.1499140625 0.35141015625 0.37693359374999996 0.26604296875 0.3323828125 0.14692578125 0.106828125 0.2252265625
0 0.21078906249999999 0.49397265625000003 0.4330078125 0.40991796875000003 0.38408203124999996 0.28427734375 0.16094921875 0.36923828125 0.21078906249999999 0.49397265625000003
0 0.2636640625 0.6341562500000001 0.4874921875 0.5450976562500001 0.43974609374999996 0.42233203124999996 0.2099296875 0.50969140625 0.2636640625 0.6341562500000001
0 0.3234296875 0.7748359375 0.5423828125 0.6861171875000001 0.49171875000000004 0.5635820312500001 0.26663671875 0.64862890625 0.3234296875 0.7748359375
0 0.37247656250000005 0.916265625 0.5993593749999999 0.8289492187499999 0.54459765625 0.70379296875 0.3214609375 0.78867578125 0.37247656250000005 0.916265625
0 0.5174609375 1 0.57074609375 0.9962734375 0.6547499999999999 0.9630859375 0.60234765625 0.84365625 0.37336328125 0.9289296875 0.40540625 1 0.5174609375 1
0 0.0498046875 0.06771484375 0.16308203124999998 0.022339843749999998 0.03380078125 0.03137890625 0.03358203125 0.031746093749999996 0.0498046875 0.06771484375
0 0 0.24642578125 0.01955859375 0.23719921875 0 0.1827734375 0 0.24642578125
0 0 0.412421875 0.0765390625 0.38003515625 0.02899609375 0.26016015625 0 0.26979296875 0 0.412421875
0 0 0.5174609375 0.00419140625 0.5773828125 0.1315 0.52202734375 0.0848671875 0.40114062500000003 0 0.4325 0 0.5174609375
0 0.13794921875000002 0.54426953125 0.00537109375 0.5942773437500001 0.014757812499999998 0.72851953125 0.184375 0.6622109375 0.13794921875000002 0.54426953125
0 0.19542578124999999 0.6802382812500001 0.01637109375 0.75156640625 0.026121093749999998 0.89099609375 0.24135156249999998 0.8050468749999999 0.19542578124999999 0.6802382812500001
0 0.15315625 1 0.2960390625 0.94314453125 0.24628515624999997 0.819609375 0.0269296875 0.90255078125 0.0288828125 0.93052734375 0.0584921875 1 0.15315625 1
0 0.31656640625 1 0.30104296875 0.9587070312500001 0.1939921875 1 0.31656640625 1