0 0.0031835937500000002 0.786875 0.018488281250000002 0.92280859375 0.0953125 0.93635546875 0.07398828125 0.7846054687499999 0.0031835937500000002 0.786875
0 0 0.7473515625 0.06855078125 0.747953125 0.03201171875 0.43217578125 0.0046953125 0.429625 0 0.45625390625 0 0.7473515625
0 0.19227343749999998 0.4118515625 0.1241640625 0.41570703124999997 0.16491015625 0.73011328125 0.23842968750000001 0.7293281250000001 0.19227343749999998 0.4118515625
0 0.07247265625 0.0452421875 0.11462499999999999 0.3573203125 0.18587109375 0.35817578125 0.1408984375 0.03396875 0.074703125 0.03258984375 0.07247265625 0.0452421875
0 0.302 0.30131640625 0.25567968750000003 0.018515625 0.1890390625 0.019652343750000002 0.229625 0.3012421875 0.302 0.30131640625
0 0.35659375 0 0.4014296875 0.2829453125 0.468484375 0.28506640625 0.4221640625 0 0.35659375 0
0 0.5934609375 0.3636171875 0.525578125 0.36057031250000005 0.56712109375 0.67608984375 0.6363945312499999 0.6825078125 0.5934609375 0.3636171875
0 0.2847890625 0.753234375 0.31156640625 0.9744882812500001 0.39079296874999997 0.9884570312500001 0.35525390625000003 0.7528984375000001 0.2847890625 0.753234375
0 0.5569531249999999 1 0.5204921875 0.7324609375000001 0.45404296875 0.7325078125 0.48553124999999997 1 0.5569531249999999 1
0 0.6796562500000001 1 0.64200390625 0.7181953125 0.5696171875 0.71817578125 0.60054296875 1 0.6796562500000001 1
0 0.8409375 1 0.8018085937499999 0.6948164062500001 0.73055859375 0.6940000000000001 0.77090625 1 0.8409375 1
0 0.75355078125 0.32739843750000003 0.68521484375 0.33815234375000003 0.72772265625 0.6538359375 0.80169140625 0.6561289062500001 0.75355078125 0.32739843750000003
0 0.7581249999999999 0.28458203125000003 0.71351953125 0.029937500000000002 0.6441054687500001 0.0176953125 0.68009765625 0.28844921874999996 0.7581249999999999 0.28458203125000003
0 0.47526953125 0 0.5174023437499999 0.31132812499999996 0.5901171875 0.30948828125000005 0.54421875 0.00008203125 0.54374609375 0 0.47526953125 0
0 0.16763281249999998 0.7653007812499999 0.19058984375000002 0.9531562499999999 0.26866015625 0.966921875 0.23809765625 0.7649609374999999 0.16763281249999998 0.7653007812499999
0 0.91955078125 1 0.94156640625 0.8751328125 0.92156640625 0.6792499999999999 0.85232421875 0.6838945312500001 0.8890312499999999 1 0.91955078125 1
0 0.9155078125 0.6405078125 0.87591015625 0.32517968750000004 0.8092734375 0.3263203125 0.848328125 0.6334531250000001 0.9155078125 0.6405078125
0 0.8725664062499999 0.27105078125 0.84263671875 0.052703124999999997 0.7651210937499999 0.039035156249999994 0.8000234375 0.2719140625 0.8725664062499999 0.27105078125
0 1 0.08044921875000001 0.9439765625000001 0.0705703125 0.97103515625 0.25248828125 1 0.25259765624999997 1 0.08044921875000001
0 1 0.3046796875 0.9767734375000001 0.304296875 0.99904296875 0.51544140625 1 0.51569140625 1 0.3046796875