0 0.3942307283653846 0.9011203701923077 0.4038692716346154 0.7450407403846153 0.394025 0.7454120360576924 0.3843765625 0.9014879639423078 0.3942307283653846 0.9011203701923077
0 0.4066869783653846 0.9084907403846153 0.4168260408653846 0.7490472211538461 0.4061322908653846 0.7462944447115384 0.39674375 0.9048194447115385 0.4066869783653846 0.9084907403846153
0 0.4195375 0.9110453701923077 0.42924375000000003 0.7519231490384615 0.41921927163461536 0.7503453701923076 0.4094171875 0.9077833341346154 0.4195375 0.9110453701923077
0 0.4304 0.9147990745192308 0.44096875 0.7538527788461539 0.43104895913461544 0.7525472211538461 0.421 0.9134370360576922 0.4304 0.9147990745192308
0 0.4426859375 0.91645 0.45243854086538465 0.7556935192307692 0.4426234375 0.754660185096154 0.4324947908653846 0.9150509254807692 0.4426859375 0.91645
0 0.4477765625 0.9111351850961539 0.4487348966346154 0.907221295673077 0.4532078125 0.90876759375 0.46311614663461537 0.7574972211538462 0.4554973966346154 0.75580740625 0.4460901033653846 0.9107879639423077 0.4477765625 0.9111351850961539
0 0.46575625000000004 0.91286759375 0.4751005216346154 0.7606953701923077 0.4647994783653846 0.7580787043269231 0.4552026033653846 0.909927778846154 0.46575625000000004 0.91286759375
0 0.47741041586538463 0.9166592596153845 0.48698177163461537 0.7636222211538463 0.4766578125 0.7612333341346154 0.46695989663461535 0.9139907403846154 0.47741041586538463 0.9166592596153845
0 0.44368385336538463 0.9255203701923077 0.45408125 0.9274629639423076 0.4552453125 0.9156027788461538 0.4447416658653846 0.9136231490384615 0.44368385336538463 0.9255203701923077
0 0.4180197908653846 0.3924370360576923 0.40512864663461534 0.29200555528846156 0.3911338533653846 0.298725 0.4041010408653846 0.3996537043269231 0.4180197908653846 0.3924370360576923
0 0.4358505216346154 0.38704351923076924 0.4225229158653846 0.2857546298076923 0.40832447836538466 0.29193148076923076 0.4212609375 0.3919064807692308 0.4358505216346154 0.38704351923076924