0 0.4618791658653846 0.5552314807692308 0.45396562500000004 0.5268379639423076 0.4408572908653846 0.5382787043269232 0.4484807283653846 0.56750740625 0.4618791658653846 0.5552314807692308
0 0.47721979086538463 0.5403814807692308 0.4694536466346154 0.5117064807692308 0.4574635408653846 0.5244407403846154 0.464734375 0.552328704326923 0.47721979086538463 0.5403814807692308
0 0.4534526033653846 0.5241444447115385 0.44570260336538464 0.4962861105769231 0.4403005216346154 0.5012537043269231 0.44788020913461535 0.5291231490384616 0.4534526033653846 0.5241444447115385
0 0.4617380216346154 0.51681759375 0.45382916586538463 0.48869629567307693 0.4485869783653846 0.49392685096153843 0.45602812499999995 0.5226222211538462 0.4617380216346154 0.51681759375
0 0.4841921875 0.4974388894230769 0.4762729158653846 0.4687731490384615 0.4708760408653846 0.47374074038461533 0.4787776033653846 0.5026796298076923 0.4841921875 0.4974388894230769
0 0.4972791658653846 0.4849092596153846 0.4892229158653846 0.45706944471153843 0.4796109375 0.46584074038461537 0.4872052091346154 0.4947990745192307 0.4972791658653846 0.4849092596153846
0 0.4921380216346154 0.5274657403846154 0.4845354158653846 0.499325 0.47129687500000006 0.5107740745192307 0.479040625 0.5394509254807692 0.4921380216346154 0.5274657403846154
0 0.5085442716346154 0.5122768509615384 0.5001765625 0.4841842596153846 0.4880135408653846 0.4969296298076923 0.4956104158653846 0.5247972211538461 0.5085442716346154 0.5122768509615384
0 0.4698197908653846 0.5849851850961538 0.4620859375 0.5579435192307692 0.44958750000000003 0.5682564807692307 0.4567276033653846 0.59724259375 0.4698197908653846 0.5849851850961538
0 0.48624791586538463 0.5708851850961538 0.4780223966346154 0.542238889423077 0.4658916658653846 0.5555268509615384 0.4731661466346154 0.5836879639423077 0.48624791586538463 0.5708851850961538
0 0.5010078125 0.5577064807692308 0.4929463533653846 0.5295953701923077 0.48002552163461537 0.5415694447115385 0.4874671875 0.5705370360576923 0.5010078125 0.5577064807692308
0 0.5168020841346154 0.5425564807692308 0.5084234375000001 0.5139194447115385 0.49645625 0.5274694447115384 0.5041796875 0.5553296298076923 0.5168020841346154 0.5425564807692308
0 0.4788536466346154 0.6157620360576923 0.47061197836538465 0.5862981490384616 0.45723385336538463 0.5985740745192307 0.46501197836538466 0.6288833341346154 0.4788536466346154 0.6157620360576923
0 0.49448906249999997 0.6003481490384616 0.48643281250000003 0.5725092596153846 0.47366979086538463 0.5847462956730769 0.4812546875 0.6131601850961539 0.49448906249999997 0.6003481490384616
0 0.5094078125 0.58743240625 0.5010239591346154 0.5585231490384616 0.4881260408653846 0.5715861105769231 0.4958614591346154 0.5999907403846154 0.5094078125 0.58743240625
0 0.5252072908653846 0.5725546298076923 0.5171291658653846 0.5436259254807692 0.504540625 0.5566703701923077 0.5124421875 0.5858814807692307 0.5252072908653846 0.5725546298076923
0 0.533628125 0.6033685192307693 0.525096875 0.5747407403846154 0.5132692716346153 0.5874657403846154 0.5213067716346154 0.6158509254807693 0.533628125 0.6033685192307693
0 0.5173588533653846 0.6177314807692308 0.5096036466346153 0.5896 0.4962208341346154 0.6013314807692308 0.5042828125000001 0.6308055552884616 0.5173588533653846 0.6177314807692308
0 0.502440625 0.6306472211538462 0.4945265625 0.602253704326923 0.482234375 0.6150064807692307 0.48968125 0.6442462956730769 0.502440625 0.6306472211538462
0 0.4866197908653846 0.6444370360576923 0.4785739591346154 0.6171416658653845 0.4658041658653846 0.6291064807692308 0.4735651033653846 0.6585990745192307 0.4866197908653846 0.6444370360576923