0 0.42666145913461534 0.9233861105769231 0.4239880216346154 0.7664407403846153 0.41426875 0.7692444447115385 0.41693177163461537 0.926188889423077 0.42666145913461534 0.9233861105769231
0 0.4395739591346154 0.9276027788461538 0.43713229086538463 0.7672018509615385 0.4263265625 0.7671222211538461 0.42944010336538463 0.9264268509615385 0.4395739591346154 0.9276027788461538
0 0.45249947836538457 0.9269527788461538 0.4496541658653846 0.7669777788461538 0.4396036466346154 0.7678962956730769 0.44222187500000004 0.9262268509615385 0.45249947836538457 0.9269527788461538
0 0.46355 0.9279824062500001 0.4614161466346154 0.7659879639423077 0.451490625 0.7671490745192308 0.45413489663461537 0.9289592596153846 0.46355 0.9279824062500001
0 0.47584583413461534 0.9265777788461539 0.4729182283653846 0.7649731490384616 0.4631177091346154 0.7663777788461539 0.46564374999999997 0.9277138894230769 0.47584583413461534 0.9265777788461539
0 0.4804703125 0.9200546298076924 0.48111302163461533 0.9159425937500001 0.4856635408653846 0.9163666658653846 0.48363333413461534 0.7641166658653845 0.47595625 0.764328704326923 0.4787734375 0.9201287043269232 0.4804703125 0.9200546298076924
0 0.49841093750000004 0.9173222211538461 0.4957515625 0.7643185192307692 0.48534583413461535 0.7642768509615384 0.48772968749999995 0.9170222211538461 0.49841093750000004 0.9173222211538461
0 0.5102484375 0.9181935192307692 0.5077463533653847 0.7642777788461538 0.49733541586538466 0.7644666658653846 0.499690625 0.9181370360576923 0.5102484375 0.9181935192307692
0 0.47754375 0.9353129639423077 0.4879921875 0.9346638894230769 0.4882161466346154 0.9226305552884615 0.4776598966346154 0.9232703701923076 0.47754375 0.9353129639423077
0 0.4103973966346154 0.41376759375 0.3897692716346154 0.31750277884615385 0.3764364591346154 0.3276194447115385 0.3971786466346154 0.42435740625 0.4103973966346154 0.41376759375
0 0.4276322908653846 0.40401481490384616 0.4065046875 0.30700833413461537 0.392928125 0.3166379639423077 0.4135651033653846 0.4124398149038461 0.4276322908653846 0.40401481490384616