0 0.6392953124999999 0.9069620360576922 0.6305291658653847 0.9169324062499999 0.6377213533653846 0.9338120360576923 0.6462098966346154 0.9235074062499999 0.6392953124999999 0.9069620360576922
0 0.6316442716346155 0.8868685192307691 0.62293125 0.896302778846154 0.6291916658653847 0.9131638894230769 0.6377776033653846 0.9034453701923078 0.6316442716346155 0.8868685192307691
0 0.6258838533653847 0.8712388894230769 0.6273302091346153 0.8692037043269232 0.62954375 0.8751129639423076 0.6370109375 0.8672620360576923 0.6299723966346154 0.8504018509615385 0.6193786466346154 0.8631166658653846 0.6220588533653846 0.87059259375 0.6244369783653846 0.8685731490384616 0.6258838533653847 0.8712388894230769
0 0.6486208341346154 0.8960611105769231 0.6432260408653847 0.9018351850961538 0.6498682283653847 0.9179861105769231 0.6554640625 0.9117546298076923 0.6486208341346154 0.8960611105769231
0 0.6412713533653847 0.8760620360576923 0.6357526033653845 0.8815212956730769 0.6415161466346154 0.8971166658653846 0.6471119783653846 0.8908879639423077 0.6412713533653847 0.8760620360576923
0 0.6483697908653846 0.8672277788461538 0.64325 0.8733648149038462 0.6491651033653846 0.8890064807692308 0.6542010408653846 0.883710185096154 0.6483697908653846 0.8672277788461538
0 0.6558697908653847 0.8872740745192308 0.6505729158653846 0.8936314807692308 0.6572947908653847 0.9089768509615385 0.6626598966346153 0.9035037043269232 0.6558697908653847 0.8872740745192308
0 0.6740145841346153 0.8658666658653846 0.6601286466346153 0.8819740745192307 0.6664697908653847 0.8980259254807692 0.6803520841346155 0.8819537043269231 0.6740145841346153 0.8658666658653846
0 0.6665677091346154 0.8452842596153847 0.6525307283653846 0.8613435192307691 0.658215625 0.8777398149038462 0.6723015625000001 0.8611824062500001 0.6665677091346154 0.8452842596153847
0 0.6469994783653846 0.8308555552884616 0.6340010408653847 0.8458583341346154 0.6407682283653846 0.8623157403846153 0.6536119783653846 0.8473055552884615 0.6469994783653846 0.8308555552884616
0 0.6399338533653847 0.8095629639423076 0.6269354158653846 0.8245657403846154 0.6324161466346154 0.8414462956730768 0.6452864591346154 0.8261712956730769 0.6399338533653847 0.8095629639423076
0 0.6652421875 0.8100314807692308 0.6504510408653845 0.8258546298076923 0.657546875 0.8421342596153847 0.67160625 0.8258500000000001 0.6652421875 0.8100314807692308
0 0.6575197908653846 0.789086110576923 0.6436338533653847 0.8051935192307693 0.6493723966346153 0.8210444447115385 0.6632276033653847 0.8052527788461539 0.6575197908653846 0.789086110576923
0 0.6873505216346154 0.7533694447115384 0.6612994783653845 0.7839120360576923 0.6674380216346154 0.8004370360576923 0.6939630216346154 0.7698194447115385 0.6873505216346154 0.7533694447115384
0 0.6761911466346154 0.7968740745192308 0.6691994783653846 0.804636110576923 0.6756921874999999 0.8207222211538461 0.6831588533653845 0.8128824062500001 0.6761911466346154 0.7968740745192308
0 0.6908197908653846 0.845421295673077 0.67791875 0.8610074062499999 0.6845312499999999 0.87745740625 0.6970776033653846 0.8623129639423077 0.6908197908653846 0.845421295673077
0 0.6835234375 0.8248861105769231 0.6703473966346153 0.8401092596153846 0.6761833341346153 0.8565490745192308 0.6895062500000001 0.8414148149038462 0.6835234375 0.8248861105769231
0 0.6821729158653846 0.8040027788461538 0.6859171875 0.8007527788461538 0.6883098966346155 0.8064268509615384 0.7026255216346153 0.7891240745192308 0.7006192716346155 0.7826898149038463 0.6985338533653846 0.7817592596153846 0.6959333341346153 0.773478704326923 0.6785244783653847 0.7937351850961538 0.6821729158653846 0.8040027788461538
0 0.704809375 0.8000388894230769 0.6870994783653847 0.8202009254807692 0.6927578125 0.8368564807692308 0.7101619783653846 0.8166472211538461 0.704809375 0.8000388894230769
0 0.7118749999999999 0.8213314807692308 0.6946973966346154 0.8408305552884615 0.7009859374999999 0.8574101850961539 0.717884375 0.83759259375 0.7118749999999999 0.8213314807692308
0 0.3318625 0.29561481490384617 0.3151192716346154 0.31445462980769234 0.31943177163461534 0.32429629567307694 0.33542708413461536 0.30466388942307693 0.3318625 0.29561481490384617
0 0.3253083341346154 0.28004629567307693 0.3095552091346154 0.2989037043269231 0.31346874999999996 0.3077685192307692 0.32852447836538456 0.2892805552884615 0.3253083341346154 0.28004629567307693
0 0.3194140625 0.26615462980769233 0.3040666658653846 0.28425740625 0.3076630216346154 0.2929888894230769 0.32281875 0.2751537043269231 0.3194140625 0.26615462980769233
0 0.3139348966346154 0.24974814903846154 0.29751249999999996 0.26868981490384614 0.30126927163461537 0.2774685192307692 0.31699062499999997 0.2589314807692308 0.3139348966346154 0.24974814903846154
0 0.308040625 0.23585648076923077 0.29247604086538465 0.2544787043269231 0.296421875 0.2630212956730769 0.31198281250000004 0.24443611057692308 0.308040625 0.23585648076923077
0 0.3014958341346154 0.21852870432692306 0.2862234375 0.2375370360576923 0.2894395841346154 0.2467703701923077 0.3045703125 0.2291870360576923 0.3014958341346154 0.21852870432692306
0 0.4234395841346154 0.1821379639423077 0.4152755216346154 0.19279814903846154 0.41865677163461534 0.20202870432692308 0.42815468749999996 0.1912537043269231 0.4234395841346154 0.1821379639423077
0 0.41749791586538465 0.16705648076923077 0.40909843749999997 0.1767611105769231 0.41199895913461543 0.18583888942307691 0.42109114663461533 0.17582037019230767 0.41749791586538465 0.16705648076923077
0 0.41182083413461534 0.15264444471153846 0.403525 0.16296944471153846 0.4073911466346154 0.17064444471153847 0.4155458341346154 0.1617435192307692 0.41182083413461534 0.15264444471153846
0 0.40596406249999994 0.13670740625 0.3973479158653846 0.14693240624999998 0.40107291586538457 0.1560314807692308 0.4098213533653846 0.14614259375 0.40596406249999994 0.13670740625
0 0.39993802163461534 0.12248055528846155 0.390840625 0.1325546298076923 0.3952411466346154 0.1415083341346154 0.40398385336538467 0.13168055528846154 0.39993802163461534 0.12248055528846155
0 0.39392135336538464 0.10649351923076923 0.3856536466346154 0.1165342596153846 0.38865885336538464 0.12622314903846155 0.3975901033653846 0.1161629639423077 0.39392135336538464 0.10649351923076923
0 0.3832307283653846 0.11929999999999999 0.3669119783653846 0.13886111057692307 0.37036979086538463 0.14898981490384616 0.38703125 0.12930370432692306 0.3832307283653846 0.11929999999999999
0 0.36505468750000003 0.14092222115384614 0.3484911466346154 0.16128796394230768 0.35238177163461537 0.17038240625 0.3685822908653846 0.15201574038461538 0.36505468750000003 0.14092222115384614
0 0.37107187500000005 0.15690925961538463 0.3547244783653846 0.17675555528846154 0.35874739663461536 0.1861870360576923 0.3751645841346154 0.16729907451923076 0.37107187500000005 0.15690925961538463
0 0.31997343749999996 0.19553240625 0.30359791586538465 0.21566296394230772 0.3071390625 0.22495277884615383 0.3236609375 0.20667592548076924 0.31997343749999996 0.19553240625
0 0.34913333413461534 0.27312037019230767 0.3325979158653846 0.29320092548076926 0.3369390625 0.3027537043269231 0.35341458413461535 0.28327592548076924 0.34913333413461534 0.27312037019230767
0 0.34378593749999997 0.25705 0.32749531249999997 0.27632592548076923 0.3309505216346154 0.2864787043269231 0.3475864591346154 0.2670537043269231 0.34378593749999997 0.25705
0 0.3381083341346154 0.2426379639423077 0.3216296875 0.2621490745192308 0.32594322836538464 0.2719814807692308 0.34228645913461536 0.25217314903846155 0.3381083341346154 0.2426379639423077
0 0.33222395913461533 0.22698611057692306 0.3152921875 0.2460611105769231 0.31941718750000003 0.2561268509615385 0.33589218750000005 0.23665555528846155 0.33222395913461533 0.22698611057692306
0 0.32587708413461536 0.21265833413461538 0.30974687500000003 0.23198518509615385 0.3139005216346154 0.24176296394230767 0.330346875 0.2225787043269231 0.32587708413461536 0.21265833413461538
0 0.3379322908653846 0.1744287043269231 0.32180208413461536 0.19375555528846153 0.32534375 0.2030407403846154 0.3416291658653846 0.1838129639423077 0.3379322908653846 0.1744287043269231
0 0.36996875 0.25967592548076923 0.36684843749999996 0.26281018509615384 0.36394375 0.2554370360576923 0.35042500000000004 0.2717629639423077 0.35476666586538463 0.2813111105769231 0.37105312500000004 0.26207222115384615 0.36996875 0.25967592548076923
0 0.3632822908653846 0.24377222115384617 0.3560421875 0.25178518509615383 0.3534015625 0.24508148076923078 0.3453505216346154 0.25460277884615384 0.3489666658653846 0.26480185096153847 0.3649796875 0.24665462980769232 0.3632822908653846 0.24377222115384617
0 0.3628270841346154 0.21337222115384616 0.3396734375 0.24019074038461538 0.3439875 0.2500194447115385 0.3662598966346154 0.22208611057692307 0.3628270841346154 0.21337222115384616
0 0.3567348966346154 0.1964796298076923 0.3336567716346154 0.2242037043269231 0.3373296875 0.23382870432692307 0.36031874999999997 0.20700370432692308 0.3567348966346154 0.1964796298076923
0 0.3507276033653846 0.18372777884615385 0.3280546875 0.21069722115384615 0.33255781250000005 0.22028703605769231 0.35464114663461543 0.19259259375 0.3507276033653846 0.18372777884615385
0 0.37358749999999996 0.24318425961538462 0.36895885336538464 0.2481962956730769 0.3728390625 0.2590629639423077 0.3771713533653846 0.25370833413461535 0.37358749999999996 0.24318425961538462
0 0.36748593749999997 0.22805185096153846 0.36258385336538457 0.23415277884615385 0.36593645913461537 0.24367777884615385 0.3710223966346154 0.23738611057692308 0.36748593749999997 0.22805185096153846
0 0.3947333341346154 0.2166166658653846 0.37766041586538457 0.23711666586538463 0.38242708413461535 0.24737777884615383 0.39892968749999996 0.22762685096153845 0.3947333341346154 0.2166166658653846
0 0.38884843750000003 0.20096481490384616 0.371671875 0.22084444471153847 0.375665625 0.23056759375 0.3924604158653846 0.2112046298076923 0.38884843750000003 0.20096481490384616
0 0.383275 0.18717314903846155 0.3666072908653846 0.20691944471153847 0.3707895841346154 0.21640555528846153 0.3872640625 0.19694351923076925 0.383275 0.18717314903846155
0 0.3770223966346154 0.17023148076923075 0.3601380216346154 0.19049629567307694 0.3639151033653846 0.20073518509615385 0.38108697836538463 0.18090648076923077 0.3770223966346154 0.17023148076923075
0 0.3892473966346154 0.1352870360576923 0.37260833413461536 0.15474722115384615 0.3769234375 0.16456018509615383 0.39371770913461535 0.14520740625 0.3892473966346154 0.1352870360576923
0 0.39538645913461534 0.14837407451923076 0.37866249999999996 0.16868888942307692 0.38249687499999996 0.1783537043269231 0.3990744783653846 0.1595185192307692 0.39538645913461534 0.14837407451923076
0 0.4010546875 0.1645453701923077 0.38449114663461537 0.18491111057692308 0.3892869783653846 0.19487870432692309 0.40562864663461534 0.17508611057692305 0.4010546875 0.1645453701923077
0 0.4064677091346154 0.1782870360576923 0.3901208341346154 0.19813240625 0.3935161466346154 0.2088916658653846 0.41050416586538463 0.18924629567307694 0.4064677091346154 0.1782870360576923
0 0.4128052091346154 0.19437407451923078 0.39613750000000003 0.21411944471153846 0.4005276033653846 0.2248462956730769 0.4173791658653846 0.20491481490384617 0.4128052091346154 0.19437407451923078