0 0.4798317716346154 0.10706574038461537 0.4755838533653846 0.09848240624999999 0.40037135336538465 0.18067407451923076 0.4021526033653846 0.18657314903846153 0.40356822836538464 0.19022592548076922 0.4798317716346154 0.10706574038461537
0 0.3922395841346154 0.2146740745192308 0.39385937499999996 0.2152037043269231 0.3953140625 0.2153083341346154 0.4836067716346154 0.11799074038461538 0.480046875 0.10955370432692307 0.3890244783653846 0.2089333341346154 0.3922395841346154 0.2146740745192308
0 0.390334375 0.2354833341346154 0.48753489663461536 0.12776018509615386 0.484140625 0.11975092548076922 0.3867390625 0.2249296298076923 0.390334375 0.2354833341346154
0 0.395146875 0.24479814903846153 0.49153541586538463 0.13844722115384614 0.48819739663461537 0.12948981490384615 0.3891901033653846 0.23763888942307693 0.395146875 0.24479814903846153
0 0.3982244783653846 0.25711759375 0.4954994783653846 0.148675 0.49194010336538463 0.14024259375 0.3946651033653846 0.24702222115384617 0.3982244783653846 0.25711759375
0 0.4032203125 0.2670879639423077 0.4996651033653846 0.15978703605769232 0.4959411466346154 0.15093148076923077 0.39761406250000003 0.25937314903846154 0.4032203125 0.2670879639423077
0 0.4054338533653846 0.27845370432692307 0.5034822908653847 0.16981851923076924 0.50018125 0.16132592548076924 0.4030145841346154 0.2694759254807692 0.4054338533653846 0.27845370432692307
0 0.4109635408653846 0.288525 0.5074651033653846 0.1802759254807692 0.5039421875 0.17230740625 0.40601979086538464 0.2808787043269231 0.4109635408653846 0.288525
0 0.4137109375 0.2999916658653846 0.5117796875 0.18994814903846152 0.5081463533653846 0.18224351923076923 0.41086875 0.29065185096153845 0.4137109375 0.2999916658653846
0 0.4189463533653846 0.3096685192307692 0.5153005216346154 0.20122222115384616 0.5122760408653846 0.1929 0.4135958341346154 0.30352592548076923 0.4189463533653846 0.3096685192307692
0 0.46130520913461537 0.2766481490384615 0.5196338533653846 0.21112407451923076 0.5160005216346154 0.20342314903846154 0.4779921875 0.2449 0.4787979158653846 0.24843796394230772 0.4756994783653846 0.2524842596153846 0.47428489663461537 0.2495657403846154 0.4582411466346154 0.26783148076923075 0.46130520913461537 0.2766481490384615
0 0.4183734375 0.3257037043269231 0.452784375 0.28695740625 0.4495411466346154 0.27753240625 0.4157729158653846 0.3144342596153846 0.4183734375 0.3257037043269231
0 0.4269291658653846 0.3308120360576923 0.5231546875 0.22239814903846153 0.5203703125 0.21378518509615382 0.4214859375 0.32516018509615385 0.4269291658653846 0.3308120360576923
0 0.4288828125 0.34387962980769227 0.5274875 0.23229999999999998 0.5239479158653846 0.2241120360576923 0.42679843749999996 0.33248055528846154 0.4288828125 0.34387962980769227
0 0.4988526033653846 0.27591388942307693 0.5303864591346155 0.24069074038461538 0.5283171875 0.23447407451923075 0.4962276033653846 0.269325 0.4988526033653846 0.27591388942307693