0 0.2809197908653846 0.5631768509615385 0.27639947836538464 0.5713083341346153 0.3277666658653846 0.6989611105769231 0.33095208413461535 0.6953907403846155 0.33290312499999997 0.692625 0.2809197908653846 0.5631768509615385
0 0.3474119783653846 0.711011110576923 0.34759635336538464 0.7081009254807692 0.347553125 0.7055148149038462 0.2867869783653846 0.5557203701923077 0.2823005216346154 0.562621295673077 0.3444151033653846 0.7171129639423076 0.3474119783653846 0.711011110576923
0 0.35922187499999997 0.7129379639423077 0.2919947908653846 0.5480722211538461 0.28773750000000003 0.5546509254807692 0.3535505216346154 0.7200509254807692 0.35922187499999997 0.7129379639423077
0 0.36411302163461534 0.7037537043269231 0.2977125 0.54023240625 0.2929192716346154 0.5467768509615385 0.3605109375 0.7148166658653847 0.36411302163461534 0.7037537043269231
0 0.3708109375 0.6974361105769231 0.30317500000000003 0.5324879639423077 0.29869166586538465 0.539388889423077 0.3653942716346154 0.7044527788461538 0.3708109375 0.6974361105769231
0 0.37605677163461537 0.6878805552884616 0.3091197908653846 0.5243259254807693 0.3044104158653846 0.5315481490384616 0.3721192716346154 0.6983611105769231 0.37605677163461537 0.6878805552884616
0 0.3822807283653846 0.6831620360576923 0.31448229086538465 0.5168564807692307 0.309946875 0.5233027788461538 0.3774114591346154 0.6880787043269231 0.3822807283653846 0.6831620360576923
0 0.38754583413461535 0.6726527788461538 0.3200723966346154 0.5090638894230769 0.315846875 0.51586759375 0.3836 0.6819537043269231 0.38754583413461535 0.6726527788461538
0 0.3937885408653846 0.6669805552884616 0.3251989591346154 0.5007370360576924 0.3211291658653846 0.5077185192307693 0.3887458341346154 0.6726731490384614 0.3937885408653846 0.6669805552884616
0 0.398853125 0.6570212956730769 0.33127968750000003 0.4937064807692308 0.3268208341346154 0.4996509254807692 0.39577968750000003 0.6669388894230769 0.398853125 0.6570212956730769
0 0.37736979086538464 0.584203704326923 0.3365333341346154 0.48533148076923077 0.332465625 0.4923120360576923 0.3583911466346154 0.5568240745192308 0.36032031249999996 0.5551481490384615 0.3628067716346154 0.5603620360576923 0.36126770913461537 0.5630731490384615 0.3726359375 0.5902518509615384 0.37736979086538464 0.584203704326923
0 0.4078911466346154 0.6569185192307692 0.3837489591346154 0.5985953701923077 0.3786864591346154 0.6050046298076923 0.4017489591346154 0.6623166658653846 0.4078911466346154 0.6569185192307692
0 0.4101604158653846 0.6413888894230768 0.3426140625 0.47830092548076925 0.33797552163461536 0.4838398149038462 0.40736874999999995 0.651436110576923 0.4101604158653846 0.6413888894230768
0 0.4173567716346154 0.6370129639423077 0.34786822836538456 0.4699259254807692 0.3435203125 0.476775 0.41110624999999995 0.6415046298076923 0.4173567716346154 0.6370129639423077
0 0.37433906250000004 0.5176666658653846 0.3523739591346154 0.4642 0.34903020913461535 0.4683037043269231 0.37082447836538457 0.5227805552884616 0.37433906250000004 0.5176666658653846