0 0.276084375 0.7616879639423076 0.2701734375 0.7464611105769231 0.2609354158653846 0.7598287043269232 0.267025 0.7745500000000001 0.276084375 0.7616879639423076
0 0.2871130216346154 0.7473935192307692 0.2815057283653846 0.7322416658653845 0.2722458341346154 0.7439537043269231 0.2780088533653846 0.7588685192307693 0.2871130216346154 0.7473935192307692
0 0.29569843749999997 0.7366129639423077 0.2968932283653846 0.7391120360576923 0.29364843749999997 0.7432509254807692 0.2983229158653846 0.7562444447115385 0.30755520913461537 0.7431509254807692 0.3000375 0.7247722211538462 0.295928125 0.7297953701923077 0.2971463533653846 0.73395 0.29569843749999997 0.7366129639423077
0 0.2825380216346154 0.7778759254807692 0.2791036466346154 0.76849259375 0.27025625 0.78085740625 0.27395468749999996 0.79058240625 0.2825380216346154 0.7778759254807692
0 0.2935239591346154 0.7641203701923077 0.29026302163461537 0.7545055552884615 0.281696875 0.7652907403846154 0.28539375 0.7750148149038462 0.2935239591346154 0.7641203701923077
0 0.2987380216346154 0.7764231490384615 0.295109375 0.7675416658653845 0.28652291586538464 0.7785962956730769 0.2896760408653846 0.7873601850961538 0.2987380216346154 0.7764231490384615
0 0.2877307283653846 0.7904490745192307 0.283971875 0.7812592596153846 0.2755802091346154 0.7937379639423077 0.2788442716346154 0.8030787043269231 0.2877307283653846 0.7904490745192307
0 0.3003984375 0.8219398149038462 0.29085937500000003 0.7978305552884616 0.2820567716346154 0.8096564807692308 0.2915760408653846 0.8337611105769231 0.3003984375 0.8219398149038462
0 0.311709375 0.8079898149038461 0.3021911466346154 0.783611110576923 0.29317239663461536 0.7942833341346154 0.302971875 0.8187324062500001 0.311709375 0.8079898149038461
0 0.3191375 0.7727203701923078 0.31024999999999997 0.7501490745192307 0.301234375 0.7627472211538462 0.3101208341346154 0.78504259375 0.3191375 0.7727203701923078
0 0.3308604158653846 0.7594240745192308 0.3219729158653846 0.7368527788461539 0.31267447836538464 0.7471796298076924 0.3217109375 0.7695129639423077 0.3308604158653846 0.7594240745192308
0 0.3314807283653846 0.8044046298076922 0.3220692716346154 0.7786777788461539 0.3131645841346154 0.791853704326923 0.3228098966346154 0.8162638894230769 0.3314807283653846 0.8044046298076922
0 0.34298541586538456 0.7899537043269231 0.33344635336538464 0.7658444447115385 0.3247354158653846 0.7765935192307692 0.33409687499999996 0.8006583341346154 0.34298541586538456 0.7899537043269231
0 0.36410468749999997 0.8417064807692308 0.34602604086538463 0.7964888894230769 0.33695052163461536 0.8079712956730769 0.3550880216346154 0.8540296298076923 0.36410468749999997 0.8417064807692308
0 0.33925885336538464 0.8233990745192308 0.3346515625 0.8112472211538461 0.32583489663461535 0.8233444447115384 0.33050312499999995 0.836336110576923 0.33925885336538464 0.8233990745192308
0 0.3124786466346154 0.8510833341346153 0.3032661466346154 0.8287064807692308 0.2942494783653846 0.841028704326923 0.3032010408653846 0.8627907403846155 0.3124786466346154 0.8510833341346153
0 0.3237677091346154 0.837403704326923 0.31475000000000003 0.8145249999999999 0.3057119783653846 0.82546759375 0.3146848966346154 0.8486092596153847 0.3237677091346154 0.837403704326923
0 0.3354604158653846 0.834275 0.3374182283653846 0.8408138894230769 0.3343119783653846 0.8452629639423077 0.3445380216346154 0.8700935192307693 0.3480854158653846 0.8663055552884615 0.3485359375 0.86256759375 0.3531 0.85765740625 0.3411052091346154 0.8274351850961538 0.3354604158653846 0.834275
0 0.3384786466346154 0.8743555552884616 0.3265265625 0.8435935192307693 0.3173604158653846 0.8542287043269231 0.32932916586538463 0.8844444447115385 0.3384786466346154 0.8743555552884616
0 0.32675572836538463 0.8876518509615384 0.31519427163461533 0.8578120360576923 0.3060932283653846 0.8695638894230769 0.31782395913461536 0.8988953701923077 0.32675572836538463 0.8876518509615384
0 0.6090291658653846 0.1941379639423077 0.597853125 0.16504814903846154 0.5924713533653846 0.17305370432692307 0.6040661466346153 0.2007870360576923 0.6090291658653846 0.1941379639423077
0 0.6175515625 0.18195 0.6064015625 0.1546194447115385 0.6015546875 0.16188240625 0.6124734375 0.1879861105769231 0.6175515625 0.18195
0 0.6251557283653846 0.17099351923076922 0.6144432283653847 0.14435648076923077 0.6096604158653846 0.15105092548076923 0.620215625 0.17735555528846153 0.6251557283653846 0.17099351923076922
0 0.6341869783653846 0.16068518509615387 0.6229661466346154 0.13216851923076922 0.6181619783653846 0.13915 0.6291312499999999 0.16643518509615385 0.6341869783653846 0.16068518509615387
0 0.6417911466346153 0.14972870432692306 0.6307791658653846 0.122725 0.6261145841346154 0.1300333341346154 0.6371052091346154 0.15703148076923076 0.6417911466346153 0.14972870432692306
0 0.651303125 0.13749537019230768 0.6400848966346153 0.111025 0.63500625 0.11706111057692309 0.6454192716346154 0.14332962980769232 0.651303125 0.13749537019230768
0 0.6760166658653847 0.35288240625 0.6697390624999999 0.33874907451923075 0.6646677091346154 0.3450796298076923 0.67105625 0.3615777788461539 0.6760166658653847 0.35288240625
0 0.6842874999999999 0.3418 0.6785385408653847 0.3272148149038462 0.6735369783653845 0.33268518509615386 0.6794859375000001 0.3484888894230769 0.6842874999999999 0.3418
0 0.6921911466346155 0.33121018509615385 0.6860973966346153 0.31683055528846155 0.6819177091346155 0.32396759375 0.6872057283653846 0.3381462956730769 0.6921911466346155 0.33121018509615385
0 0.7009453125 0.32024814903846155 0.694896875 0.3052962956730769 0.6899114591346154 0.31223240625 0.6957765625000001 0.3274305552884615 0.7009453125 0.32024814903846155
0 0.7087333341346155 0.30904537019230766 0.7027526033653846 0.2932333341346154 0.6978729158653846 0.30136481490384615 0.7037026033653846 0.3165546298076923 0.7087333341346155 0.30904537019230766
0 0.7175104158653846 0.29779722115384616 0.7115776033653846 0.2834583341346154 0.7062359375 0.28913611057692307 0.7122026033653845 0.3046527788461538 0.7175104158653846 0.29779722115384616
0 0.7099385408653845 0.27925 0.6983723966346154 0.25093981490384615 0.6927989591346153 0.25743611057692306 0.7044468749999999 0.2863518509615385 0.7099385408653845 0.27925
0 0.6971484375 0.24771203605769232 0.685121875 0.21899351923076923 0.6801453125 0.2262240745192308 0.6910354158653846 0.2543657403846154 0.6971484375 0.24771203605769232
0 0.6883713533653846 0.2589601850961538 0.6766442716346154 0.23060925961538462 0.6714828125000001 0.23808518509615384 0.6826734375 0.2665944447115385 0.6883713533653846 0.2589601850961538
0 0.6648760408653847 0.16952129567307692 0.6529880216346153 0.14113055528846152 0.6478890624999999 0.14774537019230768 0.6587401033653847 0.1764620360576923 0.6648760408653847 0.16952129567307692
0 0.6222770841346155 0.22403796394230768 0.6104114591346154 0.19536018509615383 0.6051927091346154 0.2034064807692308 0.6167177091346154 0.2319990745192308 0.6222770841346155 0.22403796394230768
0 0.6311244783653845 0.21397592548076924 0.6197197908653845 0.18570555528846155 0.6141328125000001 0.19219907451923077 0.6256333341346154 0.22107777884615384 0.6311244783653845 0.21397592548076924
0 0.639028125 0.20338611057692307 0.6274848966346155 0.1747888894230769 0.6221078125 0.18279629567307693 0.6338135408653846 0.21114166586538463 0.639028125 0.20338611057692307
0 0.6476213533653846 0.19238518509615382 0.6363072908653845 0.16296851923076924 0.6307932283653847 0.17064814903846154 0.6423135408653846 0.19923981490384615 0.6476213533653846 0.19238518509615382
0 0.6554541658653845 0.18060833413461538 0.6440270841346153 0.15262499999999998 0.638675 0.1603453701923077 0.6500333341346154 0.18889629567307692 0.6554541658653845 0.18060833413461538
0 0.6773661466346154 0.20069351923076925 0.6659385408653846 0.17270925961538464 0.6608421875 0.17932499999999998 0.6722197908653846 0.2075888894230769 0.6773661466346154 0.20069351923076925
0 0.6305619783653846 0.2605870360576923 0.6286911466346154 0.2551518509615385 0.6327348966346154 0.24973425961538462 0.6230854158653846 0.22628518509615383 0.6178692716346154 0.23433240625 0.6292526033653847 0.26259722115384615 0.6305619783653846 0.2605870360576923
0 0.6392687499999999 0.24815277884615383 0.6345119783653845 0.23556851923076924 0.6381880216346154 0.23064259374999999 0.6325546875 0.21667129567307694 0.6269473966346154 0.22345185096153844 0.6377078125 0.2512685192307692 0.6392687499999999 0.24815277884615383
0 0.6563427091346153 0.24628240625 0.6404583341346155 0.20608148076923077 0.6350838533653846 0.21408888942307694 0.6515640625000001 0.25268518509615384 0.6563427091346153 0.24628240625
0 0.6656260408653847 0.23486851923076923 0.6492354158653846 0.1948333341346154 0.6439526033653846 0.2016953701923077 0.6598348966346154 0.24160370432692307 0.6656260408653847 0.23486851923076923
0 0.6725854158653846 0.22375092548076925 0.6566328124999999 0.18440925961538462 0.6513989591346154 0.19274444471153848 0.6677385408653845 0.2310138894230769 0.6725854158653846 0.22375092548076925
0 0.639959375 0.2664416658653846 0.6369802091346154 0.2583916658653846 0.63100625 0.2656657403846154 0.6341682283653847 0.2731759254807692 0.639959375 0.2664416658653846
0 0.648253125 0.25507222115384615 0.6446520841346154 0.24657592548076923 0.6394145841346154 0.2528638894230769 0.6431291658653847 0.26168148076923076 0.648253125 0.25507222115384615
0 0.6556322908653847 0.3030833341346154 0.6435124999999999 0.27346481490384617 0.6379098966346154 0.28229259375 0.6495895841346153 0.3109231490384615 0.6556322908653847 0.3030833341346154
0 0.6642255216346153 0.2920814807692308 0.6524505216346154 0.26225740625 0.6471239591346154 0.26969259375 0.6585958341346154 0.29885648076923077 0.6642255216346153 0.2920814807692308
0 0.6717838533653846 0.28169722115384616 0.6601020841346154 0.25277314903846154 0.654915625 0.26053518509615387 0.66643125 0.28912592548076926 0.6717838533653846 0.28169722115384616
0 0.6810901033653847 0.26999722115384617 0.6691083341346153 0.24070648076923076 0.6634848966346154 0.247775 0.6752307283653847 0.27759166586538464 0.6810901033653847 0.26999722115384617
0 0.7011609375 0.29049814903846155 0.6896406249999999 0.26161481490384614 0.684275 0.26962407451923076 0.6957401033653846 0.29878611057692306 0.7011609375 0.29049814903846155
0 0.6940182283653846 0.3018629639423077 0.6820140625 0.2728583341346154 0.6767151033653847 0.28000740625 0.6878822908653847 0.3088027788461538 0.6940182283653846 0.3018629639423077
0 0.685125 0.31249722115384615 0.6730984375000001 0.2837787043269231 0.6676624999999999 0.29264814903846154 0.679359375 0.32099166586538463 0.685125 0.31249722115384615
0 0.6775890625 0.3225944447115384 0.6658619783653846 0.29424351923076925 0.6599328125 0.3006509254807692 0.6715692716346153 0.33014814903846157 0.6775890625 0.3225944447115384
0 0.6687666658653846 0.3344157403846154 0.6570848966346153 0.3054916658653846 0.6512083341346154 0.31366574038461537 0.6630010408653846 0.3429092596153846 0.6687666658653846 0.3344157403846154