0 0.5354817716346154 0.5605342596153846 0.52059375 0.5779583341346154 0.5285791658653847 0.5996944447115384 0.54396875 0.5826796298076923 0.5354817716346154 0.5605342596153846
0 0.5253213533653847 0.535275 0.5102583341346154 0.5524740745192308 0.5188291658653846 0.5720777788461539 0.5335135408653846 0.55585 0.5253213533653847 0.535275
0 0.5191526033653846 0.5791916658653846 0.50454375 0.5962620360576923 0.5079755216346153 0.6051879639423077 0.5226114591346154 0.58841759375 0.5191526033653846 0.5791916658653846
0 0.5140526033653846 0.5654648149038461 0.4993161466346154 0.5828472211538461 0.502875 0.5914592596153846 0.5179890625 0.57483240625 0.5140526033653846 0.5654648149038461
0 0.5004968750000001 0.5282055552884615 0.4854578125 0.5456731490384615 0.48888854086538464 0.5545907403846153 0.5040828125 0.5371203701923076 0.5004968750000001 0.5282055552884615
0 0.49190625000000004 0.5066407403846154 0.4773447908653846 0.5242490745192308 0.4834135408653846 0.5401398149038461 0.49865572836538463 0.5232101850961539 0.49190625000000004 0.5066407403846154
0 0.5162921874999999 0.510525 0.5015078125 0.5273694447115385 0.5095135408653846 0.5493342596153846 0.5245802091346154 0.5321759254807692 0.5162921874999999 0.510525
0 0.5058130216346154 0.4834268509615385 0.4911484375 0.5016157403846153 0.49974635336538464 0.521525 0.5143796875000001 0.5047231490384616 0.5058130216346154 0.4834268509615385
0 0.5511260408653846 0.542896295673077 0.5369708341346153 0.5598388894230769 0.5442520841346153 0.5806361105769231 0.5595651033653847 0.5645037043269231 0.5511260408653846 0.542896295673077
0 0.5412520841346153 0.5156277788461539 0.5262609375 0.53363240625 0.5351578125 0.5534185192307692 0.5499937500000001 0.53715 0.5412520841346153 0.5156277788461539
0 0.5320953125 0.4911888894230769 0.5173828125 0.5088398149038462 0.5256427091346154 0.5301796298076923 0.5409088533653846 0.5135185192307692 0.5320953125 0.4911888894230769
0 0.5217119783653846 0.46516666586538463 0.5067447908653846 0.4834407403846154 0.5157682283653846 0.5029055552884615 0.5303817716346153 0.48588240625 0.5217119783653846 0.46516666586538463
0 0.5672078125 0.5232055552884616 0.5517624999999999 0.541338889423077 0.5602463533653845 0.5634490745192308 0.5762203125 0.5460305552884616 0.5672078125 0.5232055552884616
0 0.556696875 0.4974944447115384 0.5421359375 0.5151027788461539 0.5505234375 0.53613240625 0.5654625 0.5192861105769231 0.556696875 0.4974944447115384
0 0.5476677091346154 0.4727444447115384 0.5325489591346154 0.49106111057692303 0.5414140625 0.5122277788461539 0.5563302091346154 0.4951166658653846 0.5476677091346154 0.4727444447115384
0 0.5374354158653847 0.4466796298076923 0.5222692716346153 0.46445833413461535 0.5310859375 0.48508240625000004 0.5464317716346154 0.4675787043269231 0.5374354158653847 0.4466796298076923
0 0.5536130216346155 0.4280648149038461 0.5386697908653846 0.44660740625 0.547215625 0.46592685096153846 0.5620838533653847 0.44828518509615384 0.5536130216346155 0.4280648149038461
0 0.5636145841346154 0.4550212956730769 0.5488541658653846 0.4721351850961539 0.557034375 0.49431944471153844 0.5725078125 0.47650185096153846 0.5636145841346154 0.4550212956730769
0 0.57264375 0.4797712956730769 0.55775625 0.49719629567307694 0.5663739591346154 0.5173314807692307 0.5817916658653846 0.5006287043269231 0.57264375 0.4797712956730769
0 0.5822708341346154 0.50600740625 0.5680119783653846 0.5235305552884616 0.5762484375 0.5446055552884616 0.5917687500000001 0.5273166658653846 0.5822708341346154 0.50600740625