0 0.47830416586538466 0.42154259374999997 0.49564635336538465 0.4142212956730769 0.4923244783653846 0.3889407403846154 0.4745895841346154 0.39557222115384616 0.47830416586538466 0.42154259374999997
0 0.48299218749999995 0.45145555528846154 0.5004557283653847 0.4444537043269231 0.49617343750000004 0.42082037019230767 0.4792526033653846 0.4271407403846154 0.48299218749999995 0.45145555528846154
0 0.4972375 0.41393888942307694 0.51425 0.4067805552884615 0.5127421875 0.39630555528846156 0.4957625 0.4031657403846154 0.4972375 0.41393888942307694
0 0.4993895841346154 0.42993888942307695 0.51658125 0.4225648149038461 0.5148937499999999 0.4123083341346154 0.49749270913461535 0.41874259375 0.4993895841346154 0.42993888942307695
0 0.5049598966346154 0.4731935192307692 0.5224520841346154 0.46592407451923074 0.52094375 0.45545833413461534 0.5033052091346154 0.4626361105769231 0.5049598966346154 0.4731935192307692
0 0.5088833341346154 0.49868148076923074 0.5259536466346154 0.4909888894230769 0.5233083341346154 0.4723657403846154 0.5057286466346154 0.47900648076923075 0.5088833341346154 0.49868148076923074
0 0.4867151033653846 0.4802027788461538 0.5038484375000001 0.4733638894230769 0.5005515625 0.4478564807692308 0.4830927091346154 0.4548185192307692 0.4867151033653846 0.4802027788461538
0 0.49134895913461535 0.5120388894230768 0.5086286466346154 0.5038638894230769 0.5043796875 0.47992777884615384 0.48739635336538456 0.48681851923076924 0.49134895913461535 0.5120388894230768
0 0.46020989663461537 0.42860462980769226 0.4767713533653846 0.4212907403846154 0.47393020913461537 0.39732037019230765 0.4564369783653846 0.40316851923076924 0.46020989663461537 0.42860462980769226
0 0.4642421875 0.46023240625 0.48179322836538463 0.45242870432692306 0.47723958413461537 0.42842592548076924 0.46016875 0.43469259375 0.4642421875 0.46023240625
0 0.46814531249999997 0.48876481490384616 0.4853661466346154 0.4811240745192308 0.48170989663461533 0.4560490745192308 0.4641588533653846 0.4624222211538462 0.46814531249999997 0.48876481490384616
0 0.4728958341346154 0.5195314807692308 0.49047604086538465 0.5114601850961539 0.48574166586538464 0.4876814807692308 0.46873437500000004 0.4947935192307692 0.4728958341346154 0.5195314807692308
0 0.44130989663461534 0.43732870432692306 0.4593119783653846 0.4296805552884615 0.45559374999999996 0.4037453701923077 0.4372317716346154 0.41040092548076923 0.44130989663461534 0.43732870432692306
0 0.4462401033653846 0.4678805552884615 0.46331093749999996 0.4601879639423077 0.459475 0.4353259254807692 0.4421958341346154 0.44207314903846157 0.4462401033653846 0.4678805552884615
0 0.4499635408653846 0.4966277788461539 0.46769427163461536 0.48860833413461535 0.4634359375 0.4633277788461539 0.4461276033653846 0.4703379639423077 0.4499635408653846 0.4966277788461539
0 0.4545640625 0.52734259375 0.47223593750000004 0.5198583341346154 0.46791875 0.4951166658653846 0.4501307283653846 0.5022333341346154 0.4545640625 0.52734259375
0 0.4357807283653846 0.5349981490384615 0.45339010336538466 0.5266601850961539 0.4490770841346154 0.5033092596153846 0.4317109375 0.5108472211538462 0.4357807283653846 0.5349981490384615
0 0.43156875 0.5035861105769232 0.44873125 0.49647962980769234 0.4453125 0.47065925961538463 0.42734427163461536 0.4779935192307692 0.43156875 0.5035861105769232
0 0.4278453125 0.47483796394230765 0.4451875 0.4675166658653846 0.44096302163461537 0.44335555528846154 0.42326197836538465 0.4496768509615385 0.4278453125 0.47483796394230765
0 0.4238463533653846 0.44433148076923074 0.4406166658653846 0.43653518509615385 0.43693125 0.41172222115384616 0.4190208341346154 0.41853148076923075 0.4238463533653846 0.44433148076923074