0 0.5124421875 0.8939462956730769 0.51651875 0.9027879639423078 0.5932994783653845 0.8253129639423077 0.5916348966346153 0.8193064807692308 0.5902916658653846 0.8155685192307692 0.5124421875 0.8939462956730769
0 0.60209375 0.7918379639423077 0.6004854158653846 0.7912083341346154 0.5990333341346153 0.7910138894230769 0.5088838533653847 0.8827935192307692 0.5122760408653846 0.8914462956730769 0.60519375 0.7977749999999999 0.60209375 0.7918379639423077
0 0.60440625 0.7711592596153847 0.50515 0.8727861105769231 0.5083854158653847 0.8810009254807691 0.6077921875000001 0.7819305552884616 0.60440625 0.7711592596153847
0 0.5997791658653846 0.7615518509615384 0.5013619783653847 0.8618583341346154 0.504521875 0.8710166658653846 0.6055921875 0.7690759254807692 0.5997791658653846 0.7615518509615384
0 0.5969453125 0.7490490745192309 0.4976005216346154 0.8513907403846154 0.5009921875 0.8600379639423077 0.6003041658653846 0.7593592596153846 0.5969453125 0.7490490745192309
0 0.5921484375 0.738775 0.4936557283653846 0.8400259254807693 0.4972041658653846 0.8491083341346154 0.5976 0.74683240625 0.5921484375 0.738775
0 0.590159375 0.7272777788461539 0.4900380216346154 0.8297648149038461 0.4931703125 0.8384564807692307 0.5924005216346153 0.7364009254807692 0.590159375 0.7272777788461539
0 0.5848307283653846 0.7168703701923077 0.4862630216346154 0.8190666658653847 0.48962708413461536 0.8272481490384614 0.5896213533653847 0.7248185192307692 0.5848307283653846 0.7168703701923077
0 0.5823098966346154 0.7052407403846155 0.48214062500000004 0.8091314807692308 0.48562083413461543 0.8170574062499999 0.5849671875 0.7147509254807692 0.5823098966346154 0.7052407403846155
0 0.5772677091346154 0.6952444447115386 0.4788432283653846 0.7976462956730769 0.4817026033653846 0.8061518509615385 0.5824942716346154 0.7017148149038461 0.5772677091346154 0.6952444447115386
0 0.5342869783653846 0.7256166658653846 0.4747072908653846 0.7874814807692307 0.4781869783653846 0.7954037043269231 0.5169864591346154 0.7563101850961539 0.5162505216346154 0.7527240745192307 0.5194270841346154 0.7488722211538461 0.5207828125 0.7518768509615386 0.5371755216346153 0.7346185192307693 0.5342869783653846 0.7256166658653846
0 0.5781552091346154 0.6792537043269231 0.5430046875 0.71584259375 0.5460609375 0.7254629639423077 0.5805328125 0.690678704326923 0.5781552091346154 0.6792537043269231
0 0.5697046875 0.6736185192307692 0.47140989663461536 0.7759962956730769 0.4740234375 0.7847759254807692 0.5750338533653846 0.6796046298076923 0.5697046875 0.6736185192307692
0 0.5680088533653846 0.6604379639423077 0.4672739591346154 0.7658314807692308 0.4706510408653846 0.7742342596153846 0.5698682283653846 0.6719592596153846 0.5680088533653846 0.6604379639423077
0 0.4967479158653846 0.7240203701923077 0.46454166586538465 0.7572657403846154 0.4664875 0.7636064807692308 0.4992416658653846 0.7307685192307692 0.4967479158653846 0.7240203701923077