0 0.7274421875 0.6810055552884615 0.6394921875 0.6665962956730769 0.6398729158653846 0.6840879639423078 0.7278208341346153 0.6985148149038461 0.7274421875 0.6810055552884615
0 0.7313697908653847 0.6587351850961538 0.6415192716346154 0.6434953701923077 0.6401578125 0.6625527788461538 0.729478125 0.6764731490384615 0.7313697908653847 0.6587351850961538
0 0.7325817716346154 0.6358490745192308 0.6429203125 0.6213731490384615 0.6422078125 0.6392194447115384 0.7309239591346154 0.6538953701923076 0.7325817716346154 0.6358490745192308
0 0.7345036466346154 0.616475 0.6438005216346153 0.6004981490384615 0.6432395841346155 0.6181527788461539 0.7339015624999999 0.63320740625 0.7345036466346154 0.616475
0 0.7352177091346154 0.59460740625 0.6446359374999999 0.5800787043269231 0.6442260408653847 0.59754259375 0.7346088533653846 0.6127481490384615 0.7352177091346154 0.59460740625
0 0.7321395841346153 0.5856527788461539 0.7299218749999999 0.5840166658653846 0.7307130216346154 0.5760398149038461 0.6454640625000001 0.56106759375 0.6446463533653847 0.5746398149038462 0.7319739591346154 0.5886555552884615 0.7321395841346153 0.5856527788461539
0 0.7328005216346154 0.5536629639423076 0.647053125 0.5397092596153846 0.6457614591346155 0.5580648149038462 0.73133125 0.5724731490384616 0.7328005216346154 0.5536629639423076
0 0.7347291658653846 0.5328814807692308 0.6484921874999999 0.5185388894230769 0.6473286466346154 0.5369314807692308 0.7334109375 0.5515037043269231 0.7347291658653846 0.5328814807692308
0 0.7403015624999999 0.5926759254807693 0.7412125 0.5741601850961539 0.734521875 0.5722981490384615 0.7335921875 0.5910037043269231 0.7403015624999999 0.5926759254807693
0 0.4409359375 0.6475972211538461 0.3846770841346154 0.672263889423077 0.3887 0.6970231490384615 0.44523749999999995 0.6722120360576922 0.4409359375 0.6475972211538461
0 0.43759114663461535 0.6159972211538461 0.3808572908653846 0.6414555552884615 0.38457916586538465 0.6665851850961538 0.44058072836538464 0.6418453701923077 0.43759114663461535 0.6159972211538461