0 0.3528005216346154 0.10192777884615384 0.361365625 0.09141944471153847 0.3538463533653846 0.07499629567307692 0.345565625 0.08582222115384616 0.3528005216346154 0.10192777884615384
0 0.36084114663461536 0.12153425961538462 0.3693640625 0.11156574038461538 0.36277604086538456 0.09510370432692308 0.3543864591346154 0.10534907451923077 0.36084114663461536 0.12153425961538462
0 0.3669052091346154 0.13679722115384615 0.36549947836538466 0.13892129567307693 0.36317135336538464 0.13315277884615384 0.3558625 0.1414629639423077 0.3632276033653846 0.15787592548076923 0.373565625 0.14451111057692306 0.3707401033653846 0.13720555528846154 0.368403125 0.13937129567307693 0.3669052091346154 0.13679722115384615
0 0.3436947908653846 0.11340092548076923 0.3489729158653846 0.1072953701923077 0.3420177091346154 0.09156666586538462 0.33654739663461536 0.09814166586538461 0.3436947908653846 0.11340092548076923
0 0.3514322908653846 0.13293148076923075 0.35684062499999997 0.12713425961538463 0.3507739591346154 0.11190555528846155 0.34530416586538465 0.11847777884615383 0.3514322908653846 0.13293148076923075
0 0.3445119783653846 0.14220092548076924 0.3495078125 0.13575 0.3432895841346154 0.12048518509615384 0.3383598966346154 0.12609074038461537 0.3445119783653846 0.14220092548076924
0 0.3366223966346154 0.12263240625 0.3417916658653847 0.11595 0.3347723966346154 0.10103148076923077 0.32951822836538464 0.10683425961538462 0.3366223966346154 0.12263240625
0 0.3189088533653846 0.14515277884615385 0.3324703125 0.12819444471153846 0.3258182283653846 0.11254537019230769 0.312259375 0.12946851923076924 0.3189088533653846 0.14515277884615385
0 0.32675572836538463 0.16526111057692308 0.34046875 0.14833981490384615 0.334465625 0.13230648076923077 0.3207130216346154 0.14972777884615385 0.32675572836538463 0.16526111057692308
0 0.34659479086538464 0.1784666658653846 0.35929114663461537 0.1626666658653846 0.35220468749999995 0.14663888942307693 0.33966354086538464 0.1624370360576923 0.34659479086538464 0.1784666658653846
0 0.3540739591346154 0.19930740624999999 0.3667703125 0.18350740624999998 0.36096145913461536 0.16697685096153847 0.3483989591346154 0.1830416658653846 0.3540739591346154 0.19930740624999999
0 0.3287723966346154 0.20041018509615385 0.34324375 0.18367870432692307 0.33583229086538463 0.16784814903846154 0.3221015625 0.1849953701923077 0.3287723966346154 0.20041018509615385
0 0.33690104086538464 0.22086296394230767 0.35046249999999995 0.2039046298076923 0.3444161466346154 0.18841851923076922 0.3308796875 0.20506111057692306 0.33690104086538464 0.22086296394230767
0 0.3077901033653846 0.2584083341346154 0.333225 0.2262685192307692 0.3267661466346154 0.21013425961538462 0.3008583341346154 0.2423787043269231 0.3077901033653846 0.2584083341346154
0 0.31808802163461536 0.21423796394230768 0.32492343749999997 0.20604722115384616 0.31811875 0.19037314903846153 0.3108109375 0.19867222115384614 0.31808802163461536 0.21423796394230768
0 0.302515625 0.1666287043269231 0.31510260336538465 0.15025092548076924 0.30817135336538465 0.13422129567307692 0.2959302091346154 0.15013518509615384 0.302515625 0.1666287043269231
0 0.31021041586538456 0.18669814903846155 0.3230796875 0.17066666586538462 0.3169244783653846 0.15459907451923077 0.3039072908653846 0.17055092548076922 0.31021041586538456 0.18669814903846155
0 0.3119703125 0.20748518509615385 0.3082921875 0.21096574038461538 0.3057895841346154 0.20544351923076926 0.2918223966346154 0.22362314903846153 0.293953125 0.22992962980769233 0.29605572836538463 0.23073055528846156 0.29881770913461536 0.23884444471153848 0.3158177091346154 0.2175203701923077 0.3119703125 0.20748518509615385
0 0.289425 0.21285092548076923 0.3067286466346154 0.19160277884615384 0.30074635336538463 0.17530740625 0.28375 0.19658518509615386 0.289425 0.21285092548076923
0 0.2819458341346154 0.19201018509615386 0.2987307283653846 0.17145648076923076 0.2921203125 0.15527685096153845 0.2756213533653846 0.17613148076923077 0.2819458341346154 0.19201018509615386
0 0.6720473966346153 0.6938296298076924 0.6884104158653847 0.6739611105769231 0.6839072908653846 0.6643935192307692 0.6683072908653845 0.6850064807692308 0.6720473966346153 0.6938296298076924
0 0.6789031249999999 0.7089805552884615 0.6942765625 0.6891583341346154 0.6901911466346153 0.6805416658653846 0.6755078125 0.6999527788461539 0.6789031249999999 0.7089805552884615
0 0.6850661466346154 0.7224990745192308 0.7000494783653846 0.7034546298076924 0.6962838533653847 0.6949518509615384 0.6814875 0.7137166658653846 0.6850661466346154 0.7224990745192308
0 0.6908645841346155 0.7385546298076923 0.7069052091346154 0.7186064807692307 0.702978125 0.7100657403846153 0.6876302091346154 0.7295666658653845 0.6908645841346155 0.7385546298076923
0 0.6970276033653846 0.7520731490384616 0.7122171875000001 0.732496295673077 0.70810625 0.724203704326923 0.6929197908653847 0.7437425937500001 0.6970276033653846 0.7520731490384616
0 0.7039088533653846 0.7689833341346154 0.7187984375 0.7490398149038462 0.715403125 0.7400111105769231 0.7006270841346154 0.7585231490384616 0.7039088533653846 0.7689833341346154
0 0.5827536466346154 0.8129185192307692 0.5907036466346154 0.8017583341346154 0.5871427091346153 0.79274259375 0.5778625000000001 0.8041 0.5827536466346154 0.8129185192307692
0 0.5889875 0.8276222211538461 0.5971916658653846 0.8174018509615385 0.5941145841346154 0.8085101850961538 0.585225 0.819086110576923 0.5889875 0.8276222211538461
0 0.5949442716346154 0.8416731490384616 0.6030328125 0.8308398149038462 0.5990182283653847 0.8234092596153846 0.5910427091346153 0.8328101850961538 0.5949442716346154 0.8416731490384616
0 0.6011104158653846 0.8572361105769232 0.6095208341346153 0.8464833341346154 0.6056192716346154 0.8376203701923076 0.5970703125 0.8480472211538461 0.6011104158653846 0.8572361105769232
0 0.6074119783653846 0.8710814807692308 0.6163062499999999 0.8604490745192308 0.6117322908653846 0.8517740745192307 0.6031880216346154 0.8621379639423077 0.6074119783653846 0.8710814807692308
0 0.6137390625 0.8866851850961539 0.6218046875 0.8761379639423077 0.6186109375 0.8666416658653847 0.6098828125 0.8772490745192307 0.6137390625 0.8866851850961539
0 0.624171875 0.8732240745192308 0.6400963533653846 0.8526620360576923 0.6364421875 0.842753704326923 0.6201770841346155 0.863461110576923 0.624171875 0.8732240745192308
0 0.6419119783653847 0.850486110576923 0.6580661466346154 0.8291055552884615 0.6539989591346154 0.8202583341346154 0.6381692716346153 0.8396185192307691 0.6419119783653847 0.850486110576923
0 0.6355848966346154 0.83488240625 0.6515322908653847 0.8140342596153847 0.6473270841346154 0.8048583341346155 0.631290625 0.8247527788461538 0.6355848966346154 0.83488240625
0 0.6858942716346154 0.7931129639423078 0.7018640625000001 0.7719787043269231 0.6981432283653847 0.7629138894230769 0.6819901033653846 0.7822046298076923 0.6858942716346154 0.7931129639423078
0 0.6552286466346153 0.7173814807692308 0.6713598966346154 0.6962870360576924 0.6668338533653846 0.6870092596153847 0.6507505216346154 0.7074981490384615 0.6552286466346153 0.7173814807692308
0 0.6608885408653846 0.7331101850961539 0.676790625 0.7128351850961538 0.6731380216346154 0.7029027788461538 0.65689375 0.7233481490384615 0.6608885408653846 0.7331101850961539
0 0.6668453125 0.7471611105769231 0.68293125 0.7266398149038462 0.6784270841346154 0.7170805552884616 0.6624828125 0.7378907403846154 0.6668453125 0.7471611105769231
0 0.6730333341346154 0.7624379639423077 0.6895802091346154 0.7423240745192307 0.6852604158653846 0.7325212956730769 0.6691776033653846 0.7530018509615384 0.6730333341346154 0.7624379639423077
0 0.6796578124999999 0.7763629639423077 0.6953984375 0.7560481490384615 0.6910557283653845 0.7465333341346153 0.6749958341346154 0.7667259254807692 0.6796578124999999 0.7763629639423077
0 0.6683598966346154 0.81531759375 0.6841010408653846 0.7950018509615385 0.6803796875000001 0.7859416658653846 0.6644812499999999 0.8061685192307693 0.6683598966346154 0.81531759375
0 0.6346697908653846 0.7321101850961539 0.6377270841346154 0.7287842596153846 0.6407744783653846 0.7359731490384616 0.6539645841346153 0.7188185192307692 0.6494380216346154 0.7095453701923078 0.6335390625 0.7297824062499999 0.6346697908653846 0.7321101850961539
0 0.6416640625000001 0.747588889423077 0.6487427091346153 0.73913240625 0.6515135408653846 0.74566759375 0.6593723966346154 0.7356527788461539 0.6555583341346154 0.7256842596153846 0.6399114591346154 0.7448138894230769 0.6416640625000001 0.747588889423077
0 0.6427161466346154 0.77794259375 0.6653291658653846 0.749703704326923 0.6608250000000001 0.7401490745192307 0.6391145841346154 0.7694472211538461 0.6427161466346154 0.77794259375
0 0.6491364591346154 0.794446295673077 0.67165625 0.76530740625 0.6677963533653847 0.7559157403846153 0.6453479158653846 0.7841509254807693 0.6491364591346154 0.794446295673077
0 0.6553901033653846 0.8068185192307692 0.6775197908653846 0.7784583341346154 0.67283125 0.7691537043269231 0.6513046874999999 0.7982018509615384 0.6553901033653846 0.8068185192307692
0 0.6313765625 0.7488166658653845 0.6359046875000001 0.7435203701923078 0.6318130216346154 0.7329 0.6275885408653846 0.7385212956730769 0.6313765625 0.7488166658653845
0 0.6377718750000001 0.763561110576923 0.6425510408653847 0.7571592596153847 0.6390140625 0.7478481490384615 0.6340541658653845 0.7544518509615384 0.6377718750000001 0.763561110576923
0 0.610765625 0.7766796298076923 0.6274260408653846 0.7551333341346154 0.6224604158653846 0.7451731490384615 0.6063557283653845 0.7659370360576924 0.610765625 0.7766796298076923
0 0.6169541658653847 0.7919564807692308 0.6337302091346154 0.7710231490384616 0.6295479158653846 0.761553704326923 0.6131432283653846 0.7819481490384615 0.6169541658653847 0.7919564807692308
0 0.6227953125 0.8053935192307692 0.6390651033653847 0.7846259254807693 0.6346989591346154 0.7754055552884616 0.6186166658653847 0.7958777788461538 0.6227953125 0.8053935192307692
0 0.6293765625 0.8219379639423077 0.6458526033653846 0.8006370360576922 0.6418765625 0.7906398149038462 0.6251046874999999 0.8115212956730768 0.6293765625 0.8219379639423077
0 0.6178447908653847 0.8576194447115385 0.6340916658653846 0.8371388894230769 0.6295864591346153 0.8276000000000001 0.6131828125 0.84798240625 0.6178447908653847 0.8576194447115385
0 0.6114520841346154 0.8449212956730769 0.6277671874999999 0.8235805552884615 0.6237458341346154 0.8141601850961538 0.6075484375 0.8340129639423076 0.6114520841346154 0.8449212956730769
0 0.6054703125 0.829111110576923 0.6216244783653846 0.8077305552884616 0.6166354158653846 0.7980666658653846 0.6006921875 0.8188611105769231 0.6054703125 0.829111110576923
0 0.599790625 0.8157138894230769 0.6157380216346154 0.7948657403846154 0.6121338533653846 0.784325 0.5955416658653846 0.8050120360576922 0.599790625 0.8157138894230769
0 0.5931411466346154 0.8000296298076923 0.6094109375 0.7792620360576923 0.6048130216346154 0.7688148149038461 0.5883635408653846 0.7897796298076922 0.5931411466346154 0.8000296298076923