0 0.34358300721153845 0.8521604831730769 0.2761459951923077 0.8344217740384615 0.2746660144230769 0.8488983870192308 0.341068360576923 0.8681241947115385 0.34358300721153845 0.8521604831730769
0 0.33543261778846156 0.9348427427884616 0.3402475576923077 0.8807733870192307 0.2745825192307692 0.8634854831730769 0.27182080048076923 0.9158016129807692 0.33543261778846156 0.9348427427884616
0 0.27137109375 0.9300419350961538 0.27017822355769233 0.9571483870192308 0.3337954110576923 0.97005 0.33544140624999996 0.9513040312500001 0.27137109375 0.9300419350961538
0 0.3600190432692308 0.8935177427884615 0.3579018557692307 0.9173516129807692 0.39250097596153843 0.9279072572115384 0.3928881826923077 0.9174322572115384 0.3894863269230769 0.9167427427884616 0.39090185576923075 0.9013129038461538 0.3600190432692308 0.8935177427884615
0 0.3561303701923077 0.9470830649038462 0.3873652331730769 0.9552120961538461 0.38827294951923075 0.9412887091346154 0.39238671875000003 0.9427935480769231 0.39284375 0.9324258052884615 0.3587392572115385 0.9213201610576923 0.3561303701923077 0.9470830649038462
0 0.3551362307692308 0.9641080649038462 0.35438623076923076 0.9742258052884616 0.38535644471153846 0.980506451923077 0.3858530264423077 0.9738290312500001 0.3551362307692308 0.9641080649038462
0 0.4913466802884615 0.9850524182692308 0.49697851682692307 0.930516935096154 0.42979003846153846 0.9180653221153846 0.4244238293269231 0.9737443557692308 0.4913466802884615 0.9850524182692308
0 0.4975502932692307 0.9127241947115384 0.49976171875000003 0.8893895168269231 0.4330180673076923 0.8758419350961538 0.43093261778846154 0.9022491947115385 0.4975502932692307 0.9127241947115384
0 0.6010825192307693 0.9031395168269231 0.5996767572115385 0.9188322572115385 0.6684653317307692 0.9235717740384615 0.6693432620192308 0.9117596778846154 0.6010825192307693 0.9031395168269231
0 0.6623471682692308 0.9948080649038461 0.6661210937500001 0.9398935480769232 0.6000932620192307 0.9352588701923078 0.5950297860576923 0.9878830649038461 0.6623471682692308 0.9948080649038461
0 0.5389316394230769 0.9469524182692308 0.5353046874999999 0.94644596875 0.5317172860576923 0.9729048389423076 0.5382792956730769 0.9742362908653847 0.53496484375 0.9871806442307692 0.5682685552884615 0.9914725817307691 0.572478514423077 0.9371185480769231 0.5400996105769231 0.9312419350961538 0.5389316394230769 0.9469524182692308