0 0.5399253221153846 0.23311355048076926 0.5335900096153846 0.18208587740384616 0.5238743822115385 0.12019751923076923 0.4053916923076923 0.17277671874999997 0.41351434134615384 0.23453053365384616 0.41861572596153845 0.2856211826923077 0.5399253221153846 0.23311355048076926
0 0.5380049447115385 0.11209542067307693 0.54909940625 0.1900772908653846 0.5686552908653846 0.18010496153846153 0.5657873389423077 0.12716030528846153 0.5539723052884615 0.10384064903846155 0.5380049447115385 0.11209542067307693
0 0.5643219591346154 0.3964341610576923 0.5692324423076923 0.4050706105769231 0.5719980216346154 0.44073091586538465 0.6072319495192308 0.42322900721153844 0.5903738870192308 0.27840076442307693 0.5740361033653846 0.28613454086538465 0.5728921850961538 0.2964961826923077 0.5529599399038462 0.3047738557692308 0.5643219591346154 0.3964341610576923
0 0.5304065288461538 0.30563835817307694 0.49258803125 0.3237061057692308 0.51012215625 0.46877671875 0.5461137475961538 0.4517309158653846 0.5304065288461538 0.30563835817307694
0 0.4506033629807692 0.501875 0.4619174086538462 0.4975486634615385 0.4635009879807692 0.5089513365384616 0.4759648870192308 0.5030238557692308 0.4745811081730769 0.4923826346153846 0.4791973293269231 0.49019561057692307 0.4805207716346154 0.49972328125 0.4852636009615384 0.4978902668269231 0.48240059375000005 0.4776479014423077 0.4493877355769231 0.4942041995192307 0.4506033629807692 0.501875
0 0.45335064182692303 0.4815219471153846 0.4604841730769231 0.47754103125 0.4614797235576923 0.48471087740384616 0.47154253125 0.47910591586538465 0.4704856586538462 0.47183969471153847 0.4759960432692308 0.4684064879807692 0.477465875 0.47700381730769226 0.4842339278846154 0.47350477163461535 0.48208358173076926 0.45769179326923076 0.4473580625 0.4725400769230769 0.44937833894230766 0.49118416105769236 0.4538432235576923 0.4872977091346154 0.45335064182692303 0.4815219471153846
0 0.4467720072115385 0.4608893125 0.4706444110576923 0.45405820673076924 0.4686122644230769 0.44119274759615384 0.47172700240384613 0.43958206009615386 0.4731078149038461 0.44952671875 0.48063897115384613 0.4446393125 0.4766374879807692 0.4267538173076923 0.45945993990384615 0.43755152644230766 0.44397527163461536 0.4407519086538461 0.4467720072115385 0.4608893125
0 0.46891196874999996 0.33280438942307694 0.43210336298076923 0.34959255769230774 0.4437650841346154 0.4362967548076923 0.47924332451923074 0.41793606971153846 0.46891196874999996 0.33280438942307694
0 0.3823273990384616 0.3021994278846154 0.3764030673076923 0.2930019086538462 0.36608358173076927 0.29961831971153846 0.3631053413461538 0.3048883581730769 0.35774777403846153 0.30561927403846156 0.3464782403846154 0.3087757644230769 0.35043471875 0.3442757644230769 0.36858308653846156 0.3348912211538462 0.3695979230769231 0.3418759543269231 0.3864238389423077 0.33471183173076924 0.3823273990384616 0.3021994278846154
0 0.35102967307692307 0.3647891225961538 0.37068199759615383 0.3558311057692308 0.3724327403846154 0.36640744230769234 0.38742284855769227 0.3568969471153846 0.38525964423076925 0.34249809134615383 0.3507235408653846 0.35465935096153844 0.35102967307692307 0.3647891225961538
0 0.3741760625 0.38024236538461537 0.3757146394230769 0.38840553365384617 0.3881186947115385 0.38111164182692303 0.3884673581730769 0.36097996153846157 0.38032047596153845 0.3664666033653846 0.3756528197115384 0.3695429399038461 0.37266864423076923 0.36983396875 0.37063353125 0.3673959927884616 0.36469188942307695 0.3708673653846154 0.3657324423076923 0.37836259615384615 0.36330910096153846 0.37961545913461536 0.3583936706730769 0.3746507644230769 0.357488625 0.36865171875 0.35204500480769235 0.3714656490384615 0.3548402572115385 0.39096087740384616 0.3741760625 0.38024236538461537
0 0.38863699278846153 0.3840935120192308 0.37601335336538466 0.3907576346153846 0.3732843725961539 0.3967681298076923 0.3557354110576923 0.3989064879807692 0.35655341346153846 0.41268225240384615 0.37582245192307695 0.4027127860576923 0.3771266081730769 0.41210018990384617 0.3808353125 0.41018320673076925 0.38225568749999994 0.40646564903846155 0.3931998028846154 0.39750763461538463 0.3922220576923077 0.3880772908653846 0.38863699278846153 0.3840935120192308
0 0.3937091995192308 0.40435018990384614 0.37623738942307694 0.41522709855769235 0.3753867451923077 0.4081851153846153 0.368488625 0.4112729014423077 0.3701938677884616 0.42223091586538464 0.3653026706730769 0.42475954086538464 0.36375766586538466 0.41564981009615387 0.3566498509615385 0.4200734735576923 0.3593733918269231 0.43645896875 0.37810237500000005 0.4272051538461538 0.3803066274038462 0.4309637403846154 0.3959896153846154 0.4235028629807692 0.3937091995192308 0.40435018990384614
0 0.3794683485576923 0.44780820673076926 0.38266468750000004 0.45326240384615385 0.3970415432692308 0.44589694711538463 0.39509742788461544 0.42951526682692304 0.38171315625 0.4359799615384615 0.3791369927884615 0.44158396874999994 0.36189119711538464 0.44953148798076925 0.36245499519230767 0.4556746177884615 0.3794683485576923 0.44780820673076926
0 0.39895005048076926 0.4514150769230769 0.3640069230769231 0.46683110576923076 0.3653501490384615 0.47494465625 0.38311078125000003 0.4663234735576923 0.3845291778846154 0.4761631682692308 0.4005548966346154 0.46790171875000003 0.39895005048076926 0.4514150769230769
0 0.4018506418269231 0.4744666033653846 0.3840059350961538 0.48600763461538465 0.38222502403846154 0.4775791995192308 0.37482838701923077 0.48221755769230773 0.37558654807692304 0.4883807259615385 0.36963897115384614 0.4911020985576923 0.3688907019230769 0.4803282451923077 0.36549505528846155 0.48208301442307694 0.3683036586538462 0.5002681298076923 0.3853541057692308 0.49479866346153845 0.3876528197115385 0.4997729014423077 0.40284520192307693 0.4909790072115384 0.4018506418269231 0.4744666033653846
0 0.3684826899038462 0.5115887403846154 0.3699624134615384 0.5209379759615385 0.3892883293269231 0.5111717548076923 0.39012957451923075 0.520833014423077 0.4056463894230769 0.5111459927884615 0.4022255192307692 0.49424141105769226 0.3684826899038462 0.5115887403846154
0 0.38711770432692305 0.5380543894230769 0.3848046490384615 0.5337977091346153 0.3829836802884615 0.5208282451923076 0.38079821875 0.5264790072115384 0.3714243317307692 0.5317977091346153 0.37381107932692303 0.55143034375 0.4086908990384615 0.5347166033653846 0.40534817067307694 0.5174093509615385 0.3894881298076923 0.5247566802884616 0.39005984134615385 0.5374751899038461 0.38711770432692305 0.5380543894230769