0 0.4892441418269231 0.5930694014423077 0.6159755865384615 0.5660788653846154 0.6130766610576923 0.5312515769230769 0.47601269471153845 0.561751576923077 0.478267576923077 0.5847334375 0.487890625 0.5816900625 0.4892441418269231 0.5930694014423077
0 0.5683310552884615 0.6600039423076923 0.5787763677884615 0.6584029975961538 0.6409277331730769 0.6466892740384615 0.6405283197115386 0.6364858052884615 0.56800390625 0.6517310721153847 0.5683310552884615 0.6600039423076923
0 0.5654741201923077 0.6192720817307692 0.5691801754807693 0.6190512620192308 0.6192055673076923 0.6092255528846153 0.6184775384615384 0.5994053629807692 0.5654799807692308 0.6107452692307692 0.5654741201923077 0.6192720817307692
0 0.1224399423076923 0.6179850168269231 0.11081347596153845 0.6307302836538462 0.10574462980769231 0.6191900625 0.08188183653846154 0.6440970024038462 0.09277929567307693 0.6759992115384615 0.10902734375 0.7223738173076922 0.13362011778846153 0.6984077283653847 0.13021191346153846 0.6836774447115384 0.14225585817307693 0.6722886442307693 0.1224399423076923 0.6179850168269231
0 0.052416992788461535 0.6686451105769231 0.04741357451923077 0.6733304423076922 0.06423486298076923 0.720880125 0.06941894471153846 0.7167208197115384 0.052416992788461535 0.6686451105769231
0 0.1582866201923077 0.749570189903846 0.1456469735576923 0.7449842259615385 0.14394482451923077 0.7535623028846155 0.1571875 0.758561514423077 0.1758696298076923 0.7585441634615384 0.1892270504807692 0.7549053629807693 0.1871625985576923 0.7459645120192308 0.17619189423076922 0.7496537860576923 0.1582866201923077 0.749570189903846
0 0.17565624999999999 0.7794794951923076 0.1526015625 0.778928233173077 0.13684081971153847 0.77344321875 0.13550586057692307 0.7818580432692308 0.14120068269230768 0.784615141826923 0.158609375 0.7889455841346155 0.18227148317307693 0.7882555216346153 0.20052587980769232 0.7836640384615384 0.1985678701923077 0.7740764975961538 0.17565624999999999 0.7794794951923076
0 0.1190493173076923 0.7891995264423077 0.10320605528846155 0.7750843846153846 0.09002294951923077 0.7625764975961539 0.08736132692307692 0.7700323341346155 0.09514404326923077 0.7782594639423077 0.11623095673076923 0.7969842259615384 0.1190493173076923 0.7891995264423077
0 0.11187206971153846 0.8109471610576923 0.09531640625000001 0.7996774447115385 0.08024267548076923 0.7830039423076923 0.06743847596153846 0.7635354879807692 0.05822412019230769 0.7423044158653845 0.05327343750000001 0.7492003149038461 0.06453418028846154 0.7714495264423077 0.07797119230769231 0.7907712932692307 0.09295361298076923 0.8082547307692308 0.10925683653846154 0.819098579326923 0.11187206971153846 0.8109471610576923
0 0.5299760745192308 0.2173690841346154 0.5097631826923077 0.2340362764423077 0.5268217764423077 0.28790142067307695 0.5460107427884615 0.2714929014423077 0.5299760745192308 0.2173690841346154
0 0.49456591826923074 0.20676656249999997 0.46672363221153845 0.24849132451923076 0.480390625 0.2720378557692308 0.5075131826923077 0.22777365865384616 0.49456591826923074 0.20676656249999997
0 0.42883837980769235 0.35471608894230766 0.4255112307692308 0.36188801201923076 0.4607724615384615 0.3942247644230769 0.46390234375 0.38723659374999997 0.42883837980769235 0.35471608894230766
0 0.41168603605769233 0.37150631009615387 0.40737890625 0.3794850168269231 0.4274052740384615 0.40426419471153846 0.43120605528846156 0.3959463725961539 0.41168603605769233 0.37150631009615387