0 0.6977950985576923 0.7659373774038462 0.7165383149038462 0.7661508774038462 0.7143445624999999 0.7291817788461539 0.7014449759615384 0.7285986009615384 0.6977950985576923 0.7659373774038462
0 0.8983602307692308 0.7093096057692307 0.8975102836538462 0.7031073052884615 0.719752375 0.7009889302884615 0.7189937043269231 0.73864146875 0.8754643269230769 0.7411768124999999 0.8765634326923077 0.7147611153846154 0.8896749326923078 0.7145563605769231 0.8894302500000001 0.7093433197115384 0.8983602307692308 0.7093096057692307
0 0.865580076923077 0.60597078125 0.8660104086538462 0.6096139134615385 0.8893800336538462 0.6107165216346154 0.8904418677884615 0.5972280168269231 0.8970556370192307 0.5973049735576923 0.8976402163461539 0.5783064206730769 0.678902735576923 0.5771476971153846 0.6810455096153846 0.6156807403846154 0.8295646274038462 0.6146562884615384 0.8303096826923078 0.6059946875000001 0.865580076923077 0.60597078125
0 0.9007094855769231 0.5618934879807692 0.9042493822115384 0.5524670625 0.6886432307692308 0.5507724711538462 0.6873111201923077 0.5609865552884615 0.9007094855769231 0.5618934879807692
0 0.3286868653846154 0.7524501057692308 0.3238352283653846 0.7167024807692308 0.20567887499999998 0.7149745576923077 0.2019553341346154 0.7341959591346154 0.18648019951923075 0.7360780240384616 0.18893251442307693 0.7517146201923077 0.3286868653846154 0.7524501057692308
0 0.4736492860576923 0.30580273557692306 0.47574843509615383 0.28384765384615385 0.3490290745192308 0.27947299999999997 0.34806137740384613 0.3014984831730769 0.4736492860576923 0.30580273557692306
0 0.39845166346153843 0.32864530288461535 0.3511834615384615 0.3291113701923077 0.3502087764423077 0.3486107043269231 0.3992381129807692 0.3491723125 0.39845166346153843 0.32864530288461535
0 0.4875743870192308 0.2691158870192308 0.5109317235576923 0.25486193509615385 0.4176380865384616 0.20517448076923075 0.39470597596153845 0.21910882211538463 0.4875743870192308 0.2691158870192308
0 0.4808164807692308 0.16906060817307692 0.4547096105769231 0.18395109615384617 0.5379584326923077 0.2401397716346154 0.5657630240384616 0.2258474831730769 0.4808164807692308 0.16906060817307692
0 0.5952627932692308 0.2986905048076923 0.612377701923077 0.2888162524038461 0.6196559471153846 0.2928863461538462 0.6457058966346154 0.2755711778846154 0.5792343725961538 0.23663988701923078 0.5357753942307693 0.2629171201923077 0.5952627932692308 0.2986905048076923
0 0.6910815456730769 0.3321549663461539 0.6949394423076923 0.3351154230769231 0.6903992043269231 0.33811015144230766 0.696169360576923 0.34067495673076925 0.685080326923077 0.34833699759615383 0.7378910048076922 0.38326212499999995 0.7823342451923078 0.3578950384615384 0.7146464158653847 0.31809065625 0.6910815456730769 0.3321549663461539
0 0.7461657259615385 0.3979299519230769 0.7197997908653846 0.4126228677884616 0.8076059471153846 0.46814977163461535 0.8297161562500001 0.45394858653846154 0.7461657259615385 0.3979299519230769
0 0.6954018677884615 0.4167844927884615 0.6618843533653845 0.41853233653846156 0.6620972572115384 0.49308608653846153 0.6973599807692307 0.49215039903846153 0.6954018677884615 0.4167844927884615
0 0.5478833004807693 0.44660287019230765 0.5556275192307693 0.4434326081730769 0.5740051201923078 0.452360360576923 0.5866940985576923 0.44615980769230773 0.5966499086538462 0.45246271634615387 0.6203977259615385 0.4392269615384615 0.6130099879807692 0.4332931009615385 0.6245531370192308 0.42393619230769236 0.6192116322115384 0.42103257932692306 0.6161563990384615 0.4226675264423077 0.606974 0.41618869230769234 0.6025245432692308 0.4186307716346154 0.59188128125 0.41087880288461537 0.5828320048076923 0.41606047355769227 0.5547980336538462 0.4029480889423077 0.49751464663461537 0.3706551033653846 0.49748140384615386 0.3670766105769231 0.4856735673076923 0.3623796826923077 0.4888997716346154 0.36007069711538464 0.4775856706730769 0.3527237524038461 0.4841175528846154 0.34883721394230766 0.4726831346153846 0.3420843221153846 0.47949723798076926 0.3386384543269231 0.4656139375 0.32704047596153846 0.4479719182692307 0.3352145432692308 0.43778069471153847 0.32798157692307695 0.41294290144230766 0.3414443221153846 0.4236401826923077 0.34612365624999997 0.41213376201923074 0.35356277163461536 0.4206963581730769 0.3583761875 0.4160718173076923 0.3627639158653846 0.4247893341346154 0.3678486153846154 0.4188181466346154 0.3723956225961539 0.4287084158653846 0.3784330336538462 0.4246000528846154 0.3828112451923077 0.4434708605769231 0.39753508173076924 0.4425473293269231 0.39942426682692306 0.48895024278846155 0.42888217788461536 0.5116263966346154 0.4373911057692308 0.5320920024038461 0.4442851490384615 0.5371080384615385 0.44037790384615383 0.5478833004807693 0.44660287019230765
0 0.8697548870192308 0.4319187596153846 0.8972546778846154 0.4156479014423077 0.8022224038461538 0.3645416033653846 0.7778677788461539 0.37995239663461533 0.8697548870192308 0.4319187596153846