0 0.31876416105769234 0.8180516129807691 0.2531381826923077 0.7868717740384615 0.25060107451923075 0.8009419350961539 0.31508984375 0.8333903221153847 0.31876416105769234 0.8180516129807691
0 0.3045727548076923 0.8984774182692308 0.3133417980769231 0.8457798389423077 0.2494418942307692 0.81540403125 0.24284033173076924 0.8667741947115384 0.3045727548076923 0.8984774182692308
0 0.2413432620192308 0.8808177427884616 0.23815918028846153 0.9074822572115384 0.3003500985576923 0.9330927427884615 0.3033671875 0.9148169350961539 0.2413432620192308 0.8808177427884616
0 0.3320253918269231 0.8624088701923077 0.32816552644230773 0.8856395168269231 0.36172802644230767 0.9030798389423077 0.3628852548076923 0.8927612908653846 0.35955956971153846 0.8913919350961539 0.3621030264423077 0.8763620961538462 0.3320253918269231 0.8624088701923077
0 0.3242133798076923 0.9147919350961539 0.3546157235576923 0.9291475817307693 0.3565439447115385 0.9155112908653845 0.36051611298076924 0.9178322572115385 0.36173486298076923 0.9076338701923077 0.3287036129807692 0.8897467740384616 0.3242133798076923 0.9147919350961539
0 0.3219702139423077 0.9314903221153846 0.32047949278846155 0.941381451923077 0.3507553701923077 0.9538491947115385 0.3517407235576923 0.9473217740384615 0.3219702139423077 0.9314903221153846
0 0.45562011778846156 0.9796951610576923 0.465234375 0.9266991947115385 0.39946533173076926 0.9008177427884616 0.3900302740384615 0.9550008052884615 0.45562011778846156 0.9796951610576923
0 0.4671142572115385 0.90915403125 0.47103125 0.8864395168269231 0.40578466826923076 0.8595588701923076 0.4017666009615385 0.8853491947115385 0.4671142572115385 0.90915403125
0 0.57058203125 0.9204806442307691 0.5680288076923077 0.9357733870192307 0.635955076923077 0.9543233870192308 0.6376982427884615 0.9427758052884615 0.57058203125 0.9204806442307691
0 0.6280791009615385 1 0.6324238269230769 0.9700516129807693 0.5672304687499999 0.9521612908653846 0.5589086923076922 1 0.6280791009615385 1
0 0.5317338870192307 1 0.5396840817307692 0.9484483870192307 0.5079799807692308 0.9360991947115385 0.5056616201923076 0.9514572572115385 0.5020991201923077 0.9502241947115385 0.49658593749999996 0.9757645168269231 0.5030009759615385 0.9784056442307693 0.49875586057692306 0.9905870961538461 0.5268647451923077 1 0.5317338870192307 1