0 0.4091998028846154 0.7155715649038462 0.4046978245192308 0.7673187019230769 0.40110731971153846 0.831611641826923 0.5208199807692308 0.8725333966346154 0.5258491586538462 0.8095648846153847 0.5314995048076923 0.7586898846153846 0.4091998028846154 0.7155715649038462
0 0.38645993990384614 0.8284169855769231 0.39203956490384617 0.7482700384615384 0.37201879326923076 0.742708014423077 0.36393669711538457 0.7936049615384615 0.37009000961538463 0.8239780528846155 0.38645993990384614 0.8284169855769231
0 0.41981750721153843 0.5468425576923077 0.41704648798076926 0.5351898846153846 0.42172255288461535 0.5002805336538462 0.3857448076923077 0.4898282451923077 0.37193323557692304 0.6358520985576923 0.38853808173076926 0.6410505721153845 0.3916899110576923 0.632374045673077 0.4117136490384615 0.6397814879807692 0.41981750721153843 0.5468425576923077
0 0.4326493581730769 0.6559885504807692 0.47112067307692307 0.6678673653846154 0.48435905048076927 0.5211106875 0.4477769543269231 0.5096679399038462 0.4326493581730769 0.6559885504807692
0 0.5458496538461538 0.5355124038461538 0.5345588533653847 0.5309656490384616 0.5354104855769231 0.519275764423077 0.5227368942307693 0.5153358774038461 0.5218555889423077 0.5261746177884615 0.5171632043269231 0.5247080144230769 0.5178748774038462 0.5149398846153846 0.5131379831730769 0.5130515264423077 0.5116735913461539 0.5338435120192307 0.5454149350961539 0.5434904591346154 0.5458496538461538 0.5355124038461538
0 0.5391988125 0.5521774807692308 0.5318264086538462 0.5504637403846154 0.5323620168269231 0.5431125961538462 0.5219638966346154 0.5406860697115385 0.5214653798076923 0.5481717548076923 0.5156973293269231 0.5471774807692308 0.5160855576923077 0.5381555336538462 0.5091473798076923 0.5362748100961539 0.5079243317307692 0.5524513365384616 0.5428961418269231 0.5649618317307692 0.5448120673076923 0.5462776706730769 0.5399154302884616 0.5464885504807693 0.5391988125 0.5521774807692308
0 0.5410761610576923 0.5761288173076923 0.5177181009615385 0.5644198461538461 0.5169831850961539 0.5777948461538461 0.5137903076923077 0.5769293894230769 0.514532641826923 0.5667337788461538 0.50661078125 0.56555534375 0.5066721057692308 0.5850362596153846 0.5246706225961538 0.5880458004807692 0.5395722067307692 0.5967729014423078 0.5410761610576923 0.5761288173076923
0 0.49475667548076924 0.6773416033653846 0.5320390697115385 0.6896354951923077 0.5388639951923077 0.6010333966346153 0.5024876370192307 0.5911879759615385 0.49475667548076924 0.6773416033653846
0 0.568260139423077 0.7707862596153846 0.5718511370192307 0.7837185120192308 0.5826899110576923 0.7854083966346154 0.5864990120192307 0.7828015264423077 0.5915786346153846 0.7861679399038461 0.6025919879807693 0.7917585889423078 0.6061389711538461 0.75609828125 0.5875326418269231 0.7510543894230769 0.5880128581730769 0.743859733173077 0.5710741850961538 0.7377700384615384 0.568260139423077 0.7707862596153846
0 0.6097453004807692 0.7367671754807692 0.5898417403846155 0.7301975192307691 0.5903714134615384 0.7191421754807692 0.5746473798076923 0.716596375 0.5737225528846154 0.7314809158653847 0.6079757668269231 0.7463225192307692 0.6097453004807692 0.7367671754807692
0 0.5915687427884616 0.7050925576923077 0.5918056370192308 0.6964179399038462 0.578910485576923 0.6937814879807692 0.5745123629807692 0.7120505721153846 0.5831226514423077 0.7131412211538461 0.5880430264423077 0.7138282451923076 0.5908481706730769 0.7158101153846155 0.5922279927884616 0.7195887403846153 0.59840059375 0.7208721370192308 0.5989604350961538 0.7131879759615385 0.6014451033653846 0.7138616418269231 0.6049643918269231 0.7221374038461538 0.6045820961538462 0.7283416033653847 0.6101632043269231 0.7298549615384615 0.6115380817307693 0.7098024807692307 0.5915687427884616 0.7050925576923077
0 0.5790375865384616 0.6906459927884616 0.5920074182692308 0.6940286250000001 0.5957363990384615 0.6905524807692308 0.6123229471153846 0.7018139302884615 0.6143600384615385 0.6885162211538461 0.5946033629807692 0.6831679399038462 0.5953046490384616 0.6735429399038462 0.5915024735576924 0.6725124038461539 0.5894421370192308 0.6748635504807693 0.57755390625 0.6748578245192308 0.576544016826923 0.68427671875 0.5790375865384616 0.6906459927884616
0 0.5784708221153847 0.6681755721153846 0.5967561826923077 0.6713349230769231 0.5961132548076923 0.67845896875 0.60308803125 0.6808167932692307 0.6037378822115385 0.669443701923077 0.6087522259615384 0.6708034350961539 0.6083298725961538 0.6803540072115385 0.6157680504807692 0.681640266826923 0.616579625 0.6645038173076923 0.5974648870192307 0.658902670673077 0.596197329326923 0.6537814879807692 0.5802502475961538 0.6488263365384616 0.5784708221153847 0.6681755721153846
0 0.6003803173076923 0.6389083966346154 0.59854253125 0.6314780528846153 0.5838170120192308 0.6274188942307692 0.5822893173076923 0.6439646947115385 0.595918891826923 0.6481040072115385 0.5994248269230769 0.6448874038461538 0.6169089999999999 0.6505734735576923 0.6176340264423076 0.6444933197115384 0.6003803173076923 0.6389083966346154
0 0.5831780408653846 0.62090171875 0.6184648870192307 0.6330534350961539 0.6188714134615385 0.6245725192307692 0.6007774471153846 0.6191192740384615 0.601464391826923 0.6089923653846154 0.5850390697115384 0.6045152668269231 0.5831780408653846 0.62090171875
0 0.5851760625 0.5974952283653846 0.6039396634615385 0.6003244278846154 0.6038719086538461 0.6094255721153846 0.6116201778846154 0.6107328245192307 0.6121701274038461 0.604486641826923 0.6181958461538462 0.6064656490384616 0.6167027692307693 0.6169484735576922 0.6201844711538461 0.6178921754807691 0.6212814038461538 0.5990353052884616 0.604478733173077 0.5912166033653846 0.6033704254807692 0.5849055336538462 0.5876043509615385 0.5815458004807692 0.5851760625 0.5974952283653846
0 0.623409 0.5884799615384615 0.6239406538461538 0.5787585889423077 0.6041726009615385 0.5731793894230769 0.60535509375 0.56365171875 0.5891102860576922 0.5608702283653846 0.5888358052884615 0.5790104951923077 0.623409 0.5884799615384615
0 0.611615233173077 0.55006965625 0.612882295673077 0.5557318701923077 0.6119322451923077 0.5690419855769231 0.61508803125 0.5654885504807692 0.6247942620192308 0.5676603052884615 0.6265731947115385 0.5477881682692307 0.5910811081730769 0.5368788173076923 0.5906533125 0.5553291995192308 0.6067403557692308 0.5605229014423077 0.6087898125 0.5483845408653847 0.611615233173077 0.55006965625