0 0.7699819326923076 0.3187680072115385 0.7711196298076923 0.30012562740384613 0.7341704110576923 0.2971834182692308 0.732953125 0.3099530985576923 0.7699819326923076 0.3187680072115385
0 0.7234482427884615 0.11111306490384616 0.7172255865384615 0.11109966586538461 0.7063422860576923 0.28788609615384614 0.7438271490384616 0.2938643221153846 0.7540751947115385 0.13834170913461538 0.7278051754807693 0.13358291346153847 0.7282480480769231 0.12049330048076924 0.7230410144230769 0.1200134014423077 0.7234482427884615 0.11111306490384616
0 0.6188500985576924 0.1294355120192308 0.6225019519230769 0.12951172596153845 0.62475390625 0.10638442307692308 0.6113647451923077 0.10345561057692308 0.611767579326923 0.09687772115384616 0.5928637692307692 0.09365996634615385 0.5809145504807692 0.31140284855769235 0.6194199206730769 0.3146130649038461 0.6257280264423077 0.16651758894230767 0.6171333004807693 0.16457453846153847 0.6188500985576924 0.1294355120192308
0 0.5766591802884615 0.08832579567307691 0.5674399423076923 0.08349246153846154 0.5551118173076923 0.298041875 0.5652246081730768 0.30078559375 0.5766591802884615 0.08832579567307691
0 0.7383266610576923 0.6845988269230769 0.7024633798076922 0.6844740360576923 0.6949106442307692 0.8019405360576923 0.7138818365384616 0.8083157451923076 0.7149936514423078 0.8239924615384615 0.730697266826923 0.82371859375 0.7383266610576923 0.6845988269230769
0 0.3003818365384615 0.4782386923076923 0.2786064447115385 0.4731021778846154 0.26799316346153845 0.5987319927884616 0.28989453125 0.6027512572115384 0.3003818365384615 0.4782386923076923
0 0.31943408173076926 0.5563182572115385 0.3175659182692308 0.6034706875 0.33694970673076924 0.6071465673076923 0.33992871153846155 0.5583819086538462 0.31943408173076926 0.5563182572115385
0 0.2645092764423077 0.45927805769230773 0.25145751923076926 0.43403266346153846 0.1973383798076923 0.5200795649038461 0.21009277403846155 0.5448567836538462 0.2645092764423077 0.45927805769230773
0 0.1644672860576923 0.45213316586538466 0.1780180673076923 0.48020519230769226 0.23812011778846154 0.40506700240384613 0.22524951201923077 0.37538609615384616 0.1644672860576923 0.45213316586538466
0 0.2992954110576923 0.3561021778846154 0.2903002932692308 0.33768341826923076 0.29471533173076925 0.3309974879807692 0.2787456057692308 0.30264489182692306 0.23666894471153846 0.36346314903846155 0.2607104495192308 0.4104011730769231 0.2992954110576923 0.3561021778846154
0 0.3373725576923077 0.2652906201923077 0.3405131826923077 0.26185762259615386 0.3432734375 0.26679564423076924 0.34611376923076925 0.26140368509615386 0.35320214903846153 0.2735134014423077 0.3906123052884615 0.22574790625000002 0.3675263677884616 0.17795561057692308 0.32452001923076923 0.2398643221153846 0.3373725576923077 0.2652906201923077
0 0.4056376947115385 0.2195393629807692 0.41897851682692305 0.2478425456730769 0.4786459951923077 0.16807286538461538 0.4655849615384616 0.1440770528846154 0.4056376947115385 0.2195393629807692
0 0.421921875 0.2727244567307692 0.4220092764423077 0.30635678365384617 0.49631543028846153 0.31648492548076923 0.49712304567307697 0.28122696875000003 0.421921875 0.2727244567307692
0 0.4443569326923077 0.4238165817307692 0.4415795889423077 0.4156624783653846 0.45138330048076925 0.3985929639423077 0.4458305673076923 0.3850921274038462 0.4526030264423077 0.3760485769230769 0.44058496153846155 0.3505552764423077 0.43430712980769226 0.3570921274038461 0.42555224519230767 0.34429564423076925 0.4223950192307692 0.34921356730769226 0.4238735360576923 0.3524840865384615 0.4169643557692308 0.3607328317307692 0.4191782235576923 0.3655041875 0.4109277355769231 0.3750318269230769 0.41564501923076924 0.38476465625 0.4011948245192307 0.41087353365384616 0.36618701201923076 0.46345979807692306 0.3626191394230769 0.46299664903846155 0.35735595673076925 0.4741072019230769 0.35521386778846153 0.4705737019230769 0.3473339855769231 0.48082579567307693 0.3437836923076923 0.4737797331730769 0.33648974519230773 0.48423366826923075 0.3333920889423077 0.4769673365384615 0.3211494134615384 0.4891892788461538 0.3284243173076923 0.5078978221153846 0.3207133798076923 0.5170469014423077 0.3329038076923077 0.543657454326923 0.33809472596153844 0.5336499158653847 0.3449404302884615 0.5461440528846153 0.3501596682692308 0.5382822451923077 0.3543037115384615 0.5434974879807692 0.3598012692307692 0.5355184254807692 0.3640375985576923 0.5420971514423077 0.37054248076923074 0.533082076923077 0.37470263701923073 0.5377822451923077 0.3903066394230769 0.521025125 0.39214355528846156 0.5222077043269231 0.4237895504807693 0.48006700240384614 0.43338769471153843 0.45865745432692306 0.44126806730769236 0.4392261298076923 0.43762158173076926 0.43368760576923077 0.4443569326923077 0.4238165817307692
0 0.4456074230769231 0.10113484134615384 0.43075 0.07148325 0.3751313485576923 0.15906532692307693 0.3892871081730769 0.1854639855769231 0.4456074230769231 0.10113484134615384