0 0.6227919927884616 0.3674150120192308 0.6248212884615385 0.3420388269230769 0.4860634759615384 0.3334434855769231 0.4864516610576923 0.3570491802884615 0.6227919927884616 0.3674150120192308
0 0.6220659182692307 0.39937187259615387 0.6237314447115385 0.3719119927884615 0.48591894471153846 0.36213287259615384 0.4858071298076923 0.38381622115384617 0.6220659182692307 0.39937187259615387
0 0.6228608389423077 0.41924503846153843 0.6228115240384615 0.40464797355769233 0.48513085817307694 0.39030284615384614 0.48460742307692306 0.40640552163461535 0.6228608389423077 0.41924503846153843
0 0.6221274423076923 0.45360483173076926 0.6225537115384616 0.4278533221153846 0.48366992307692314 0.4170327860576923 0.48312499999999997 0.4406557379807692 0.6221274423076923 0.45360483173076926
0 0.618353514423077 0.4731320096153846 0.6216342764423076 0.46058930048076924 0.4820756826923077 0.4449344254807693 0.4815644543269231 0.45984814423076925 0.618353514423077 0.4731320096153846
0 0.6200849615384616 0.5085340817307692 0.6213764639423077 0.4837946514423077 0.49199706971153845 0.4705358076923077 0.48943212980769235 0.4961035384615385 0.6200849615384616 0.5085340817307692
0 0.6194936514423077 0.5266678173076923 0.6201586923076923 0.5115202764423077 0.4811059567307692 0.49949784375 0.48152246153846157 0.5130405528846154 0.6194936514423077 0.5266678173076923
0 0.6166035168269232 0.5616169110576923 0.6194531249999999 0.5340854182692307 0.4789760745192308 0.5235625528846154 0.477787110576923 0.5466358918269231 0.6166035168269232 0.5616169110576923
0 0.6173334951923077 0.5799456418269231 0.6172333990384615 0.5656151850961538 0.47825390624999997 0.5540517692307693 0.47757226682692305 0.5667109567307692 0.6173334951923077 0.5799456418269231
0 0.6151416009615385 0.6138248485576923 0.6167407235576923 0.5917592740384615 0.4777690432692308 0.5751069879807692 0.4764033197115385 0.5995073341346153 0.6151416009615385 0.6138248485576923
0 0.6143935552884615 0.6308878341346154 0.6146704110576923 0.6189197572115385 0.4758847668269231 0.605529766826923 0.47536914182692314 0.6215772211538462 0.6143935552884615 0.6308878341346154
0 0.611091798076923 0.6721509927884616 0.6130048822115385 0.6460043149038461 0.4842890625 0.6325720456730769 0.48341796875000004 0.6579991370192307 0.611091798076923 0.6721509927884616
0 0.6108813485576923 0.6901285600961539 0.6118300769230769 0.6744460745192308 0.4760795889423077 0.6607670408653846 0.47434863221153845 0.675536670673077 0.6108813485576923 0.6901285600961539
0 0.6087832043269231 0.7431492668269232 0.6122119134615385 0.6946376177884616 0.4731464831730769 0.6821069879807692 0.4721015625 0.7311087139423077 0.6087832043269231 0.7431492668269232
0 0.6078686514423077 0.8163192403846153 0.6095209951923077 0.7457946514423077 0.4722392572115384 0.7346100096153846 0.4712817379807692 0.8029896466346155 0.6078686514423077 0.8163192403846153