0 0.3326386730769231 0.8381572572115386 0.26585546875 0.8146137091346154 0.26391894471153843 0.8289419350961539 0.32962109375000004 0.8538822572115384 0.3326386730769231 0.8381572572115386
0 0.32187890625 0.9200217740384615 0.32840087980769234 0.8664427427884616 0.2633730480769231 0.8435032259615384 0.2589575192307692 0.8955080649038462 0.32187890625 0.9200217740384615
0 0.25805761778846154 0.9096903221153846 0.2560073245192308 0.936656451923077 0.3191284182692308 0.9550395168269231 0.32136621153846157 0.9364612908653847 0.25805761778846154 0.9096903221153846
0 0.34774121153846155 0.8808782259615384 0.3448715817307692 0.9044975817307692 0.3790888677884615 0.9180282259615384 0.3798076177884615 0.9076016129807692 0.3764321298076923 0.9066185480769231 0.37833447355769234 0.8913322572115384 0.34774121153846155 0.8808782259615384
0 0.34216064423076925 0.9340338701923077 0.37309521394230766 0.9448524182692307 0.3744428701923077 0.9310266129807693 0.37850293028846155 0.9328846778846154 0.3792880865384615 0.9225709687499999 0.34558203125 0.9085322572115384 0.34216064423076925 0.9340338701923077
0 0.3406284182692308 0.95095 0.33955859374999997 0.9609887091346153 0.3702875985576923 0.9699379038461539 0.3709946298076923 0.9633129038461538 0.3406284182692308 0.95095
0 0.47598828125 0.983639516826923 0.48334081971153847 0.9296653221153846 0.4166386706730769 0.9114233870192308 0.409515625 0.9665620961538461 0.47598828125 0.983639516826923
0 0.48447509855769233 0.9119467740384616 0.4874233389423077 0.8888354831730769 0.42120019471153847 0.8695370961538462 0.41828125 0.8957282259615386 0.48447509855769233 0.9119467740384616
0 0.5881694326923077 0.9113241947115385 0.5862680673076923 0.9268741947115384 0.6548125 0.9375532259615385 0.6560634759615385 0.9258330649038461 0.5881694326923077 0.9113241947115385
0 0.6472705072115384 1 0.6519541009615384 0.9536499999999999 0.5861635745192307 0.943314516826923 0.5794399423076924 0.9954282259615385 0.6034926754807692 1 0.6472705072115384 1
0 0.5247153317307692 0.9497056442307692 0.521109375 0.9488854831730769 0.5166884759615384 0.9749983870192308 0.5231997067307692 0.9768951610576924 0.5194790048076923 0.9895346778846155 0.5526010745192308 0.9967 0.5585278317307693 0.9427846778846154 0.5263793942307692 0.9341177427884616 0.5247153317307692 0.9497056442307692