0 0.41056250000000005 0.30079723798076924 0.39606152403846157 0.30033045673076925 0.4081435552884616 0.54474115625 0.42135546874999996 0.5411837788461539 0.41056250000000005 0.30079723798076924
0 0.42860107451923074 0.29817601442307695 0.4129736322115385 0.2986013798076923 0.42427587980769227 0.54149784375 0.4364692379807692 0.5390509062500001 0.42860107451923074 0.29817601442307695
0 0.4396669927884615 0.2943597932692308 0.43147363221153845 0.29622519471153846 0.4401953125 0.5394469375000001 0.4493041995192308 0.5384029326923077 0.4396669927884615 0.2943597932692308
0 0.45905615144230766 0.29145815384615387 0.4445395504807692 0.29384900721153845 0.45538720673076927 0.5387515096153846 0.4687231442307693 0.5368283004807692 0.45905615144230766 0.29145815384615387
0 0.47048437499999995 0.2956980144230769 0.4630395504807692 0.2914728221153846 0.47125390625 0.5381475408653846 0.4796933581730769 0.537226920673077 0.47048437499999995 0.2956980144230769
0 0.4901591802884615 0.28834685096153845 0.47610546875000004 0.2890966346153846 0.4844252932692308 0.5176264014423076 0.49909912019230773 0.5190094903846154 0.4901591802884615 0.28834685096153845
0 0.5004165048076923 0.2871742884615385 0.4918271490384616 0.2878533221153846 0.5020205072115385 0.5331993100961538 0.5095766610576923 0.5308179471153847 0.5004165048076923 0.2871742884615385
0 0.5203999014423076 0.28798360576923077 0.5045878894230769 0.28634081009615386 0.5157973629807693 0.5340017259615385 0.52890234375 0.533274375 0.5203999014423076 0.28798360576923077
0 0.5306059567307693 0.28446937019230767 0.5225688485576924 0.28639171634615385 0.5330112307692307 0.5315521995192308 0.540205076923077 0.5312053485576923 0.5306059567307693 0.28446937019230767
0 0.5499033197115385 0.28418550480769234 0.5373139639423077 0.28406988701923075 0.5448969735576923 0.5298369278846153 0.5587690432692308 0.52925884375 0.5499033197115385 0.28418550480769234
0 0.5595786129807693 0.28341760096153845 0.552822266826923 0.2843908533653846 0.56221484375 0.5294339951923077 0.5712915048076923 0.5283830889423077 0.5595786129807693 0.28341760096153845
0 0.5831582043269231 0.2841794639423077 0.5682387692307692 0.2840103533653846 0.5763803701923077 0.5113986201923078 0.5907690432692307 0.5098274375 0.5831582043269231 0.2841794639423077
0 0.5932817379807692 0.2823580673076923 0.5843574206730769 0.28260569471153846 0.5932177740384615 0.5223606562499999 0.6017250985576923 0.5235962043269231 0.5932817379807692 0.2823580673076923
0 0.6233193365384615 0.2795763581730769 0.5956528317307692 0.27947454807692307 0.6055620120192308 0.5249042283653846 0.6332138677884616 0.5207653149038461 0.6233193365384615 0.2795763581730769
0 0.6645302740384615 0.2722622956730769 0.6247153317307692 0.2779594471153846 0.6351635745192308 0.5200966346153846 0.6736889639423077 0.5134426225961538 0.6645302740384615 0.2722622956730769