0 0.6314243317307693 0.6134246177884616 0.6584960432692307 0.6084227091346154 0.6916127596153847 0.59847328125 0.6811157259615384 0.36478053365384616 0.6482898125 0.3717051538461539 0.6213570721153846 0.37434255769230773 0.6314243317307693 0.6134246177884616
0 0.6938041538461538 0.62659828125 0.6522359038461538 0.6369427475961539 0.6546325408653846 0.67569465625 0.6822057379807693 0.6775830144230769 0.6958189903846154 0.6582547716346153 0.6938041538461538 0.62659828125
0 0.5442037596153846 0.6373082067307692 0.5390875360576923 0.6454875961538461 0.5204000985576923 0.6458091610576923 0.5244792283653846 0.7155639302884615 0.6011592475961538 0.7035104951923077 0.5994638966346154 0.6712194663461539 0.5943046490384616 0.6675906490384615 0.5928303653846154 0.6283559158653845 0.5442037596153846 0.6373082067307692
0 0.5955252235576923 0.5851450384615384 0.5915153317307692 0.510374045673077 0.5146167163461539 0.5236851153846154 0.5183560841346154 0.5948234735576923 0.5955252235576923 0.5851450384615384
0 0.5059124639423077 0.40536164182692314 0.5065583581730769 0.42758015384615383 0.5004856586538462 0.42901908413461537 0.5017927788461539 0.45365744230769234 0.5074470817307692 0.45249427403846154 0.5079273004807692 0.46161927403846154 0.5028531153846154 0.4628215649038462 0.50313353125 0.4721374038461539 0.5139218605769231 0.4694847331730769 0.5100187932692308 0.4041059158653846 0.5059124639423077 0.40536164182692314
0 0.5159762620192307 0.41344274759615385 0.5170267067307692 0.4276259543269231 0.5132082091346154 0.42853053365384614 0.5146844711538462 0.4485362596153846 0.5185608317307693 0.447528625 0.5195563798076923 0.45853530528846154 0.5149391682692308 0.4601469471153846 0.5157927788461538 0.47356393028846155 0.5242082091346154 0.47165648798076926 0.5214198822115385 0.4032433197115385 0.5115702283653847 0.40450858894230773 0.512943125 0.4135801538461538 0.5159762620192307 0.41344274759615385
0 0.527481701923077 0.40374522836538457 0.5276651826923077 0.45030725240384617 0.5345514350961539 0.44821469471153846 0.5349446081730769 0.45438931250000003 0.5296478725961539 0.45564408413461543 0.5311088028846154 0.4707127860576923 0.540845201923077 0.46555725240384616 0.5376938677884615 0.4312347331730769 0.5382062307692308 0.40120419951923075 0.527481701923077 0.40374522836538457
0 0.5901409495192308 0.4638721370192308 0.5866463894230769 0.39120896875 0.5405222548076923 0.4014227091346154 0.5450084086538461 0.47176240384615387 0.5901409495192308 0.4638721370192308
0 0.617899110576923 0.30270229086538464 0.6234441153846154 0.2926631682692308 0.6214846682692308 0.2720257644230769 0.6191938677884615 0.2656020985576923 0.6195642932692308 0.2552643125 0.619512858173077 0.23329198557692307 0.6007418389423077 0.23591125961538462 0.6030321466346154 0.2718921754807692 0.5993061322115385 0.27285877884615384 0.6006414447115385 0.3060038173076923 0.617899110576923 0.30270229086538464
0 0.5901305649038462 0.23419370192307692 0.5919930769230769 0.27298759615384616 0.5863209687500001 0.2748606875 0.5891162211538462 0.3048244278846154 0.5968076153846154 0.30269561057692307 0.5953724038461539 0.23501812980769232 0.5901305649038462 0.23419370192307692
0 0.57897725 0.27626622115384614 0.5745731947115384 0.27806965624999996 0.5765905048076923 0.3027843509615385 0.5868753701923077 0.3062528629807692 0.5851928774038462 0.28992366346153847 0.5842636009615385 0.28057633653846153 0.584529673076923 0.2748349230769231 0.5860637980769231 0.2712862596153846 0.5851092980769231 0.2594503822115385 0.5811172115384615 0.26039599278846154 0.5808115721153846 0.2555906490384615 0.5840435216346154 0.24689026682692308 0.5872487644230769 0.2459961826923077 0.5865618197115384 0.23520419951923077 0.5761671610576923 0.23783206009615385 0.57897725 0.27626622115384614
0 0.5749881298076923 0.3033597331730769 0.5733249254807693 0.2783129759615385 0.5706196826923077 0.27226240384615386 0.571964391826923 0.23843606971153844 0.5647799206730769 0.23808110576923078 0.5672156274038461 0.2762853052884615 0.5622156274038461 0.2774694663461538 0.5626834807692307 0.28482251923076923 0.5643941634615385 0.28805343509615383 0.5674683485576923 0.3102099230769231 0.572444608173077 0.3096545793269231 0.5749881298076923 0.3033597331730769
0 0.5638852620192307 0.3102318701923077 0.5607349158653846 0.2753358774038462 0.5644673581730769 0.27469083894230767 0.563842235576923 0.26108110576923077 0.5579807115384615 0.26281393028846156 0.5573635024038461 0.2531173653846154 0.5622542043269231 0.25143320673076924 0.5609727980769231 0.23723759615384615 0.5521839759615385 0.24016030528846155 0.5543269038461538 0.27723187019230766 0.552091 0.28092080048076923 0.5537378822115385 0.3119227091346154 0.5638852620192307 0.3102318701923077
0 0.5435628100961538 0.2769742355769231 0.5403180024038462 0.28232251923076923 0.5420974278846153 0.3108167932692308 0.5507764591346154 0.3093807259615385 0.54932096875 0.28290935096153846 0.5468031658653846 0.2772070600961538 0.5451246298076924 0.24315171875000002 0.5418931754807692 0.2433740456730769 0.5435628100961538 0.2769742355769231
0 0.5389999999999999 0.31369465625 0.5359505432692308 0.24478625961538464 0.53159940625 0.24622328124999998 0.5335524230769231 0.2813568701923077 0.5283046490384615 0.28269751923076925 0.5303145408653847 0.3144666033653846 0.5389999999999999 0.31369465625
0 0.5267645889423077 0.3160276706730769 0.5233249254807693 0.2803272908653846 0.5278986153846155 0.2780973293269231 0.5265474783653846 0.26331965625 0.5232784375 0.2639112596153846 0.5227096923076924 0.2521688942307692 0.52834371875 0.2522385504807692 0.5279154302884616 0.24550668028846154 0.5181908990384616 0.24834255769230767 0.5186251225961539 0.2816793894230769 0.5157527211538462 0.2853788173076923 0.5181513341346153 0.31563072596153846 0.5267645889423077 0.3160276706730769
0 0.5123555889423077 0.24710877884615384 0.5073511370192307 0.2486345408653846 0.5096740841346153 0.2869188942307692 0.5045984182692307 0.2871812980769231 0.507410485576923 0.3181746177884615 0.5165633028846154 0.3139923653846154 0.5123555889423077 0.24710877884615384
0 0.4961785360576923 0.27902957932692307 0.49868545913461537 0.2752032451923077 0.5055949543269231 0.273528625 0.5029990120192308 0.2685667932692308 0.5015741850961539 0.24991603125 0.4911651826923077 0.25174427403846156 0.4948897139423077 0.3207118317307692 0.5042373894230769 0.3167337788461539 0.5026740841346153 0.28540935096153847 0.4960662716346154 0.2847309158653846 0.4961785360576923 0.27902957932692307