0 0.62655078125 0.37895254567307696 0.6293286129807693 0.3537989639423077 0.49101562499999996 0.3323830889423077 0.49070410096153844 0.35599223557692306 0.62655078125 0.37895254567307696
0 0.6248789062500001 0.41079810096153846 0.62735546875 0.3835297668269231 0.4900214855769231 0.3610189807692308 0.4892680673076923 0.38266263942307693 0.6248789062500001 0.41079810096153846
0 0.6250844735576924 0.4307178605769231 0.6254677740384615 0.41613632451923077 0.4884003918269231 0.38907851682692307 0.4874003918269231 0.4051104399038462 0.6250844735576924 0.4307178605769231
0 0.6233339855769231 0.46496289903846155 0.6245229495192308 0.43928559134615386 0.4861499014423077 0.41563589182692307 0.4849057620192308 0.4391768774038462 0.6233339855769231 0.46496289903846155
0 0.6189873052884616 0.4841138918269231 0.6226347644230769 0.4718921490384615 0.48373144471153845 0.44335202644230765 0.4827792956730769 0.45819844711538465 0.6189873052884616 0.4841138918269231
0 0.6196674807692308 0.5196281274038461 0.6216899423076924 0.49504141586538464 0.4928808581730769 0.46983606490384616 0.4895620120192307 0.4951311466346154 0.6196674807692308 0.5196281274038461
0 0.6185400384615385 0.5376816225961538 0.6196528317307692 0.5226169110576924 0.4811464831730769 0.4977515096153846 0.4811616201923077 0.5113140649038461 0.6185400384615385 0.5376816225961538
0 0.6146186514423077 0.5723166514423077 0.6182797860576923 0.5450854182692308 0.4783071298076923 0.5215858509615384 0.47643652403846154 0.5445176875000001 0.6146186514423077 0.5723166514423077
0 0.6148051754807692 0.590686798076923 0.6151289062499999 0.5763666947115385 0.4766831057692308 0.5519663509615385 0.47562695192307697 0.5645452980769231 0.6148051754807692 0.590686798076923
0 0.6116123052884616 0.6243175144230769 0.6138627932692308 0.6024296802884616 0.4755751947115385 0.5729482307692307 0.47348828125 0.5971889567307692 0.6116123052884616 0.6243175144230769
0 0.6103598629807693 0.6412873173076924 0.6109907235576924 0.62936065625 0.47279248076923075 0.6031544423076923 0.47180175721153844 0.6191328725961539 0.6103598629807693 0.6412873173076924
0 0.6058408197115385 0.68218809375 0.6085258798076923 0.6562553918269232 0.4803842764423077 0.630937014423077 0.47876074278846154 0.6562493533653846 0.6058408197115385 0.68218809375
0 0.6050981442307692 0.70012165625 0.606509766826923 0.68454875 0.4713505865384615 0.6583339086538461 0.46918505769230767 0.6729240721153846 0.6050981442307692 0.70012165625
0 0.6014321298076923 0.7528766177884615 0.6062934567307692 0.7047480576923076 0.4677895504807692 0.6793735985576923 0.46529492067307693 0.7282122524038462 0.6014321298076923 0.7528766177884615
0 0.5983520504807692 0.8258610865384616 0.6020913076923077 0.7555858509615384 0.4653286129807693 0.7317213125 0.4623471682692308 0.7999180336538461 0.5983520504807692 0.8258610865384616