0 0.5035039110576923 0.6266606322115386 0.6224280600961538 0.5585885985576924 0.6143988341346154 0.5254200865384615 0.4859743341346154 0.6003246514423076 0.4916046706730769 0.6220998052884615 0.5004862163461539 0.6159573894230769 0.5035039110576923 0.6266606322115386
0 0.5902674134615384 0.666258764423077 0.6001626754807693 0.6612592836538462 0.65871315625 0.6293672187499999 0.6567974591346153 0.6195020865384616 0.588710701923077 0.6582606514423077 0.5902674134615384 0.666258764423077
0 0.5813940288461539 0.6272915408653846 0.5849571177884616 0.6258576298076922 0.6320247427884615 0.5997987451923077 0.6298476634615385 0.5904168605769231 0.5801226033653847 0.6189360504807693 0.5813940288461539 0.6272915408653846
0 0.1513273485576923 0.7715607932692308 0.14195525 0.7878662740384615 0.13530825240384614 0.7782257524038462 0.11588536057692307 0.8104655528846153 0.13123745913461538 0.8381409110576924 0.15394906490384616 0.8782372283653845 0.17422156490384613 0.846679064903846 0.16870787019230768 0.8333670745192308 0.17868848076923077 0.8182533149038461 0.1513273485576923 0.7715607932692308
0 0.09097244471153847 0.8441942716346154 0.08681931009615385 0.8504278774038462 0.11026334615384616 0.8914878677884615 0.11467014182692307 0.8857098245192307 0.09097244471153847 0.8441942716346154
0 0.20581874759615384 0.8887008413461538 0.19286722596153846 0.8883600985576923 0.19250059134615385 0.8973233413461539 0.2060985625 0.8978707067307692 0.22422357211538463 0.8917173798076923 0.2366387908653846 0.8837640504807692 0.23329675 0.8756831947115384 0.2232043269230769 0.8829013149038462 0.20581874759615384 0.8887008413461538
0 0.2271522139423077 0.9122974471153846 0.20469963221153845 0.9193307163461538 0.18858557932692308 0.9191340360576923 0.18855048557692308 0.9278171826923077 0.19448921634615385 0.9286470456730769 0.21202931009615386 0.92717153125 0.23488531730769233 0.9187227475961539 0.25190961057692307 0.9082283437500001 0.24857375240384616 0.8994780336538462 0.2271522139423077 0.9122974471153846
0 0.17368257932692308 0.9404152788461538 0.1561958485576923 0.9317902548076924 0.14153056971153846 0.9238672980769231 0.14006480528846155 0.9320456778846153 0.148848875 0.9375497884615385 0.17211384615384617 0.9489672355769231 0.17368257932692308 0.9404152788461538
0 0.1699761346153846 0.9640792596153845 0.15222406009615386 0.958476483173077 0.13510067788461538 0.947092891826923 0.11976070432692308 0.9322253870192309 0.10764019951923078 0.9144517091346154 0.10386913701923077 0.9228334591346155 0.11812797115384616 0.9409326370192308 0.13405996874999998 0.9554482163461538 0.15121601923076924 0.9676556346153846 0.16865941346153848 0.97292415625 0.1699761346153846 0.9640792596153845
0 0.48675218509615387 0.24520317548076923 0.4696359951923077 0.2681726466346154 0.49425600721153845 0.3153410504807692 0.5104172355769231 0.29296226201923076 0.48675218509615387 0.24520317548076923
0 0.45080556490384616 0.24644773798076924 0.4300402211538461 0.296471875 0.4468283100961538 0.31505097115384617 0.4665150096153846 0.2627753389423077 0.45080556490384616 0.24644773798076924
0 0.40919092067307694 0.41298593269230766 0.4070371490384615 0.42110513221153845 0.4460942860576923 0.4412029519230769 0.44808448076923074 0.43332871634615383 0.40919092067307694 0.41298593269230766
0 0.39506296153846154 0.43506984375 0.39207903365384617 0.4443014759615385 0.4152220528846154 0.4619998125 0.41766385096153846 0.4526022620192308 0.39506296153846154 0.43506984375