0 0.7831870120192307 0.39344137259615386 0.7860107427884616 0.37533417067307695 0.74978515625 0.36251423798076926 0.7474174807692309 0.37479983173076925 0.7831870120192307 0.39344137259615386
0 0.7561645504807692 0.17585678365384616 0.7500200192307692 0.17417420432692307 0.7231474615384615 0.34586432211538465 0.759625 0.3618266322115385 0.7839311514423077 0.2109681730769231 0.7584189447115384 0.19921943028846154 0.7600502932692308 0.1864095480769231 0.7549506826923077 0.18453936298076926 0.7561645504807692 0.17585678365384616
0 0.6511831057692308 0.1658877716346154 0.654783204326923 0.16694304807692306 0.6591166995192308 0.14470435576923077 0.6461591802884615 0.13821943028846154 0.6471572259615385 0.13183081971153848 0.6287797860576922 0.1235804014423077 0.597119141826923 0.3354363485576923 0.634857423076923 0.3489388605769231 0.6545947259615384 0.20435929567307692 0.6462827139423077 0.20013400240384616 0.6511831057692308 0.1658877716346154
0 0.6132612307692308 0.11396398557692308 0.6045961923076922 0.10671607932692308 0.5728520504807693 0.31531574519230765 0.5825903317307692 0.32073953125000004 0.6132612307692308 0.11396398557692308
0 0.7185566394230769 0.7462747067307693 0.6831464855769231 0.7365284759615385 0.6649736322115385 0.8505217764423076 0.6831293942307692 0.8619087091346154 0.6827978509615384 0.8776917932692307 0.6983330072115385 0.8816340024038462 0.7185566394230769 0.7462747067307693
0 0.3048237307692308 0.4249447235576923 0.28378515625 0.41402847596153847 0.2618452139423077 0.5352638197115385 0.28311035096153847 0.5451097163461539 0.3048237307692308 0.4249447235576923
0 0.3165209951923077 0.5071750408653846 0.310375 0.5532453942307692 0.32918505769230766 0.5620770528846154 0.3365747067307692 0.5147118918269231 0.3165209951923077 0.5071750408653846
0 0.2711225576923077 0.39659212740384614 0.2605336923076923 0.36815577884615386 0.19923339903846154 0.43862143990384617 0.20957080048076923 0.4665159134615384 0.2711225576923077 0.39659212740384614
0 0.17296386778846154 0.36269095432692305 0.18378711057692307 0.39405360096153846 0.25000195432692307 0.33596733653846156 0.23999706971153845 0.30319849278846156 0.17296386778846154 0.36269095432692305
0 0.31489013701923074 0.3040201009615385 0.30768554567307693 0.2834145721153846 0.31265624999999997 0.27799497596153844 0.29946875 0.24570686778846154 0.25236376923076925 0.29448659855769227 0.271828125 0.34729731971153843 0.31489013701923074 0.3040201009615385
0 0.3607807620192308 0.22454355048076924 0.3641958004807692 0.2219958125 0.36647168028846155 0.22761390384615382 0.36976904326923077 0.22305025240384616 0.3756655264423077 0.23691206009615387 0.41697168028846154 0.19977303125 0.3985288076923077 0.14637437259615385 0.35040527403846156 0.19598157451923076 0.3607807620192308 0.22454355048076924
0 0.43237841826923074 0.19767252884615386 0.44297363221153846 0.22920686778846155 0.509181641826923 0.16642964903846155 0.49846972596153843 0.13922445673076925 0.43237841826923074 0.19767252884615386
0 0.4436113269230769 0.2545728653846154 0.44063037019230766 0.28781406971153844 0.51309765625 0.31775628125 0.5171108389423077 0.28314907932692307 0.4436113269230769 0.2545728653846154
0 0.4519902355769231 0.4098241201923077 0.4499907235576923 0.401025125 0.46123046874999996 0.38679648317307697 0.45697753846153844 0.3719723629807692 0.4644912115384615 0.3648567836538461 0.45494628846153845 0.3364530985576923 0.44814941346153847 0.34122445673076923 0.44066943269230774 0.3262361802884615 0.43710253846153846 0.33024706971153844 0.4382646490384615 0.33387353365384614 0.43068798798076924 0.34016666586538463 0.4324394543269231 0.3454731995192307 0.42342187499999995 0.35267001682692306 0.42719336057692303 0.36354941346153846 0.4105395504807693 0.38545896153846154 0.37116699278846155 0.4280041875 0.3676855480769231 0.4265896153846154 0.36147363221153844 0.4361515913461539 0.3596801754807692 0.4320862644230769 0.3509624014423077 0.44009799038461533 0.34809814423076924 0.43218593028846153 0.3399409182692308 0.44055443990384613 0.3375439447115385 0.43254606250000005 0.3243369134615385 0.44133249519230766 0.32981640624999997 0.4617629807692308 0.32136621153846157 0.4687303173076923 0.3309794927884615 0.4982839206730769 0.3370190432692307 0.4897922956730769 0.3426411129807692 0.5039698485576923 0.3485131826923077 0.4976046899038461 0.35213085817307693 0.5038685096153845 0.35828808653846156 0.4974623125 0.3618725576923077 0.5050971514423077 0.36911913942307695 0.49793886057692305 0.37279931730769233 0.5036968173076923 0.3897397451923077 0.4913333341346154 0.39144628846153845 0.4929941370192308 0.42654541105769234 0.45986348317307696 0.4379785144230769 0.4412931322115385 0.4475336923076923 0.42421524278846157 0.4444375 0.41776633173076927 0.4519902355769231 0.4098241201923077
0 0.4826547860576923 0.09145142307692308 0.47068456971153844 0.05817755528846154 0.4077626947115384 0.12975711778846152 0.4193364254807692 0.15962981490384615 0.4826547860576923 0.09145142307692308