0 0.5670571298076923 0.9838006706730769 0.5776616201923077 0.9883274711538461 0.5845024423076923 0.9259773870192307 0.5772998052884616 0.9221314903846154 0.5670571298076923 0.9838006706730769
0 0.6934199230769231 0.9336608028846154 0.6942934567307693 0.9230929639423077 0.5937431634615384 0.8800033509615385 0.5850751947115385 0.9428408701923078 0.6734374999999999 0.9818927980769231 0.6798408197115384 0.9379338365384615 0.6873364254807692 0.9405083750000001 0.6883378894230769 0.9317303173076923 0.6934199230769231 0.9336608028846154
0 0.6973989254807692 0.7534455600961538 0.6968466802884615 0.7596373533653846 0.7098852548076924 0.7666817427884615 0.7134399423076924 0.7443467331730769 0.7171811514423077 0.7459463990384615 0.7216699230769231 0.71428559375 0.5976220697115384 0.6636850913461539 0.59041015625 0.7286415408653847 0.6750327139423077 0.7599673365384615 0.6773505865384616 0.7456390288461539 0.6973989254807692 0.7534455600961538
0 0.7270043942307692 0.6875033509615385 0.7310781249999999 0.67251675 0.6089272451923077 0.6217169182692307 0.6059360360576923 0.6385125625 0.7270043942307692 0.6875033509615385
0 0.3602563485576923 0.8791189278846154 0.36531933653846155 0.8182211057692308 0.2985532235576923 0.7890435504807692 0.2922324206730769 0.8203793966346153 0.28302685576923076 0.820086264423077 0.2809995120192308 0.8467973197115384 0.3602563485576923 0.8791189278846154
0 0.5403447259615385 0.16396650000000002 0.5463408197115385 0.12769514182692307 0.4752875985576923 0.09218425480769231 0.4699194326923077 0.12882579567307692 0.5403447259615385 0.16396650000000002
0 0.49261572355769234 0.1854614735576923 0.4656528317307692 0.1757261298076923 0.46083300721153847 0.20813902884615385 0.4885717764423077 0.21998576201923076 0.49261572355769234 0.1854614735576923
0 0.5156284182692308 0 0.5144497067307692 0.0013350072115384617 0.5562841802884615 0.10567420432692308 0.5726752932692307 0.08701842548076924 0.5377099615384615 0.0008199326923076923 0.5357919927884616 0 0.5156284182692308 0
0 0.6101816418269231 0.050664992788461545 0.6033266610576923 0.028881908653846156 0.5752211923076923 0.016861810096153847 0.5912543942307692 0.06839531009615385 0.6101816418269231 0.050664992788461545
0 0.6110097644230769 0.17911976442307692 0.6228955072115384 0.1664045216346154 0.6261411129807691 0.1748341706730769 0.6447324206730769 0.1516549423076923 0.6154760745192308 0.07172110576923077 0.58503125 0.10602428846153847 0.6110097644230769 0.17911976442307692
0 0.6581391610576923 0.2564338365384615 0.6596840817307693 0.26224623076923076 0.6564487307692308 0.26624790625 0.6591665048076922 0.27182328365384617 0.6511889639423077 0.28217755528846156 0.6735590817307693 0.3523685096153846 0.7043637692307693 0.31980653365384615 0.6746074206730769 0.2381415408653846 0.6581391610576923 0.2564338365384615
0 0.6750522451923077 0.3787537692307692 0.6568549807692308 0.397474875 0.6946049807692307 0.5099246225961539 0.7102763677884615 0.49107956490384613 0.6750522451923077 0.3787537692307692
0 0.6420800793269231 0.39901088701923076 0.6226508798076923 0.3944790625 0.6064619134615384 0.51928140625 0.6267055673076923 0.5255603004807692 0.6420800793269231 0.39901088701923076
0 0.5517270504807692 0.4160904519230769 0.5568212884615384 0.4125075384615385 0.5653120120192308 0.4315351754807692 0.5738789062499999 0.42398241105769235 0.5781577139423077 0.4367445552884615 0.5945483389423077 0.4198793966346154 0.5916484375000001 0.4083065336538461 0.6002548822115384 0.3952169182692308 0.5978544927884616 0.38917001682692304 0.5957607427884615 0.3912261298076923 0.5919599615384615 0.3783417091346154 0.5888974615384616 0.3814380240384615 0.5845449206730768 0.36609882692307694 0.5782690432692308 0.37275628125 0.56520703125 0.34457788942307693 0.5397192379807693 0.2777973197115385 0.5404833990384615 0.27180150721153845 0.53480078125 0.26131490865384616 0.5371391610576923 0.25816918028846153 0.5323168942307692 0.2433584591346154 0.5368793942307692 0.2383073701923077 0.5318588870192308 0.2244639855769231 0.5364848629807693 0.22021356730769232 0.5311328125 0.1977177548076923 0.5193188485576923 0.2074706875 0.5151098629807692 0.19310050240384616 0.4980502932692307 0.21010301442307694 0.5031054687500001 0.22031323317307694 0.4949394543269231 0.2302010048076923 0.49875244230769233 0.24016080288461536 0.49516455048076924 0.2464740360576923 0.49900586057692303 0.2569221105769231 0.4946181634615385 0.26320268028846155 0.49891748076923076 0.27550586298076923 0.49562500000000004 0.2819179230769231 0.5031274423076924 0.31075376923076925 0.502189451923077 0.31371021875000005 0.5221142572115385 0.37332663221153845 0.533138670673077 0.3926097163461538 0.5432607427884615 0.40869849278846154 0.5469658197115385 0.4032763822115385 0.5517270504807692 0.4160904519230769
0 0.7378481442307692 0.46312311538461537 0.7570346682692308 0.4420134014423077 0.7142119134615386 0.33535343269230766 0.6970004879807692 0.35572278124999995 0.7378481442307692 0.46312311538461537