0 0.5104203197115385 0.6178457067307692 0.6284636995192308 0.5476916490384616 0.6200545096153847 0.5146637067307692 0.49259736538461535 0.5918166177884616 0.4984768822115385 0.6134932019230769 0.5072803317307693 0.607195295673077 0.5104203197115385 0.6178457067307692
0 0.5975798894230769 0.6559248557692308 0.6074095985576923 0.650752139423077 0.6655453221153846 0.6178350192307692 0.6635162620192308 0.6080034278846154 0.5959312740384616 0.6479539975961538 0.5975798894230769 0.6559248557692308
0 0.5882596971153846 0.6171129807692307 0.5918034447115385 0.6156166899038461 0.63853275 0.5887337860576923 0.6362481249999999 0.5793900168269231 0.5868919951923077 0.60877975 0.5882596971153846 0.6171129807692307
0 0.16019243028846153 0.7689114807692307 0.15101705288461537 0.7853810408653845 0.14426283413461538 0.7758568894230768 0.12522956971153845 0.8084367283653846 0.14089225240384615 0.8358433149038462 0.1640534855769231 0.8755420168269231 0.18394365625 0.8436289399038461 0.17827917307692306 0.8304134783653846 0.18807647596153845 0.8151249879807693 0.16019243028846153 0.7689114807692307
0 0.10072769951923077 0.8426016033653846 0.09665019471153845 0.8489079182692307 0.1205545264423077 0.8895574711538461 0.12489080288461539 0.8837022764423076 0.10072769951923077 0.8426016033653846
0 0.21600624519230768 0.8850975384615385 0.20306041586538462 0.8849835408653846 0.20279835096153848 0.8939532019230769 0.21639255288461537 0.8942625048076922 0.23443244711538463 0.887791860576923 0.24674586057692308 0.8796211778846155 0.24331228365384616 0.8715988317307691 0.23331137740384617 0.878993639423077 0.21600624519230768 0.8850975384615385
0 0.237598375 0.90832065625 0.215244375 0.9157470072115385 0.19914004807692307 0.9158324375 0.19920601923076922 0.9245161995192308 0.20514997836538462 0.9252420913461539 0.22265982211538463 0.9234594975961539 0.24540047596153844 0.9146105721153847 0.2622899615384615 0.9038181225961538 0.25885477163461534 0.8951262139423076 0.237598375 0.90832065625
0 0.18449579086538462 0.9373745889423077 0.16692173798076923 0.9290557067307692 0.15217520432692308 0.9213895 0.1508056971153846 0.9295935408653846 0.1596472620192308 0.9349438677884615 0.18302773798076924 0.9459540120192307 0.18449579086538462 0.9373745889423077
0 0.18106746634615384 0.9611034615384615 0.16326343509615387 0.9558114711538461 0.14602036057692308 0.9447276634615385 0.13051882692307692 0.9301287163461538 0.11820054326923077 0.9125672355769231 0.11452982451923077 0.9210150072115385 0.1289886298076923 0.9388645528846153 0.1450776514423077 0.953101204326923 0.1623629543269231 0.9650082716346154 0.1798546466346154 0.96997140625 0.18106746634615384 0.9611034615384615
0 0.4892424254807692 0.2366815264423077 0.47240627163461535 0.25995065384615385 0.49755677884615385 0.30668803125 0.5134455552884616 0.28402630528846157 0.4892424254807692 0.2366815264423077
0 0.45333709134615385 0.23855541105769232 0.43316931490384614 0.28894309134615387 0.45016107211538464 0.30722827403846154 0.46922481009615385 0.2546079855769231 0.45333709134615385 0.23855541105769232
0 0.4136913245192308 0.4058221586538462 0.4116336346153846 0.4139790673076923 0.4508955072115385 0.43339310576923074 0.45279259374999997 0.42548402884615383 0.4136913245192308 0.4058221586538462
0 0.39983087019230773 0.4281534110576923 0.39695658653846155 0.43743728365384615 0.42028828846153843 0.45473045432692305 0.42261891586538464 0.44529015384615384 0.39983087019230773 0.4281534110576923