0 0.21043254567307693 0.7185288918269231 0.1974799855769231 0.7190369158653845 0.1907673653846154 0.7559844927884616 0.20951001923076923 0.755880045673077 0.21043254567307693 0.7185288918269231
0 0.19168036778846156 0.728467326923077 0.19552836778846153 0.6908192980769231 0.01776434615384615 0.6919034254807692 0.01615695673076923 0.6980993125 0.02507010096153846 0.6981849519230768 0.02418811778846154 0.7033953317307693 0.03725591105769231 0.7036762884615384 0.03512233173076923 0.7300921177884615 0.19168036778846156 0.728467326923077
0 0.09674793749999999 0.5952046225961538 0.09643246153846154 0.6038685024038462 0.2446148822115385 0.605756420673077 0.25146789903846156 0.56724496875 0.032900014423076926 0.5671313581730769 0.031159894230769234 0.5861288076923077 0.03777366346153846 0.5860903317307693 0.03718409615384615 0.5995818173076923 0.06065532692307692 0.5986153725961538 0.06153066826923077 0.5949756081730769 0.09674793749999999 0.5952046225961538
0 0.24504828365384615 0.5510387596153846 0.2449674375 0.5408193485576923 0.029460877403846154 0.5412596875 0.031842711538461535 0.5507044663461539 0.24504828365384615 0.5510387596153846
0 0.7085266033653846 0.7270296875 0.7071594903846155 0.7077911874999999 0.588959954326923 0.7088315673076924 0.5797426370192308 0.7445425072115385 0.7193880384615384 0.7446199326923076 0.7237495024038462 0.7290013004807693 0.7085266033653846 0.7270296875
0 0.6155552764423077 0.29358506971153847 0.6172830721153846 0.2715591778846154 0.4902089735576923 0.2751958629807692 0.48961962980769236 0.2971579519230769 0.6155552764423077 0.29358506971153847
0 0.5586200072115385 0.34094998798076925 0.6076482548076924 0.34067363942307693 0.6090600793269231 0.3211732596153846 0.5619161634615385 0.32043241586538457 0.5586200072115385 0.34094998798076925
0 0.5790548197115385 0.21094367307692308 0.5578597692307692 0.19687927403846153 0.4586212403846154 0.24601240625 0.48020181490384617 0.26039881490384614 0.5790548197115385 0.21094367307692308
0 0.4074169759615385 0.21668595913461536 0.43343378846153846 0.23113656009615385 0.5234370168269231 0.17544532692307693 0.49918868028846153 0.16040654567307694 0.4074169759615385 0.21668595913461536
0 0.32150577403846153 0.26593296875 0.3454006875 0.2833955264423077 0.3531664206730769 0.27936872115384614 0.36904916826923073 0.28934016586538464 0.43282763461538465 0.25392120673076923 0.39264469471153846 0.2273974639423077 0.32150577403846153 0.26593296875
0 0.26315076201923077 0.33072785096153845 0.26922642548076925 0.32819720913461536 0.26505896153846153 0.3251767860576923 0.2692734855769231 0.3222394663461538 0.2474624735576923 0.30804144951923074 0.17500218750000002 0.3474427620192308 0.21627931490384616 0.3730622956730769 0.2732868052884615 0.3384525649038462 0.26315076201923077 0.33072785096153845
0 0.11593862019230769 0.44319800240384616 0.13628029807692307 0.45752440384615384 0.2307534278846154 0.40252129086538463 0.20622222836538462 0.3876785264423077 0.11593862019230769 0.44319800240384616
0 0.24343363701923076 0.48216047596153844 0.27853172115384617 0.48330100961538464 0.2878635985576923 0.4087661634615385 0.25460758173076925 0.40682381490384617 0.24343363701923076 0.48216047596153844
0 0.4739023629807692 0.3401213533653846 0.47994955528846156 0.34404495673076924 0.4677528918269231 0.35132436538461537 0.4706920745192308 0.3536515649038462 0.4583265240384616 0.3582787115384616 0.4578556153846154 0.3618561634615384 0.3967037379807692 0.39380836778846157 0.36710578365384616 0.40675461298076926 0.3587032019230769 0.4015215432692308 0.3471268822115385 0.40920978125 0.34298246875000005 0.40674240384615384 0.33302065865384617 0.41316630528846154 0.3301697596153846 0.4115139759615385 0.32448069230769233 0.41438583894230774 0.3348628918269231 0.4238076586538462 0.3267598485576923 0.42969714903846157 0.3488548918269231 0.4430678725961539 0.3595674951923077 0.43682435576923073 0.3714799711538461 0.4430972307692308 0.3909234423076923 0.43427846875 0.39826885817307695 0.4374930144230769 0.4097902091346154 0.4313321875 0.41432118028846154 0.4352676778846154 0.43560092307692305 0.4284942836538462 0.4592855985576923 0.4201192475961539 0.509225704326923 0.3909381706730769 0.5085345673076923 0.3890440625 0.5291795096153846 0.3744334567307692 0.52561253125 0.37003239182692305 0.5362272067307692 0.36405392548076926 0.5308206995192308 0.3594732716346154 0.5401477596153846 0.3544404735576923 0.5360665024038462 0.3500268918269231 0.5452056778846154 0.34526441105769234 0.5346255745192308 0.33776014182692304 0.5458799975961539 0.33314412740384614 0.5227242932692308 0.3195401298076923 0.5116628509615384 0.32671211298076924 0.49504578125 0.3184373870192308 0.4797635961538462 0.3299518798076923 0.4861465072115384 0.33343656009615386 0.4739023629807692 0.3401213533653846
0 0.17676427884615384 0.36952086778846155 0.1543293389423077 0.35397209375 0.05318109615384615 0.404513625 0.07865152403846154 0.4209405504807692 0.17676427884615384 0.36952086778846155