0 0.5045244134615385 0.5943943221153846 0.6226127932692307 0.5153462139423077 0.6142314447115385 0.4829171923076923 0.4867250985576923 0.5696742908653847 0.4925859375 0.5909313870192308 0.5013935552884615 0.5839692427884615 0.5045244134615385 0.5943943221153846
0 0.5916425769230769 0.6259873822115385 0.6014755865384616 0.6200749206730769 0.6596318365384615 0.5827791802884615 0.6576113269230769 0.5730906947115385 0.5900009759615384 0.61813328125 0.5916425769230769 0.6259873822115385
0 0.58235546875 0.5878375384615384 0.585900389423077 0.5860749206730769 0.6326464855769232 0.5556719254807693 0.6303701177884615 0.5464905360576923 0.5809951177884616 0.5795993701923077 0.58235546875 0.5878375384615384
0 0.15421142548076924 0.7717965288461539 0.1450234375 0.7889668774038461 0.13827783173076924 0.7799392740384616 0.1192202139423077 0.8139723966346154 0.13485839903846156 0.8402326490384616 0.15798388701923077 0.8782350168269232 0.1778984375 0.8448044158653847 0.1722456057692308 0.8320007884615385 0.1820541995192308 0.8159660889423077 0.15421142548076924 0.7717965288461539
0 0.0946928701923077 0.850001576923077 0.09061035096153845 0.8566182956730769 0.11447851682692309 0.8955165625 0.1188188485576923 0.8893320192307693 0.0946928701923077 0.850001576923077
0 0.20992285096153845 0.8839124615384615 0.19697851442307693 0.8847665625 0.1967089855769231 0.8937641947115385 0.21030175721153846 0.89305678125 0.22834472596153846 0.8852310721153847 0.24066357451923076 0.8761317043269231 0.2372368173076923 0.8683588317307692 0.2272309567307692 0.8765086754807693 0.20992285096153845 0.8839124615384615
0 0.23149316346153848 0.9055417980769231 0.20913574278846153 0.9146466875 0.1930332019230769 0.9159369086538462 0.1930917980769231 0.9246238173076923 0.19903466826923077 0.9249053629807692 0.21654394471153846 0.921811514423077 0.23928955048076925 0.9112531538461539 0.2561860360576923 0.8991876971153846 0.25275830048076925 0.8907452692307692 0.23149316346153848 0.9055417980769231
0 0.17837304567307694 0.9385938485576923 0.16080761778846153 0.9315820192307692 0.14606933653846152 0.9250126177884616 0.1446928701923077 0.9333264975961538 0.1535292956730769 0.9380197163461539 0.17689794951923077 0.9472910096153846 0.17837304567307694 0.9385938485576923
0 0.17492529326923079 0.9626009471153847 0.1571274423076923 0.9586364350961538 0.13989550721153846 0.9488320192307692 0.12440820432692308 0.9353793365384615 0.11210546874999999 0.9187231850961539 0.10842822355769231 0.9274534711538462 0.12287060576923078 0.9442373822115384 0.13894628846153848 0.9572839110576923 0.15621972596153844 0.9679085168269231 0.17370507932692308 0.9715678245192307 0.17492529326923079 0.9626009471153847
0 0.48366455048076923 0.2144684543269231 0.4668110360576923 0.23901813942307693 0.49191992307692306 0.28391640384615385 0.5078256826923077 0.26004574038461536 0.48366455048076923 0.2144684543269231
0 0.44776171875000004 0.21902996875 0.4275541995192308 0.2709716081730769 0.4445292956730769 0.2880023653846154 0.4636342764423077 0.23390851682692307 0.44776171875000004 0.21902996875
0 0.4079819326923077 0.38941403846153844 0.40591796874999997 0.39773264903846156 0.4451591802884615 0.41422712980769233 0.44706250000000003 0.4061687692307692 0.4079819326923077 0.38941403846153844
0 0.39410449278846155 0.41280205048076923 0.39122314423076926 0.4223099375 0.41453759855769234 0.43787302884615387 0.41687597596153847 0.42824999999999996 0.39410449278846155 0.41280205048076923