0 0.7514445360576923 0.713113045673077 0.7522810432692307 0.8257645288461538 0.7611800721153846 0.8264257163461538 0.7614081009615384 0.7152893028846155 0.7514445360576923 0.713113045673077
0 0.8022219038461539 0.7163963221153846 0.7691038461538462 0.7150928341346153 0.7699091874999999 0.8247859687500001 0.8016313918269231 0.8229384182692308 0.8022219038461539 0.7163963221153846
0 0.8120544615384616 0.7143767139423077 0.8102148798076924 0.8219405072115384 0.8413541826923077 0.8193815985576923 0.8443662259615384 0.7155406370192308 0.8120544615384616 0.7143767139423077
0 0.8560708365384616 0.7181943822115385 0.8521091538461539 0.8188505048076924 0.8841287620192309 0.819674735576923 0.88894165625 0.7151371442307692 0.8560708365384616 0.7181943822115385
0 0.898741173076923 0.7163045168269231 0.8940804951923076 0.8184090769230769 0.9300505576923077 0.8243080144230769 0.9337880841346154 0.7185564927884616 0.898741173076923 0.7163045168269231
0 0.9519716923076923 0.720658451923077 0.9432851201923077 0.7173218725961538 0.9408452548076922 0.8238976250000001 0.9489256730769231 0.8244442379807692 0.9519716923076923 0.720658451923077
0 0.7733653100961538 0.681147122596154 0.7879632620192307 0.681712701923077 0.788402891826923 0.6237389567307693 0.782079545673077 0.6243804086538461 0.7822441610576922 0.6300379399038462 0.7727863942307691 0.6295982355769231 0.7733653100961538 0.681147122596154
0 0.8060251057692308 0.68099365625 0.8055859038461539 0.6288274591346154 0.7971143076923077 0.6290361033653846 0.7973155745192309 0.6221129110576923 0.7910443197115384 0.6226267620192308 0.7901919399038462 0.6798573221153846 0.8060251057692308 0.68099365625
0 0.8163645625 0.6805487788461538 0.8322061826923076 0.6805401586538462 0.831431048076923 0.6228560985576923 0.825283423076923 0.6232423485576923 0.8254520552884616 0.6290378269230769 0.8169646322115385 0.6290378269230769 0.8163645625 0.6805487788461538
0 0.8507617884615384 0.6314036105769231 0.8425894735576923 0.630641454326923 0.8423787956730769 0.6234009879807693 0.8357096923076923 0.6228560985576923 0.8351660096153846 0.6801987403846154 0.8495327235576924 0.6820403269230769 0.8507617884615384 0.6314036105769231
0 0.8606863028846153 0.6797883485576922 0.87546628125 0.68086778125 0.8758861923076923 0.6250632427884616 0.8695603798076923 0.6250339302884615 0.8697079375 0.6301051875 0.8610806778846154 0.6306466274038461 0.8606863028846153 0.6797883485576922
0 0.8946879350961539 0.6310794350961538 0.8871488149038461 0.6314794807692308 0.8869720576923077 0.6254046610576923 0.8793497451923076 0.6246218149038462 0.8779925841346153 0.6808074278846153 0.8930248894230769 0.6827352307692307 0.8946879350961539 0.6310794350961538
0 0.9203400552884615 0.6247563125 0.9129585576923076 0.6241855576923078 0.9131640168269232 0.6312466947115385 0.9045933293269232 0.6305742067307692 0.9043581033653846 0.6821351634615385 0.9201926346153846 0.6837491394230769 0.9203400552884615 0.6247563125
0 0.9374239326923077 0.6317691682692307 0.9297969447115384 0.6317691682692307 0.9296161706730769 0.6255564014423077 0.9232058365384616 0.6246218149038462 0.9233806177884615 0.6834611754807691 0.9376607403846153 0.6854131177884616 0.9374239326923077 0.6317691682692307
0 0.9101079927884614 0.5666624350961539 0.9404145336538462 0.5670153966346153 0.9363119879807692 0.45372294711538463 0.9041704735576922 0.45475900961538457 0.9101079927884614 0.5666624350961539
0 0.87141878125 0.565977579326923 0.8976076418269231 0.56734553125 0.8940722932692308 0.4559671634615385 0.8687562019230769 0.45537186778846156 0.87141878125 0.565977579326923
0 0.8057838052884615 0.4548274951923077 0.7722485264423077 0.45224261057692305 0.7762013990384615 0.5638422379807693 0.8103744302884616 0.5658529014423077 0.8057838052884615 0.4548274951923077
0 0.7615220721153846 0.45347359134615384 0.7472070528846154 0.45269215625000003 0.7504294158653846 0.5636964879807692 0.7665588245192307 0.5638966778846154 0.7615220721153846 0.45347359134615384
0 0.7382430697115385 0.2850117451923077 0.7478566514423076 0.2854033389423077 0.7390253798076922 0.17212142788461537 0.7318196418269232 0.17212142788461537 0.7382430697115385 0.2850117451923077
0 0.7826201418269231 0.1734683076923077 0.7491734711538461 0.17397404567307692 0.7575992644230769 0.2827201153846154 0.789895985576923 0.2846060985576923 0.7826201418269231 0.1734683076923077
0 0.8249267067307693 0.1672361322115385 0.7914610745192309 0.16723086538461537 0.8015223653846154 0.28716464423076926 0.8343752427884615 0.28802685817307694 0.8249267067307693 0.1672361322115385
0 0.8342695408653846 0.1690290480769231 0.8371566418269231 0.20150167307692307 0.8448651826923077 0.28668700240384615 0.8766024134615384 0.2867045625 0.868853608173077 0.16837580048076922 0.8342695408653846 0.1690290480769231
0 0.9098659591346153 0.16864798798076922 0.8780856995192308 0.16733447115384617 0.8886383485576924 0.28550343509615383 0.9211990576923077 0.28429176923076926 0.9098659591346153 0.16864798798076922
0 0.9276694447115384 0.1675048076923077 0.9202610889423077 0.16678131971153845 0.9306422716346153 0.2836718894230769 0.9378111009615384 0.28331716826923076 0.9276694447115384 0.1675048076923077
0 0.7749547620192309 0.38150419230769234 0.775266923076923 0.3875080817307692 0.7916822860576923 0.3901632091346154 0.7913647283653845 0.3792494423076923 0.7996599014423077 0.3831039423076923 0.7965777716346154 0.32801532211538464 0.7633920432692308 0.32773786778846153 0.76537121875 0.38150419230769234 0.7749547620192309 0.38150419230769234
0 0.8189250336538462 0.3833708581730769 0.8191385552884616 0.3884071706730769 0.8364295072115385 0.3904441730769231 0.8361915552884616 0.3822663125 0.8441437307692308 0.38642987500000003 0.8412734735576923 0.3303631418269231 0.8074045528846153 0.3280592211538461 0.8116871610576923 0.3832532043269231 0.8189250336538462 0.3833708581730769
0 0.8625472692307692 0.3838344519230769 0.8625053076923077 0.3901403798076923 0.87982646875 0.3898172692307692 0.8796374158653847 0.38331993509615386 0.8878207788461538 0.38541488461538465 0.8844499711538462 0.3294324423076923 0.8522554110576923 0.3299610096153846 0.854527639423077 0.38257888701923076 0.8625472692307692 0.3838344519230769
0 0.9044985625 0.3825332307692308 0.9046770024038462 0.38930626201923074 0.9215866586538461 0.39050036778846153 0.9213415048076924 0.38207490384615383 0.9296640336538461 0.3816797956730769 0.9270789326923077 0.32974852884615385 0.8946858894230769 0.32919362259615387 0.8977075600961538 0.3825332307692308 0.9044985625 0.3825332307692308