0 0.2802174855769231 0.7122708557692307 0.2869129903846154 0.8233669879807692 0.2957735432692308 0.8226024759615385 0.29005440625 0.7099793990384615 0.2802174855769231 0.7122708557692307
0 0.24625873317307695 0.8203515649038462 0.27808845192307696 0.8218293677884615 0.2725103076923077 0.7121640024038461 0.23946810576923075 0.7138524110576923 0.24625873317307695 0.8203515649038462
0 0.19727398557692308 0.7134874110576923 0.20632895673076923 0.8172581658653846 0.23761717307692307 0.8194538701923076 0.22951801923076923 0.7119478990384616 0.19727398557692308 0.7134874110576923
0 0.15267507451923076 0.7136027355769231 0.16357143509615385 0.8180489302884616 0.19554307692307693 0.8168523966346153 0.1857238076923077 0.7162764519230769 0.15267507451923076 0.7136027355769231
0 0.10802763221153847 0.7175427620192308 0.11791926923076924 0.8232149903846153 0.15354604807692307 0.8168995 0.14294349038461537 0.7148837403846154 0.10802763221153847 0.7175427620192308
0 0.09905208173076924 0.8235707980769231 0.10710069230769231 0.8229303461538462 0.09845875000000001 0.7164190673076922 0.08996634615384616 0.7198555961538461 0.09905208173076924 0.8235707980769231
0 0.2542556850961538 0.6216332764423077 0.24789500721153848 0.6210656201923077 0.2517083677884615 0.6790146201923076 0.26627340625 0.6782793701923077 0.26385248076923074 0.6267411995192307 0.25442030048076925 0.6272908076923076 0.2542556850961538 0.6216332764423077
0 0.23888769951923078 0.6195438317307692 0.23949185576923077 0.6264623389423077 0.2310081153846154 0.6263523413461538 0.2336046778846154 0.6785059879807692 0.24937171394230767 0.6771858028846154 0.24518885817307692 0.6199845360576923 0.23888769951923078 0.6195438317307692
0 0.2109855769230769 0.6209983221153846 0.20481547596153846 0.6206837379807693 0.20739721153846155 0.6783572860576924 0.22323933173076924 0.6781815697115385 0.21964163221153846 0.6266950408653845 0.2111542091346154 0.6267938004807692 0.2109855769230769 0.6209983221153846
0 0.20053683173076922 0.6207335240384615 0.19389943509615384 0.6213558317307691 0.19411011298076924 0.6285962980769231 0.18598214903846153 0.6294532884615385 0.19015796875000002 0.6800585600961538 0.2044175144230769 0.6780504254807693 0.20053683173076922 0.6207335240384615
0 0.16681287980769233 0.6233045072115384 0.16048877403846154 0.6234074182692309 0.16415617548076922 0.6791881754807693 0.17887333653846155 0.6779371274038462 0.17561920673076925 0.6288166346153846 0.16696043749999998 0.6283757644230769 0.16681287980769233 0.6233045072115384
0 0.15699953365384617 0.6230064399038462 0.14942277884615385 0.623877716346154 0.1495995360576923 0.6299525360576923 0.14203713701923076 0.6296403509615385 0.14670624519230768 0.6812593052884615 0.1616263629807692 0.6791572379807692 0.15699953365384617 0.6230064399038462
0 0.13210234375 0.6292505528846154 0.12357079086538461 0.6300225432692308 0.12336533173076923 0.6229614062500001 0.11601705048076923 0.6236178581730769 0.11959750000000001 0.6825889975961539 0.13533810817307693 0.6807913149038461 0.13210234375 0.6292505528846154
0 0.11314344230769231 0.6235167524038462 0.10678749278846154 0.6245256129807693 0.10696826682692308 0.6307383798076922 0.09934127884615385 0.6308271298076923 0.10222623076923076 0.684455670673077 0.11639276201923078 0.6823382259615385 0.11314344230769231 0.6235167524038462
0 0.12229379567307691 0.45348996153846155 0.09009199278846153 0.45282825 0.09258239423076924 0.566130079326923 0.12286839182692308 0.5654245889423077 0.12229379567307691 0.45348996153846155
0 0.15774373557692306 0.45369053125000003 0.13246228365384616 0.4545802043269231 0.13540849759615384 0.565962 0.16151774759615384 0.5642897764423077 0.15774373557692306 0.45369053125000003
0 0.22255484374999998 0.5634548245192308 0.2566108701923077 0.5610472019230769 0.25406930528846156 0.44943936538461543 0.22068444951923077 0.4524135913461539 0.22255484374999998 0.5634548245192308
0 0.2662566129807692 0.5609894230769231 0.28237436778846153 0.5606016177884615 0.2791369423076923 0.449597375 0.2648673942307692 0.4505451153846154 0.2662566129807692 0.5609894230769231
0 0.2781968004807692 0.16894259134615386 0.2709910625 0.16902643750000002 0.26875212740384613 0.2823727548076923 0.2783429206730769 0.28186943028846156 0.2781968004807692 0.16894259134615386
0 0.22666639903846153 0.28206495673076926 0.2588533653846154 0.27980380528846155 0.26095078365384616 0.17099651201923077 0.22747468028846154 0.17088013221153847 0.22666639903846153 0.28206495673076926
0 0.1823862091346154 0.2860021201923077 0.21518890865384616 0.2847579206730769 0.2182707668269231 0.16474767548076924 0.1848054423076923 0.16514234855769233 0.1823862091346154 0.2860021201923077
0 0.14094486298076922 0.16679276682692307 0.14008208653846152 0.28517162980769234 0.17181829807692306 0.28478478125 0.17456956009615385 0.19953859615384614 0.17556694471153847 0.1670433701923077 0.14094486298076922 0.16679276682692307
0 0.09534503365384615 0.2832785841346154 0.12797625240384616 0.28411096153846155 0.1316521706730769 0.16585921394230768 0.09994835336538463 0.16754208413461538 0.09534503365384615 0.2832785841346154
0 0.07867627403846153 0.2824976105769231 0.08586574759615385 0.2827687956730769 0.08944459375 0.1657970048076923 0.0820783389423077 0.16660645192307694 0.07867627403846153 0.2824976105769231
0 0.23070533413461541 0.37669334615384614 0.2310228918269231 0.3876071129807693 0.24728374519230767 0.384761875 0.24724651682692309 0.37875638701923076 0.25683006009615383 0.37864487259615387 0.25568035096153846 0.32487372115384616 0.22251077163461538 0.3255372331730769 0.22263446874999998 0.38064306490384614 0.23070533413461541 0.37669334615384614
0 0.18605406971153846 0.3802308028846154 0.18629202163461536 0.38840866346153846 0.20346443509615383 0.3861711514423077 0.20338487019230772 0.38113406009615386 0.21061589663461538 0.3809322259615385 0.21168654326923075 0.3257070985576923 0.17795169951923076 0.3284043389423077 0.17834419230769233 0.38448548798076926 0.18605406971153846 0.3802308028846154
0 0.1426695264423077 0.38178960817307694 0.14285857932692309 0.3882869423076923 0.16019854326923078 0.38840839182692305 0.1597896153846154 0.38210508894230766 0.1677361778846154 0.38075663221153844 0.16694635817307693 0.32813012980769235 0.13472103846153846 0.3279763581730769 0.1346080769230769 0.3839790697115385 0.1426695264423077 0.38178960817307694
0 0.10089298557692308 0.3810302692307692 0.10113813942307694 0.3894557331730769 0.11797831009615385 0.3880652692307692 0.11776259615384616 0.38129245432692305 0.12455359855769231 0.38121343509615385 0.12447122115384615 0.3278567259615385 0.09211047115384616 0.32878837019230767 0.09254746153846154 0.38073213461538463 0.10089298557692308 0.3810302692307692