0 0.4642286923076923 0.5991205865384616 0.34307750961538463 0.5085063317307692 0.33219143028846154 0.54069265625 0.44449329567307694 0.6233122379807692 0.44843048557692305 0.6129781418269231 0.45672484375 0.6202070024038462 0.4642286923076923 0.5991205865384616
0 0.3569995769230769 0.6444892283653847 0.2926854855769231 0.5974018653846154 0.28991743990384616 0.60703265625 0.3453494615384616 0.646086985576923 0.3547518485576923 0.6522969158653846 0.3569995769230769 0.6444892283653847
0 0.36897998317307695 0.6062151802884616 0.32202881250000004 0.5716133076923077 0.31904313221153846 0.5807288774038462 0.36356701201923075 0.6125453701923077 0.36698467548076924 0.6144151394230769 0.36897998317307695 0.6062151802884616
0 0.7526803942307693 0.8836105576923077 0.7700782524038462 0.917648579326923 0.7961705 0.8803304879807693 0.8138578052884615 0.8545330961538462 0.7973644254807692 0.8199173653846153 0.7899112596153847 0.8287447836538462 0.78201825 0.8112928485576922 0.7507254519230769 0.8546383870192307 0.7593278245192308 0.8709730360576924 0.7526803942307693 0.8836105576923077
0 0.8084831899038462 0.9299260192307692 0.8123597668269231 0.9362431322115385 0.8392646466346154 0.8980509615384615 0.8356801658653846 0.8913093197115385 0.8084831899038462 0.9299260192307692
0 0.7165034278846154 0.9309028028846154 0.7300730480769231 0.932018829326923 0.7304926514423078 0.923010735576923 0.7175839326923078 0.9217671682692308 0.70080321875 0.9138409254807692 0.6913988822115384 0.9053882403846154 0.6873685961538462 0.9130602764423077 0.6990183822115384 0.9225323125 0.7165034278846154 0.9309028028846154
0 0.6860537475961539 0.94823346875 0.7080424399038462 0.959478141826923 0.7253551033653847 0.9630992716346154 0.731333141826923 0.9629958725961539 0.7320579230769231 0.9543084302884615 0.7160170072115384 0.9525339399038462 0.6943056370192308 0.9427541298076924 0.6741257524038461 0.9273143004807692 0.6700430432692308 0.9356565456730769 0.6860537475961539 0.94823346875
0 0.7791770408653846 0.9731554399038462 0.7784350096153846 0.9647977596153846 0.7631587836538463 0.9709267644230769 0.7450154999999999 0.9774127019230769 0.7458272403846155 0.9861565576923077 0.7699606730769231 0.9775850288461538 0.7791770408653846 0.9731554399038462
0 0.7782454975961539 1 0.7831007548076924 0.9972925264423077 0.8002133774038461 0.9847258509615385 0.8159757427884615 0.9683709038461538 0.8129591298076922 0.9595278533653846 0.7993515841346154 0.9758188725961539 0.7827968774038462 0.9888098966346154 0.7647735625000001 0.9980988461538461 0.7547211658653846 1 0.7782454975961539 1
0 0.4668135552884615 0.2887681899038462 0.48092628605769233 0.31312392067307687 0.5095349663461538 0.26896718990384616 0.4945243076923077 0.24390395913461538 0.4668135552884615 0.2887681899038462
0 0.5131106562500001 0.2639516610576923 0.5281134567307693 0.31863549278846154 0.5464328822115385 0.30211002403846154 0.5301605048076923 0.24954573798076923 0.5131106562500001 0.2639516610576923
0 0.5165163677884616 0.4367595769230769 0.5178064975961538 0.4448772644230769 0.5584029903846154 0.42955716105769226 0.5569716322115384 0.42117449519230765 0.5165163677884616 0.4367595769230769
0 0.5450802259615385 0.45975436538461534 0.5466861562499999 0.4694506129807693 0.571247826923077 0.45458327403846155 0.5690882908653846 0.4449866274038462 0.5450802259615385 0.45975436538461534