0 0.7389928870192308 0.7173641057692308 0.7378623894230769 0.8300013846153846 0.746749875 0.8307142331730769 0.7489184519230769 0.7195979615384616 0.7389928870192308 0.7173641057692308
0 0.7897129254807692 0.7209422403846154 0.7566176274038461 0.7194462980769232 0.7555076225961539 0.8291255480769231 0.7872620841346154 0.8274628653846154 0.7897129254807692 0.7209422403846154
0 0.7995807475961538 0.7189801778846154 0.7958629975961539 0.8265150600961538 0.8270469807692307 0.8241377475961538 0.8318721899038461 0.7203318870192308 0.7995807475961538 0.7189801778846154
0 0.8435304615384616 0.7230532788461539 0.8378112259615385 0.8236693149038461 0.8698164423076923 0.8246796899038462 0.8764546658653847 0.7201877956730769 0.8435304615384616 0.7230532788461539
0 0.8862337980769232 0.721411983173077 0.8797902764423077 0.8234721442307692 0.9156573365384616 0.8295793509615385 0.9212413870192309 0.7238674735576923 0.8862337980769232 0.721411983173077
0 0.9393882932692308 0.7260748677884615 0.9307599807692307 0.7226883149038461 0.9264591971153846 0.8292318317307692 0.9345300721153845 0.8298253629807693 0.9393882932692308 0.7260748677884615
0 0.7614718173076922 0.685531125 0.776059891826923 0.6861815360576924 0.7775118028846154 0.6282201634615384 0.7711772548076923 0.62882471875 0.7712430865384616 0.63448225 0.7617929951923077 0.6339875961538461 0.7614718173076922 0.685531125
0 0.7941342932692308 0.6855676923076923 0.7946059639423078 0.6334077716346154 0.7861307235576922 0.6335670937500001 0.7864528774038462 0.6266462451923077 0.7801726490384616 0.6271235240384615 0.77832096875 0.6843394375 0.7941342932692308 0.6855676923076923
0 0.804481516826923 0.685183045673077 0.8203232860576922 0.6852665889423076 0.8205553725961539 0.6275877836538462 0.8144010048076923 0.627938204326923 0.8144684399038462 0.6337336826923077 0.805981016826923 0.6336843028846153 0.804481516826923 0.685183045673077
0 0.8397368653846153 0.6362463125000001 0.831577858173077 0.6354367403846154 0.8314936081730769 0.6281962740384616 0.824834016826923 0.6276126778846154 0.8232890769230768 0.6849424495192308 0.8376236346153847 0.6868673076923077 0.8397368653846153 0.6362463125000001
0 0.8488165360576924 0.6846805985576924 0.8635776658653846 0.6858458365384615 0.8649719783653846 0.6300531875 0.8586466778846155 0.6299870769230769 0.8587056875 0.6350583341346153 0.8500689735576923 0.6355494903846155 0.8488165360576924 0.6846805985576924
0 0.8836686730769231 0.6361777475961539 0.8761225673076923 0.6365338629807693 0.8760518822115385 0.6304590432692307 0.8684432379807692 0.629631985576923 0.8661050216346153 0.6858001923076924 0.8811036658653847 0.687815122596154 0.8836686730769231 0.6361777475961539
0 0.9094311995192308 0.6300049350961537 0.9020596706730769 0.6293913317307692 0.9021418341346154 0.63645246875 0.8935828870192307 0.6357302331730769 0.892447358173077 0.6872810913461538 0.9082537091346155 0.6889869182692308 0.9094311995192308 0.6300049350961537
0 0.9263926274038461 0.6371159951923077 0.9187656394230769 0.6370716225961538 0.9186933461538461 0.6308588557692307 0.9122993293269231 0.6298871322115385 0.9114467187499999 0.6887175504807692 0.9256927596153847 0.6907522403846154 0.9263926274038461 0.6371159951923077
0 0.900213514423077 0.5718613629807693 0.930513891826923 0.5723905841346154 0.9283895432692308 0.4590934447115385 0.8962299399038461 0.45994233653846156 0.900213514423077 0.5718613629807693
0 0.8615362620192308 0.5709515360576923 0.887701235576923 0.5724716177884616 0.8861106634615384 0.46109153605769226 0.8608049639423078 0.4603490576923077 0.8615362620192308 0.5709515360576923
0 0.7978420745192308 0.45943841346153846 0.7643519302884615 0.4566588653846154 0.7663561634615385 0.5682625985576923 0.8004940889423077 0.5704717331730769 0.7978420745192308 0.45943841346153846
0 0.7536039807692307 0.45782723317307694 0.7393026057692308 0.4569626466346154 0.7405867259615384 0.5679669350961538 0.7567126370192307 0.5682609302884616 0.7536039807692307 0.45782723317307694
0 0.7332664855769231 0.2892584711538462 0.7428732307692307 0.2897059278846154 0.7360199735576922 0.17639181490384617 0.728814235576923 0.17634989423076922 0.7332664855769231 0.2892584711538462
0 0.7795912163461539 0.17799209375000002 0.7461357139423076 0.17830315865384616 0.7526626947115385 0.2870798389423077 0.7849264855769231 0.28915340144230767 0.7795912163461539 0.17799209375000002
0 0.8220066009615384 0.17200710576923078 0.7885410600961538 0.17180714182692308 0.7965081923076922 0.2917791538461538 0.8293460120192309 0.2928323533653846 0.8220066009615384 0.17200710576923078
0 0.8313181298076924 0.17385407211538462 0.8336382259615385 0.20633799759615384 0.8398593485576923 0.2915537524038462 0.8715962740384615 0.2917559519230769 0.8659136033653846 0.17340213942307692 0.8313181298076924 0.17385407211538462
0 0.9069211995192308 0.1739128846153846 0.8751638774038462 0.17241469711538462 0.8836531802884615 0.2906250504807692 0.9162350456730769 0.28960302403846155 0.9069211995192308 0.1739128846153846
0 0.9247446466346154 0.1728734759615385 0.9173489230769231 0.1721070096153846 0.9256890841346154 0.2890381875 0.9328641081730769 0.2887252331730769 0.9247446466346154 0.1728734759615385
0 0.768293326923077 0.3859481658653846 0.7685006538461538 0.3919528557692308 0.78486965625 0.3947030336538461 0.7847426634615384 0.3837892668269231 0.7929705336538462 0.38769137499999995 0.7908503028846153 0.3325941490384615 0.7576694206730769 0.33212367307692303 0.7587097836538461 0.3858924110576923 0.768293326923077 0.3859481658653846
0 0.8122310048076924 0.3880703269230769 0.8123565865384615 0.39310702884615384 0.8296119711538462 0.3952442836538462 0.8295168149038462 0.38706642307692307 0.8373962884615385 0.39127554326923075 0.8355050096153847 0.3352016033653846 0.8016763197115384 0.3327010288461538 0.8049951875 0.3879105841346154 0.8122310048076924 0.3880703269230769
0 0.8558451442307693 0.3887876298076923 0.855693076923077 0.3950922451923077 0.8730198798076922 0.39486996153846154 0.8729442764423077 0.3883726274038462 0.8810910600961539 0.39051483173076923 0.8786977596153847 0.3345222548076923 0.8464939711538462 0.33486343028846155 0.8478474399038463 0.3874856201923077 0.8558451442307693 0.3887876298076923
0 0.8978191610576923 0.3877306947115385 0.8978793341346154 0.3945036153846154 0.914768141826923 0.3957958966346154 0.9146701033653847 0.38737043269230764 0.9229995336538461 0.38702381249999995 0.9213212019230769 0.3350862956730769 0.8889378485576922 0.33434302644230773 0.8910281586538461 0.3876911850961538 0.8978191610576923 0.3877306947115385