0 0.28263737019230767 0.2425413389423077 0.2638945576923077 0.24254593509615383 0.26931278846153844 0.2794719975961538 0.28225017548076925 0.2799048701923077 0.28263737019230767 0.2425413389423077
0 0.08721847596153845 0.30147495673076924 0.08860890625000001 0.3076644302884616 0.2663711754807693 0.30771438221153846 0.2638427139423077 0.2700708629807692 0.10730971634615384 0.26935656009615383 0.10851732451923077 0.29577252163461537 0.09543700961538462 0.29612967307692306 0.09613644471153847 0.3013373966346154 0.08721847596153845 0.30147495673076924
0 0.1289848798076923 0.40438355528846154 0.12823700721153847 0.40074715624999996 0.10479487980769231 0.3999168701923077 0.10491141826923077 0.4134113341346154 0.09829764903846153 0.4134113341346154 0.0993718798076923 0.43240768269230767 0.31798834375 0.43102182211538465 0.3124845336538461 0.39253196153846154 0.1642056706730769 0.3952832860576923 0.1642173653846154 0.4039494471153846 0.1289848798076923 0.40438355528846154
0 0.09773826923076924 0.44884853365384614 0.09502471874999999 0.4583116634615385 0.31055980528846155 0.45749783653846154 0.31099906490384616 0.4472730985576923 0.09773826923076924 0.44884853365384614
0 0.6525479206730769 0.25172929086538465 0.6605147283653847 0.2874035480769231 0.7787018942307693 0.28775643028846154 0.780743985576923 0.2685008317307692 0.7960391346153847 0.26643967548076924 0.7922245288461538 0.25083900961538463 0.6525479206730769 0.25172929086538465
0 0.5467166634615385 0.6998509831730769 0.5465359110576923 0.7218200745192308 0.6735083990384615 0.7247188413461539 0.6725527019230769 0.7026925408653846 0.5467166634615385 0.6998509831730769
0 0.6198441850961539 0.6761446514423077 0.667023704326923 0.6751290504807692 0.6662954711538462 0.6556276225961538 0.6172669134615384 0.6556365168269231 0.6198441850961539 0.6761446514423077
0 0.5360077764423077 0.7366824014423077 0.5139182668269231 0.7512012572115385 0.6114539350961539 0.799780108173077 0.6331465504807692 0.7855856586538461 0.5360077764423077 0.7366824014423077
0 0.5514917692307693 0.8366116658653847 0.5762724663461538 0.8214245985576922 0.4882039735576923 0.7662307788461539 0.46167506971153843 0.7808396778846153 0.5514917692307693 0.8366116658653847
0 0.42584743028846156 0.7083742740384615 0.4096117427884615 0.7184429038461538 0.40198564423076927 0.7144593870192307 0.3774734423076923 0.7320693245192308 0.4472754302884615 0.7702090673076923 0.48839675961538465 0.7434388341346154 0.42584743028846156 0.7083742740384615
0 0.3272051754807693 0.6760400961538462 0.3230928028846154 0.6731259110576923 0.3273670456730769 0.670079795673077 0.3213788894230769 0.6675833173076923 0.33178791105769234 0.6597959350961538 0.27598255769230773 0.625501576923077 0.23379852403846155 0.6513735408653846 0.3048917860576923 0.6903718125 0.3272051754807693 0.6760400961538462
0 0.26643601442307696 0.6109369399038461 0.2914927548076923 0.5959443365384616 0.19892931971153846 0.5414649807692308 0.1780810625 0.5559165889423077 0.26643601442307696 0.6109369399038461
0 0.3155026682692308 0.591500923076923 0.3488335865384615 0.5893640817307693 0.34211375721153847 0.514848139423077 0.30696851442307693 0.5161935072115384 0.3155026682692308 0.591500923076923
0 0.4602688293269231 0.5599809567307692 0.4528091802884615 0.5632397860576923 0.43367101682692305 0.5545300048076923 0.4215361201923077 0.5608751995192308 0.41104029326923075 0.5546910697115385 0.38847182932692303 0.5681967524038462 0.3963699783653846 0.5740418774038462 0.3856552355769231 0.5835286033653846 0.39124474759615385 0.5863687163461538 0.39415417548076925 0.5846990096153847 0.40389273076923077 0.5910679783653846 0.4081245216346154 0.5885753052884616 0.41943357451923075 0.5961998149038462 0.4280213966346154 0.5909153509615385 0.4571713605769231 0.6036954711538461 0.5172151442307692 0.6353069158653846 0.5175606875000001 0.6388833269230769 0.5297664879807692 0.6434406971153847 0.5267450889423076 0.645786110576923 0.538688951923077 0.652997985576923 0.5325029254807693 0.6569586514423077 0.5445151298076923 0.6635753533653846 0.5380087067307693 0.6670988413461539 0.5528901947115384 0.6785298533653846 0.5698008533653847 0.6701544735576923 0.5806130288461538 0.6772654807692308 0.6042505504807693 0.6635202403846154 0.5931557163461538 0.6589675384615384 0.60400115625 0.6513981225961539 0.5950271346153846 0.6466865745192307 0.5992640120192307 0.6422471394230769 0.590111548076923 0.6372662403846154 0.5956798052884615 0.6326519399038462 0.5852726274038461 0.6267324182692308 0.5889946802884615 0.6223085 0.5688579230769231 0.6078111177884615 0.5696156298076923 0.6059120865384615 0.52068871875 0.577007826923077 0.4972929254807692 0.5687666682692307 0.4762463846153846 0.5621139182692307 0.47157647115384616 0.5660776514423077 0.4602688293269231 0.5599809567307692
0 0.14000578605769232 0.5784016490384615 0.1139540673076923 0.5949846322115385 0.21335044471153844 0.6449614350961539 0.23633526201923075 0.6292746875 0.14000578605769232 0.5784016490384615