0 0.1009021515625 1 0.026248415625 0.9243919828125 0.068241071875 0.8870680953125 0.00699996875 0.81866666875 0 0.825750365625 0 1 0.1009021515625 1
0 0.00199996875 0 0.0369131765625 0.045282009375 0.0689076640625 0.009291171875 0.1175659375 0.054612981250000005 0.0749065859375 0.09460281875 0.2502096265625 0.27988908281249997 0.2835371953125 0.2412322203125 0.3288627125 0.2878870296875 0.3048668203125 0.312547409375 0.4121816375 0.4405149171875 0.3695223875 0.481171240625 0.4208468265625 0.5371570234374999 0.46417266718750005 0.492501675 0.5234957015624999 0.5611510171874999 0.54549191875 0.560484428125 0.47217126406250004 0.6311331796874999 0.5174967796875001 0.6717894531249999 0.505498834375 0.6804539375 0.5468250015625 0.730441234375 0.620812246875 0.6497950234375 0.5808191625 0.6144707484375 0.5854850015624999 0.6058062625 0.554823596875 0.5731478859375 0.57548673125 0.5524864296875001 0.5981494374999999 0.5764803734374999 0.65680598125 0.5251600515625 0.6401421968750001 0.5164956187499999 0.718795384375 0.444513890625 0.27487200624999997 0 0.00199996875 0
0 0.6828015484375001 0.7244427984375 0.7681201484375 0.81308685625 0.932091834375 0.66579101875 0.750333303125 0.48366666875000003 0.6254780859375 0.59447588125 0.7134628515625 0.6937838843749999 0.6828015484375001 0.7244427984375
0 1 1 0.9994133625 0.7910925265625 0.9474224343750001 0.7337737203125 0.9194271953125 0.7624331234375 0.890765565625 0.74243820625 0.80611345625 0.81508636875 0.9667523843750001 1 1 1
1 0.4161809859375 0.43718243125 0.370333303125 0.47533333437499997 0.42151331562500005 0.5378236125 0.46417266718750005 0.49716718593750003 0.4161809859375 0.43718243125
1 0.18419998125 0.1832000015625 0.199751815625 0.2015757203125 0.21694879375 0.18877896875 0.2029512125 0.16998374375 0.18419998125 0.1832000015625
1 0.1249646984375 0.07907977031249999 0.10819998125000001 0.0932000015625 0.1173660375 0.109072146875 0.1337632265625 0.0970751953125 0.1249646984375 0.07907977031249999
1 0.4261126359375 0.392701790625 0.40719998124999995 0.4062000015625 0.421313478125 0.42389381249999997 0.43771066718749996 0.40669823125000004 0.4261126359375 0.392701790625
1 0.4565074046875 0.4274928734375 0.44119998125000004 0.44320000156250006 0.45370790000000005 0.455485759375 0.469705134375 0.44148931718749995 0.4565074046875 0.4274928734375
1 0.4809031484375 0.4530863765625 0.46610572031249997 0.46508332656249995 0.476903840625 0.4806794 0.49130137500000004 0.46628303437499996 0.4809031484375 0.4530863765625
1 0.00219998125 0.8822000015624999 0.01378394375 0.8927017906250001 0.034180409375 0.875906009375 0.021782559375 0.863509134375 0.00219998125 0.8822000015624999