0 0 0.9203929593750001 0.0215824734375 0.9383883656249999 0.1542262640625 0.803755934375 0.14422799375 0.789093015625 0.2802044390625 0.654460584375 0.2082168671875 0.5798128593749999 0.24887654375 0.538489996875 0.1682237828125 0.462509296875 0.12823069843749998 0.5044987484375001 0.11223350624999999 0.4898357265625 0 0.605333334375 0 0.9203929593750001
0 0.268873084375 0.653127509375 0.402183365625 0.5118301062499999 0.3675226125 0.4785052421875 0.41418120937499997 0.4331834578125 0.44617569843749993 0.463175834375 0.4948339703125 0.4158544875 0.42351299062500003 0.3485382734375 0.471504671875 0.2972180015625 0.3928515859375 0.218571303125 0.342193740625 0.27055811093750004 0.3281961203125 0.257228165625 0.1613333765625 0.43866666875 0.26820649375 0.544488584375 0.220881303125 0.58981031875 0.268873084375 0.653127509375
0 0.44350953281249994 0.1112652515625 0.378187475 0.1845799515625 0.562155703125 0.36186821875 0.6808018734375 0.237899734375 0.636809440625 0.1905784375 0.674136359375 0.1492556015625 0.7101300937499999 0.183246978125 0.776785234375 0.10060127968749999 0.743457665625 0.069942465625 0.7174622015625001 0.09593581875 0.6201456546874999 0.0019596875 0.5708208921875 0 0.450175046875 0.1192632234375 0.44350953281249994 0.1112652515625
0 0.7607880421875 0 0.868102859375 0.09393630625 0.9367575718750001 0.029952578125 0.9047631859375 0 0.7607880421875 0
0 0.997413790625 1 1 0.9031063359375 0.9387573484375 0.8384561203124999 0.8247770171875001 0.9677566531249999 0.8614373437499999 1 0.997413790625 1
1 0.03218075625 0.836657040625 0.016199981250000002 0.8512000015625001 0.03258068125 0.8710482640625001 0.05017764375 0.8566519593749999 0.03218075625 0.836657040625
1 0.06737468125 0.80226575625 0.0489778703125 0.8202611828125 0.06697475625 0.8358571953125 0.0825720359375 0.8202611828125 0.06737468125 0.80226575625
1 0.181354971875 0.693093490625 0.1729564 0.7022911656249999 0.1861541296875 0.718687053125 0.19655235625 0.707489825 0.181354971875 0.693093490625
1 0.2445440578125 0.6619014359375 0.22819998125000002 0.6442000015625 0.2197483578125 0.6555030375 0.23494568125 0.6706992484375001 0.2445440578125 0.6619014359375
1 0.52319998125 0.2652000015625 0.5092982625 0.2815472484375 0.5240956921875 0.2935441984375 0.536493571875 0.2747489875 0.52319998125 0.2652000015625
1 0.57619998125 0.2742000015625 0.568887934375 0.2927444140625 0.586084971875 0.3043414734375 0.59608324375 0.2883455375 0.57619998125 0.2742000015625
1 0.61019998125 0.2762000015625 0.622478703125 0.2619522671875 0.607681275 0.2475559015625 0.597683003125 0.259552853125 0.61019998125 0.2762000015625
1 0.63519998125 0.2492000015625 0.6476742984375 0.232759659375 0.6316770640625 0.21916310781249998 0.6184793953125001 0.2331595515625 0.63519998125 0.2492000015625
1 0.87419998125 0.9442000015625001 0.860837509375 0.9626758437499999 0.880434096875 0.9782718546875 0.8928319765625 0.96547511875 0.87419998125 0.9442000015625001
1 0.91442821875 0.94428049375 0.9276258875 0.9322835421875 0.9052298578125001 0.915887715625 0.8916321125 0.9314837578124999 0.91442821875 0.94428049375
1 0.9401999812499999 0.9152000015624999 0.9540213468750001 0.89989178125 0.936024459375 0.8806967078125 0.9212270921875 0.8946931515625 0.9401999812499999 0.9152000015624999