0 0.26754000312500004 0.36320124374999996 0.13422972187499999 0.45184535156249994 0.2402113546875 0.613137671875 0.3681892046875 0.5198281046875 0.26754000312500004 0.36320124374999996
0 0.21021654218750002 0 0.0002528484375 0.0786068734375 0 0.1492556015625 0 0.2525626546875 0.0495777140625 0.237899734375 0.02699996875 0.2120000015625 0.0662414984375 0.19990940937499999 0.102235234375 0.28655405625 0.17822205468750002 0.2592276265625 0.14489448437500002 0.1659180328125 0.2802044390625 0.1119317375 0.3088661703125 0.1739159796875 0.3808537421875 0.14992213906250001 0.3501923359375 0.0832724109375 0.450175046875 0.0432825234375 0.476837103125 0.10859925156250001 0.52416229375 0.0866048984375 0.49683364531249996 0.0332850640625 0.590817434375 0 0.21021654218750002 0
0 0.724127715625 0.2385662203125 0.585333303125 0.3220000015625 0.736125559375 0.539823021875 0.8741017796874999 0.4511788640625 0.724127715625 0.2385662203125
0 1 0.6584595078125 0.9214269703125 0.5338245374999999 0.780333303125 0.6203333343749999 0.924759728125 0.8410798234374999 0.9994133625 0.7910925265625 1 0.6584595078125
0 0.2188817296875 1 0.000333303125 0.68366666875 0 0.9823772265624999 0.012917387499999999 1 0.2188817296875 1
0 0.52749505 0.9943741984375001 0.6334766828125 1 0.6041484625 0.9463863124999999 0.52749505 0.9943741984375001
0 0.5969999687499999 0 0.638142521875 0.10193427968749999 0.7034645796875 0.0786068734375 0.6734697671875 0.0012932 0.5969999687499999 0
0 0.720333303125 0.00366666875 0.7407915 0.060611468749999994 0.8094462124999999 0.035951064062499996 0.7947822046875 0 0.720333303125 0.00366666875
0 1 0.9077295515625 0.9807500046875001 0.9250584187499999 1 0.9523848484374999 1 0.9077295515625
1 0.23699996875 0.45033333437499995 0.2515427078125 0.47050729531249996 0.27287243437500003 0.4538448625 0.260207896875 0.43384994531250004 0.23699996875 0.45033333437499995
1 0.2736666359375 0.50366666875 0.2875365453125 0.5264930765625 0.3062000046875 0.51449620625 0.2968682234375 0.4965006984375 0.2736666359375 0.50366666875
0 0.4835026171875 0.5724813484375 0.358857525 0.6604590203125 0.4975002375 0.8764040984375001 0.62681116875 0.7957579875 0.4835026171875 0.5724813484375