0 0 0.347038740625 0.0313031140625 0.3208231734375 0 0.2702222234375 0 0.347038740625
0 0.0197495625 0.65051718125 0.06596380156250001 0.7122792359375001 0.2414890046875 0.57720248125 0.0499665734375 0.347038740625 0 0.38577777968750004 0.00019738124999999998 0.542100284375 0.057520876562500003 0.6220799234375 0.0197495625 0.65051718125
0 0.25037635625 0.8927343234375 0.22415869375000003 0.9122848828125001 0.269928503125 0.9629387171875001 0.4370107484375 0.8286940812499999 0.27926025 0.6251902984375 0.11244442343750001 0.7702222234375 0.15705915937499998 0.8225299296875 0.18416560937499998 0.804312309375 0.25037635625 0.8927343234375
0 0.5774309375 1 0.4872243015625 0.890512665625 0.42901211874999995 0.94027778125 0.4010169453125 0.9073972765624999 0.2924444234375 0.991333334375 0.2943687203125 1 0.5774309375 1
0 0.3250301265625 0.0568055515625 0.38590847500000003 0.13722954999999998 0.3930183828125 0.128787278125 0.5165525234375 0.28119296875 0.52810610625 0.2740837046875 0.5752091 0.33451275156250004 0.5672104703125 0.34251073125 0.7254053640625 0.5451541625 0.8995973812500001 0.40341236875 0.85427196875 0.3452050125 0.8276099125 0.3651998984375 0.7618434265625 0.2821098828125 0.785839384375 0.26211496562500003 0.7396250453125 0.20479619218749998 0.6547509421875 0.2692242625 0.60986971875 0.21234981406250003 0.6947440265625 0.140812446875 0.648085428125 0.08527100625 0.6223120265625 0.1039329171875 0.5898731765624999 0.0648317625 0.6351986593750001 0.027952234375000003 0.610758509375 0 0.2957018375 0.006596109375000001 0.31392093593750003 0.0252580203125 0.323252615625 0.019926056249999997 0.34502666875 0.04347560625 0.3250301265625 0.0568055515625
0 1 0.48966922031250004 0.9662525234375 0.4430143421875 0.783555534375 0.5791111124999999 0.959587009375 0.8100321703125 1 0.7744856484375 1 0.48966922031250004
1 0.43355553437500005 0.10244444531250001 0.44367626250000003 0.11731935 0.46011785156249996 0.1053223875 0.44989738125 0.08888211875 0.43355553437500005 0.10244444531250001
1 0.7124444234375 0.33911111250000003 0.69652146875 0.35192638125000003 0.707630659375 0.36792230937500003 0.7267384125 0.35192638125000003 0.7124444234375 0.33911111250000003
2 0.96067205625 0.4788262171875 0.9426249890625 0.49012500000000003 0.951673596875 0.5073189796875 0.9689206765625 0.49332254062500003 0.96067205625 0.4788262171875
2 1 0.5343121265625 0.9951661375 0.5238147828125 0.9756694625 0.5353118578125 0.9874174625000001 0.5533072953125 0.9989154890625 0.545059384375 1 0.5343121265625
1 0.9894170859375 0.6092930515625 0.977919059375 0.6165412328125 0.9894170859375 0.6307876046875001 0.9994153562499999 0.6232895093749999 0.9894170859375 0.6092930515625