0 0.1427272734375 0 0.0772727265625 0.100909090625 0.0018181812499999997 0.055454545312500006 0 0.2863636359375 0.4436363640625 0.5690909093750001 0.430909090625 0.5927272734375 0.5554545453124999 0.6863636359374999 0.719090909375 0.479090909375 0.7445454546875 0.47000000000000003 0.8072727265624999 0.37818181875 0.6354545453125 0.26818181874999997 0.6254545453125 0.2863636359375 0.5572727265624999 0.24363636406250003 0.48818181875000005 0.360909090625 0.429090909375 0.3254545453125 0.4872727265625 0.2363636359375 0.3363636359375 0.14181818125 0.27818181875 0.23090909062499998 0.2272727265625 0.1972727265625 0.2754545453125 0.1072727265625 0.20909090937500002 0.060909090624999995 0.23090909062499998 0.0227272734375 0.16818181875 0 0.1427272734375 0
0 1 0.5627272734375001 0.90181818125 0.50181818125 0.8754545453125001 0.5436363640625 0.8627272734375 0.5363636359374999 0.7245454546875 0.760909090625 1 0.9327272734375001 1 0.7227272734375 0.9572727265625 0.6972727265625001 1 0.63818181875 1 0.5627272734375001
0 0.779090909375 0.0836363640625 0.72181818125 0.1427272734375 0.8718181812499999 0.24454545468750002 0.9254545453125 0.18 0.9645454546875 0.10818181874999999 0.8127272734375 0.009090909375000001 0.779090909375 0.0836363640625
0 0.44000000000000006 0 0.6954545453125001 0.150909090625 0.7563636359375 0.0663636359375 0.7936363640625 0 0.44000000000000006 0
1 0.44076923125 0.5323076921875 0.4280769234375 0.5476923078125 0.44615384531249996 0.5584615375 0.45615384531250003 0.5423076921875001 0.44076923125 0.5323076921875
1 0.400384615625 0.5284615374999999 0.40576923125000003 0.5326923078125 0.40538461562499994 0.5338461546875 0.41576923125 0.5411538453125 0.42923076875 0.5230769234375 0.4115384625 0.51423076875 0.400384615625 0.5284615374999999
1 0.49923076875000005 0.37769230781249996 0.4884615375 0.395 0.5061538453125001 0.40653846250000003 0.5176923078125 0.3884615375 0.49923076875000005 0.37769230781249996
1 0.48076923125000004 0.38769230781249997 0.4915384625 0.36884615468750004 0.4711538453125 0.35884615468750003 0.459615384375 0.3738461546875 0.48076923125000004 0.38769230781249997
1 0.41884615468749997 0.3819230765625 0.4280769234375 0.3619230765625 0.41038461562500006 0.3523076921875 0.4 0.3726923078125 0.41884615468749997 0.3819230765625
1 0.43307692343750004 0.33346153749999996 0.4069230765625 0.3180769234375 0.3969230765625 0.3411538453125 0.42384615468750003 0.35423076875000004 0.43307692343750004 0.33346153749999996
1 0.29230769218749997 0.45923076875 0.3026923078125 0.439615384375 0.27692307656250004 0.43038461562499997 0.27 0.445384615625 0.29230769218749997 0.45923076875
1 0.24692307656249998 0.42653846250000005 0.2569230765625 0.41230769218749996 0.23923076875 0.400384615625 0.2276923078125 0.41384615468749997 0.24692307656249998 0.42653846250000005
1 0.3638461546875 0.290384615625 0.35423076875000004 0.31 0.370384615625 0.3188461546875 0.38 0.30038461562499996 0.3638461546875 0.290384615625
1 0.334615384375 0.2988461546875 0.3438461546875 0.27999999999999997 0.32576923125 0.27076923124999996 0.3165384625 0.2869230765625 0.334615384375 0.2988461546875
1 0.29730769218750003 0.2511538453125 0.280384615625 0.24 0.270384615625 0.2573076921875 0.2876923078125 0.26769230781250003 0.29730769218750003 0.2511538453125
1 0.22538461562499998 0.20384615468749998 0.204615384375 0.1930769234375 0.195384615625 0.21076923125000002 0.21384615468749998 0.2215384625 0.22538461562499998 0.20384615468749998
1 0.16230769218750002 0.165384615625 0.1511538453125 0.18307692343749998 0.1676923078125 0.195384615625 0.1765384625 0.175 0.16230769218750002 0.165384615625
1 0.0934615375 0.30923076875 0.0761538453125 0.2988461546875 0.064615384375 0.3126923078125 0.0819230765625 0.3238461546875 0.0934615375 0.30923076875
1 0.033846154687500005 0.2930769234375 0.044230768749999996 0.2780769234375 0.029615384374999998 0.2688461546875 0.0180769234375 0.2826923078125 0.033846154687500005 0.2930769234375
1 0.09807692343749999 0.1526923078125 0.1088461546875 0.1323076921875 0.09076923125 0.12423076875000001 0.08153846249999999 0.14346153749999999 0.09807692343749999 0.1526923078125
1 0.06653846249999999 0.12923076875 0.0734615375 0.11115384531250001 0.0573076921875 0.1030769234375 0.0488461546875 0.11807692343750001 0.06653846249999999 0.12923076875
1 0.020384615624999998 0.0961538453125 0.0280769234375 0.079615384375 0.0019230765625 0.0673076921875 0.0026923078125 0.0823076921875 0.020384615624999998 0.0961538453125
1 0.79 0.155384615625 0.7788461546875001 0.145384615625 0.7680769234375 0.16115384531250002 0.779615384375 0.16846153749999998 0.79 0.155384615625
1 0.8573076921875 0.1984615375 0.8442307687499999 0.1888461546875 0.8330769234375 0.20423076875 0.8446153843750001 0.21192307656249998 0.8573076921875 0.1984615375