0 0.0109177125 1 0.03558009375 0.9590498203125 0 0.9370553906250001 0 1 0.0109177125 1
0 0.3536666359375 0 0.23154616562500002 0.180580978125 0.23754519062499999 0.1852464390625 0.2155489734375 0.2212373015625 0.1948858390625 0.20457487031250002 0.153559671875 0.2638931375 0.16355794375 0.26855859843749996 0.0975693953125 0.3838626484375 0.0842383671875 0.370532703125 0.018916309375000002 0.4691742703125 0.0422456078125 0.485170215625 0.01625014375 0.5284925375 0 0.5178286937500001 0.002919115625 0.8577422546875001 0.0142504703125 0.8617411781250001 0.014916959375 0.8477447953125001 0.0722404203125 0.8837356078124999 0.10823415624999999 0.8304158265625 0.0495777140625 0.7884264765625 0.1275642078125 0.6704564796875 0.18955350937499998 0.7084468046875 0.2222144875 0.6577930703125 0.1009021515625 0.5831453453125001 0.160891778125 0.51249659375 0.2742055171875 0.5811459343750001 0.4221799078125 0.349204759375 0.3062000046875 0.27988908281249997 0.3595241171875 0.20990686875 0.480169859375 0.275223571875 0.62681116875 0.03795055 0.5494912671875001 0 0.3536666359375 0
0 0.7027979875 1 0.81677831875 0.8297492875 0.5708208921875 0.675121940625 0.53082780625 0.7344402578125 0.5688212171875 0.7591006375 0.53082780625 0.8110874453125 0.58615159375 0.8470782578125 0.5408260796875 0.9083959875 0.4848357 0.8717386375 0.4436666359375 0.930333334375 0.57748640625 1 0.7027979875 1
0 1 0.3831961625 0.9947476249999999 0.3751981640625 0.9254263203124999 0.48783631562499996 0.8081132312499999 0.4111890265625 0.7761186437500001 0.4605098359375 0.8341086953125 0.49716718593750003 0.7901162625 0.5618174015624999 0.7461238296875 0.5338245374999999 0.7034645796875 0.59114339375 0.6894670625 0.5798128593749999 0.6486666359375 0.640333334375 0.8561048109374999 0.7837610171875 1 0.5811459343750001 1 0.3831961625
0 1 0.258561140625 0.9994133625 0 0.975333303125 0.0020000015625 0.810779396875 0.218571303125 0.8694358390625 0.2592276265625 0.9187608062500001 0.1979098984375 1 0.258561140625
0 0.6554729 0.0039591734375 0.615333303125 0.06866666875 0.712796259375 0.122595709375 0.7527893437500001 0.0719419015625 0.6554729 0.0039591734375
1 0.6649713421875 0.9167281984375 0.6546666453125 0.93466666875 0.6716368562499999 0.9500530625 0.684967884375 0.9291694937500001 0.6649713421875 0.9167281984375
1 0.27688886875 0.47911111249999994 0.261929940625 0.4986122453125 0.2837039265625 0.5168298296875 0.2983680703125 0.4910586390625 0.27688886875 0.47911111249999994
1 0.30688886875 0.47466666875 0.315254053125 0.462177090625 0.2943687203125 0.4484027859375 0.28503704218750003 0.46573170468749997 0.30688886875 0.47466666875
1 0.23882277031250002 0.359536490625 0.23133331250000003 0.37466666875 0.253931309375 0.389751021875 0.265929221875 0.375976734375 0.23882277031250002 0.359536490625
1 0.509111090625 0.116888890625 0.5347716203124999 0.13150970625 0.5578787234375 0.09463019375000001 0.5329941781249999 0.08130024687500001 0.509111090625 0.116888890625