0 0 0 0 0.18033333437500002 0.00558528125 0.1939109234375 0.0582428015625 0.13659219375 0.1175659375 0.17324954374999998 0.22621383593750002 0.041949523437500004 0.1682237828125 0 0 0
0 0.4315115875 0.66579101875 0.535493646875 0.539823021875 0.5721539734375 0.5631504265625 0.5954832734375 0.5631504265625 0.6168128984375 0.544488584375 0.6161464078125001 0.51249659375 0.7801179921875 0.32254486875 0.6014821953125 0.17125000625 0.5574898640625 0.2259027625 0.4928343984375 0.17458249374999998 0.41084855468750003 0.2698916234375 0.47017158906249995 0.32121189375000003 0.428845421875 0.3672002171875 0.4588402359375 0.3931936203125 0.4281788296875 0.4205199984375 0.36752271406250003 0.369866215625 0.2775382734375 0.46850778281250005 0.3368613078125 0.5224940515625 0.29486855 0.5738143734375 0.31286551875 0.5918097796875 0.288869628125 0.62380166875 0.2235475703125 0.5751473484375 0.1415617265625 0.66245853125 0.203551028125 0.7237762609375 0.16155826874999998 0.77776258125 0.1795552375 0.7984239359374999 0.15289318125 0.8304158265625 0.09290355624999999 0.77509653125 0.0062518734375 0.8657402015625 0.0735735046875 0.92639139375 0.0002528484375 1 0.22421416249999998 0.9997060937500001 0.31753135781249997 0.8870680953125 0.29486855 0.8684061515625 0.45217472187499996 0.6844529625 0.4315115875 0.66579101875
0 0.3715219609375 0 0.3695223875 0.0032926875 0.324196871875 0.0499474953125 0.39951720156250004 0.1192632234375 0.4148478015625 0.09793530624999999 0.530161215625 0.1905784375 0.6048149515625 0.0792733875 0.48150294374999997 0 0.3715219609375 0
0 0.704797765625 0 0.6874673875 0.02262111875 0.7414580921875 0.053946470312499994 0.76745355625 0.0139566328125 0.8841000515624999 0.09393630625 0.9400903296875001 0 0.704797765625 0
0 0.9736666359375 0 0.952754765625 0.09460281875 0.9214269703125 0.0879378453125 0.8954315062499999 0.1772484921875 1 0.20524135625 0.9994133625 0 0.9736666359375 0
0 0.8547718296875001 0.7837610171875 0.8081132312499999 0.8604082046875 0.9107621078125 0.93105695625 0.9567541140625 0.8517437187500001 0.8547718296875001 0.7837610171875
0 0.8054470671875 0.8797789312500001 0.7254608984375001 0.99708249375 0.871435615625 0.9964159546875001 0.905429778125 0.9444292484375 0.8054470671875 0.8797789312500001
1 0.6019999687500001 0.4370000015625 0.5928171078125 0.45451135000000004 0.615479815625 0.46517529687500003 0.6241450046875 0.44984589062499997 0.6019999687500001 0.4370000015625
1 0.6269999687500001 0.40366666875 0.6181459796875 0.4198535125 0.6401421968750001 0.43784891875 0.652806734375 0.4245189734375 0.6269999687500001 0.40366666875
1 0.6786666359375 0.34866666875 0.6634714953125 0.3645342171875 0.6868007953124999 0.3791971375 0.7021316 0.36320124374999996 0.6786666359375 0.34866666875
1 0.70699996875 0.31366666875 0.6947994937499999 0.330542865625 0.7181287937499999 0.347871784375 0.7314598203125 0.329209840625 0.70699996875 0.31366666875
2 0.1242314515625 0.161919034375 0.16489102656250001 0.1132647890625 0.0962363125 0.05927846875 0.0742400953125 0.0826058734375 0.08690453125 0.09860179375 0.07024074687500001 0.123928684375 0.1242314515625 0.161919034375
2 0.11199996875 0 0.086238040625 0.035951064062499996 0.17488929687500002 0.0992683046875 0.21354929843749998 0.0412830375 0.16489102656250001 0 0.11199996875 0