0 0.1401731765625 1 0.032636229687500004 0.8771827203125 0.0015304984375000001 0.9020652437500001 0 1 0.1401731765625 1
0 0.290813834375 0 0.36591193125 0.085242775 0.38946342968750003 0.06569218125000001 0.45567417499999996 0.1492265203125 0.42990084062499995 0.1692214390625 0.4713333125 0.2291111125 0.6449748 0.08835308124999999 0.5720984734375001 0 0.290813834375 0
0 0.627644490625 0.37017219687499997 0.6009823671875 0.388834159375 0.7085193125 0.5212449140625 0.72896025 0.5052489859375 0.7578441437500001 0.543461490625 0.736070159375 0.562567759375 0.7809513140625 0.6189978484374999 0.8076133703125 0.594115290625 0.871602278125 0.6807599703125 0.8476064546875 0.69853323125 0.8924876093749999 0.7594066359375 0.9293700656249999 0.7269704203125 0.9889152984375 0.7936201484375001 0.9986914390624999 0.7838448687499999 1 0.5380730625 0.880045234375 0.3843343640625 0.8724910671874999 0.38655602187500004 0.696077075 0.1488386765625 0.5224444234375001 0.2891111125 0.5729872625 0.34351230625 0.5952056421874999 0.3292937109375 0.627644490625 0.37017219687499997
1 0.3810204046875 0.0448086140625 0.36688886875 0.031333334375 0.3468041125 0.0461415875 0.360579534375 0.062581875 0.3810204046875 0.0448086140625
1 0.4770038328125 0.163000859375 0.463555534375 0.1724444453125 0.4747819953125 0.18743909375 0.4881130234375 0.1732204296875 0.4770038328125 0.163000859375
1 0.6800798140625 0.2185422984375 0.6646666453125001 0.23022222343749998 0.6760805328124999 0.2500897625 0.6947440265625 0.2358711671875 0.6800798140625 0.2185422984375
1 0.6802222015625 0.2624444453125 0.69785451875 0.2754166453125 0.7142961734375 0.2598650421875 0.70229819375 0.24697945468750002 0.6802222015625 0.2624444453125
1 0.650307265625 0.3931644984375 0.6379999796875 0.38355555625000004 0.623200746875 0.3931644984375 0.6351986593750001 0.4082718109375 0.650307265625 0.3931644984375
1 0.65919461875 0.4407645203125 0.6707480671875 0.45987068906250006 0.6898559546875 0.44209746250000004 0.67519174375 0.42387984218749997 0.65919461875 0.4407645203125
1 0.689111090625 0.47577777968749996 0.701409540625 0.4926947984375 0.7151848265625 0.47669883750000003 0.7049644265625 0.46781220625 0.689111090625 0.47577777968749996
1 0.0970695328125 0.9869325921875 0.038857384375 0.9229488796875 0.012444423437500001 0.9402222234375 0.05974268125 0.9980408796875 0.0819610625 0.9989295296874999 0.0970695328125 0.9869325921875