0 0.3655230390625 1 0.3221971984375 0.9597162578124999 0.308199578125 0.9743792796875 0.20888345937500002 0.8737381484375 0.22554724375 0.8617411781250001 0.155559346875 0.7824280421875 0.109567340625 0.8237508531250001 0.005333303125 0.6970000015625 0 0.9243919828125 0.053576962500000005 0.8757376609374999 0.06557490625 0.89106711875 0.002919115625 0.9410544156249999 0 1 0.3655230390625 1
0 0.2442107046875 0.0139566328125 0.2235475703125 0 0.0215824734375 0.0026262 0 0.0370000015625 0.0895707984375 0.126594734375 0.1435614015625 0.0639439546875 0.1795552375 0.0879378453125 0.2442107046875 0.0139566328125
0 0.3268630375 0.3372078390625 0.31753135781249997 0.35120427187500003 0.40551612343750004 0.41852048750000004 0.5268284578125 0.2625601125 0.4835026171875 0.2239033015625 0.5188298625 0.1739159796875 0.43484434375000003 0.10659981562500001 0.427512340625 0.1179302234375 0.4208468265625 0.1119317375 0.41351472031250003 0.0779403875 0.3895189296875 0.0626109546875 0.3595241171875 0.06327749375 0.32952930468749997 0.09793530624999999 0.265540328125 0.03795055 0.14199996875 0.17366666875 0.184221078125 0.2032418953125 0.1808883203125 0.21123984375 0.3268630375 0.3372078390625
0 0.6874673875 0.6717894531249999 0.8154453374999999 0.5311586390625 0.553490515625 0.29055302968749996 0.435333303125 0.41866666874999997 0.6441415453125 0.62313513125 0.634809765625 0.6324661546875 0.6874673875 0.6717894531249999
0 0.8781011296875001 0.8490777703125 0.86610308125 0.862407715625 0.9600868703125001 0.9423873890625 0.9754176749999999 0.9197264203125 1 0.9443869015624999 0.9987469734375001 0.6391311265625 0.9880821109375001 0.6397975625 0.9414235124999999 0.5938092921875 0.9120952921875001 0.62313513125 0.8336666359375 0.5520000015625001 0.7747856625 0.616470159375 0.766120371875 0.6084722124999999 0.693466309375 0.6724559906249999 0.8781011296875001 0.8490777703125
0 1 0.13792514218750002 0.99808038125 0 0.88943238125 0.0039591734375 1 0.13792514218750002
1 0.682068375 0.48150456249999996 0.66919998125 0.4682000015625 0.6616718765625 0.48550354531249995 0.67326996875 0.4951011125 0.682068375 0.48150456249999996
1 0.37419998125 0.2532000015625 0.36852261875000003 0.26435975156249997 0.38132039375 0.27835619375 0.3929183625 0.26875864374999997 0.37419998125 0.2532000015625
1 0.364523309375 0.21077337968749998 0.35419998124999996 0.22720000156250003 0.3681226625 0.240365865625 0.3825201984375 0.22716920625 0.364523309375 0.21077337968749998
1 0.3041337296875 0.22996849843749997 0.29019998125 0.2162000015625 0.27093945625 0.23316768125 0.2905361046875 0.24716412499999998 0.3041337296875 0.22996849843749997
1 0.2633407953125 0.1815808015625 0.25419998125 0.1942000015625 0.267340103125 0.2031753046875 0.2761385703125 0.1915782609375 0.2633407953125 0.1815808015625
1 0.41451466562499995 0.080304884375 0.3885191609375 0.060709859374999994 0.35732454375 0.063509134375 0.33019998125 0.0962000015625 0.3917186203125 0.1546860375 0.42251328125 0.1170955234375 0.41451466562499995 0.080304884375
1 0.11619998125 0.8892000015624999 0.126964353125 0.9019248109375001 0.1421617375 0.8903277515625 0.12896400624999999 0.8759314171874999 0.11619998125 0.8892000015624999
1 0.0665748015625 1 0.041379176562499995 0.9687078265625001 0.016199981250000002 0.9892000015625 0.022182484375 1 0.0665748015625 1