0 1 0.87493283125 0.9644750796875 0.8380533015625 0.9555877265625 0.8456069234375001 0.9120397562500001 0.8073944546874999 0.900486171875 0.8145037171875 0.8387191015625 0.7434106734375 0.8480508484374999 0.7305250875 0.7005207515625 0.5905041953125 0.711629940625 0.5798401984375 0.63653184375 0.507414215625 0.6320881671875 0.515412128125 0.3965732703125 0.25097841249999997 0.38768591875 0.25631044375 0.3596908125 0.2256515296875 0.3694668875 0.2198752390625 0.3619126515625 0.21276590781250002 0.3761324015625 0.205212353125 0.3414717140625 0.15589149375 0.3268075703125 0.16655545624999998 0.2059395953125 0.00881776875 0.0579999796875 0.13355555624999998 0.0961808109375 0.17641542968749999 0.051744017187500005 0.2115176265625 0.095736415625 0.265726059375 0.13972885 0.2310682375 0.208161434375 0.31682418437500004 0.2032733625 0.32393348125 0.2068283171875 0.33504176874999997 0.1463943640625 0.38836155156249996 0.179721934375 0.428795746875 0.22149246250000001 0.40574695 0.2899250453125 0.491947271875 0.33436180625 0.4586224078125 0.46100657187499994 0.5937556421875 0.50544333125 0.5533214796875 0.5587674453125 0.61508356875 0.49122358281249995 0.6932859437500001 0.6023154828124999 0.7990368078125 0.5947612484375 0.8074791125 0.6871897234375 0.8994557234375 0.7747301953125 0.8141440859375001 0.8373859187500001 0.8781278312499999 0.729849040625 0.9896551046875001 0.7396250453125 0.999430315625 1 0.999430315625 1 0.87493283125
0 0.07577775625 0.01466666875 0.116177353125 0.06347052343750001 0.18994233437500002 0 0.0966251375 0.0008197875 0.07577775625 0.01466666875
0 0.7560667015625 0 0.824054890625 0.0719128296875 0.9040410578125 0 0.7560667015625 0
0 1 0.05413956875 0.9875822484375 0.07235715468750001 0.948033559375 0.03192299375 0.872046671875 0.10568201875000001 0.9706961984375001 0.21809790625 0.9835829687500001 0.205212353125 1 0.22031956406250003 1 0.05413956875
1 0.239267165625 0.3221279515625 0.24022220156250002 0.3257777796875 0.2512650765625 0.34390016874999996 0.2645961046875 0.33412488906250004 0.2521537984375 0.31768463593749996 0.239267165625 0.3221279515625
1 0.2739278515625 0.29768971875 0.25577775625 0.31244444531250004 0.27526096875 0.3305702234375 0.2890363234375 0.319017609375 0.2739278515625 0.29768971875
1 0.25970810312500003 0.40077468437499997 0.24688886875 0.41133333437499997 0.261929940625 0.4403201296875 0.277927134375 0.425657175 0.25970810312500003 0.40077468437499997
1 0.273555534375 0.44355555625000004 0.294813115625 0.47009032656249994 0.3108103765625 0.456316125 0.28859199687500003 0.43054481562499997 0.273555534375 0.44355555625000004
1 0.3374724328125 0.3185732859375 0.347692834375 0.33234755625 0.358357696875 0.31990629375 0.34458227343750003 0.30657634843750003 0.3374724328125 0.3185732859375
1 0.5876513390625 0.7399125046874999 0.5734315890625 0.75635275625 0.5992049234375 0.7736816937500001 0.6094253921874999 0.758130090625 0.5876513390625 0.7399125046874999
0 0.5263286640625 0.6199147625 0.48577775624999997 0.58466666875 0.42279099843749995 0.65101796875 0.46456152656249994 0.6901191234375 0.5263286640625 0.6199147625