0 0.1373625796875 0.9758551625 0.0909706078125 0.9370650328125001 0.13496297031249999 0.8806794 0.0893708796875 0.8382901484374999 0.053377103125000006 0.8762804937500001 0.00219998125 0.8372000015625 0 1 0.11256687968750001 0.999449203125 0.1373625796875 0.9758551625
0 0 0.2522000015625 0.0525772234375 0.2159212546875 0.047378140624999995 0.2075233640625 0.09337018750000001 0.173532003125 0 0.039566065625 0 0.2522000015625
0 0.077372953125 0 0.03098098125 0.02956860625 0.1653577390625 0.2111224546875 0.2597414421875 0.143539625 0.22174801249999998 0.09395226718750001 0.2805378328125 0.053162600000000004 0.3373280015625 0.138340965625 0.4441095234375 0.063959890625 0.40851570312499996 0.013572670312499998 0.428112290625 0 0.077372953125 0
0 1 0.6710818015625 0.9884154234375 0.6622840515624999 1 0.6446885765625 0.8376414484374999 0.4514613984375 0.824843734375 0.459459365625 0.763254409375 0.3930762125 0.77245276875 0.38227896875 0.7360590375 0.33749033281249996 0.7452575203125 0.327892796875 0.6112807499999999 0.182329784375 0.47419998124999996 0.29820000156250004 0.47930345 0.3047749046875 0.445309328125 0.3379664953125 0.48930172031249997 0.38755386875000003 0.5164970296875 0.3679588734375 0.58848458125 0.4471387171875 0.5588896625 0.4751316015625 0.6048817093750001 0.525518790625 0.6860676828125001 0.45993548281249996 0.7496566625 0.52751828125 0.714462796875 0.5655086265625 0.795648709375 0.65948474375 0.77245276875 0.6830787546875 0.8104461984375 0.7242682984375 0.799248184375 0.7366651703125 0.8444403203125 0.78985160625 0.9156279625 0.735065540625 0.9364244156250001 0.7606590734374999 0.8460400203124999 0.8474370062500001 0.9628198749999999 0.9822027453125 1 0.9470116765625001 1 0.6710818015625
1 0.48010329843750005 0.3442886234375 0.46719998125 0.33320000156249996 0.45490764375000003 0.345088409375 0.4693051796875 0.35708535937499997 0.48010329843750005 0.3442886234375
1 0.48719998125 0.34820000156250003 0.470105028125 0.364683465625 0.48010329843750005 0.3750807859375 0.49810018749999996 0.3622840515625 0.48719998125 0.34820000156250003
1 0.8932319328125 0.59790041875 0.8748350890625 0.6190950156249999 0.8900324124999999 0.6330914578125 0.912028609375 0.6158958453125 0.8932319328125 0.59790041875
1 0.9148281734375001 0.831840934375 0.90682955625 0.8394390406250001 0.8936317656250001 0.8538353437499999 0.9076293453125001 0.8694314171874999 0.928825753125 0.8474370062500001 0.9148281734375001 0.831840934375
1 0.9544213031250001 0.8810284453125 0.9421999812499999 0.8662000015625001 0.9256262328125 0.8858272140624999 0.9380241140625 0.899023871875 0.9544213031250001 0.8810284453125
1 0.9681999812500001 0.9002000015625 0.9524216484375 0.9174192203124999 0.9680189265625 0.932615371875 0.9872156796875 0.9146199453125 0.9681999812500001 0.9002000015625
1 0.10976737656249999 0.9750299703125 0.08319998125 0.9522000015625001 0.060575840625 0.9750299703125 0.0893708796875 0.9962245953125001 0.10976737656249999 0.9750299703125
1 0.329329384375 0.0759314171875 0.3461264671875 0.0991255046875 0.4093155515625 0.0619349734375 0.390518815625 0.0315426734375 0.329329384375 0.0759314171875
1 0.17819998125 0.14320000156249998 0.1589588203125 0.1563109828125 0.17175665625 0.177505578125 0.19215309375 0.1655086265625 0.17819998125 0.14320000156249998
1 0.2109498296875 0.122319621875 0.19215309375 0.1335167578125 0.20495086875 0.1527118921875 0.2201482515625 0.140714940625 0.2109498296875 0.122319621875