0 0.06357523281250001 0.144590115625 0.11023383125 0.17258300625 0.043578690625 0.2432317328125 0.15889210468749998 0.3352083265625 0.22554724375 0.2665591375 0.26620692031250004 0.3012169765625 0.2002182703125 0.369199678125 0.2608744890625 0.42318599843750004 0.444842615625 0.2332342734375 0.165333303125 0.00366666875 0.000919440625 0 0 0.2145723296875 0.06357523281250001 0.144590115625
0 0.47350434531249996 0.2792225453125 0.415333303125 0.3370000015625 0.516163696875 0.43384994531250004 0.572820565625 0.37586465156250004 0.47350434531249996 0.2792225453125
0 0.570333303125 0 0.62481149375 0.03795055 0.670137009375 0 0.570333303125 0
0 0.642141871875 0.8790701484375001 0.8254436093749999 0.675121940625 0.8067800484375001 0.655793559375 0.8421073937499999 0.62180215625 0.685467915625 0.47117378125 0.5641553781249999 0.6044732890625 0.6128136515625 0.6471290734374999 0.5101646734374999 0.751102690625 0.642141871875 0.8790701484375001
0 1 0.13459265625 0.7169999687499999 0.44200000156249997 0.79744836875 0.5264930765625 0.8634369171875 0.45451135000000004 0.8947649156249999 0.48383724062500005 0.9167610296875001 0.45917681093749996 0.9907482765625 0.5271595640625 1 0.5164956187499999 1 0.13459265625
0 0.3881857453125 0.9450533374999999 0.4268457484375 0.901731015625 0.5348270546875 0.9970401453125 0.6028153796875 0.9130614484375 0.41351472031250003 0.7564345875 0.20699996875 0.9820000015625 0.22554724375 0.9983731203125 0.4535078046875 1 0.3881857453125 0.9450533374999999
0 0.40484953125 0.6417970765625001 0.3595241171875 0.6058062625 0.313532009375 0.6444631265625 0.35685785000000003 0.690451396875 0.40484953125 0.6417970765625001
1 0.48419998125 0.8912000015625001 0.470904878125 0.9070726562500001 0.4845025625 0.91587040625 0.49370098437500004 0.901873965625 0.48419998125 0.8912000015625001
1 0.40611609375 0.857885175 0.39719998125 0.8672000015625001 0.407715853125 0.88227896875 0.41691421406250007 0.8726814328125 0.40611609375 0.857885175
1 0.5100981124999999 0.9094720703125001 0.49519998125000003 0.9222000015624999 0.50369925625 0.933465971875 0.5172968796874999 0.9206692375 0.5100981124999999 0.9094720703125001
1 0.5032993 0.8690823109375 0.49119998125000003 0.8842000015625 0.5028993453124999 0.8942759203125 0.512497721875 0.8810792624999999 0.5032993 0.8690823109375
1 0.51319998125 0.9042000015625 0.5240956921875 0.9150706234375001 0.5356937234375 0.9006743187499999 0.5244956468749999 0.890676859375 0.51319998125 0.9042000015625
1 0.5951999812500001 0.7412000015625 0.5828855125 0.75551116875 0.5972830484375 0.7691077187500001 0.6100808234375 0.758310475 0.5951999812500001 0.7412000015625
1 0.656472825 0.7755060859375 0.64219998125 0.7612000015625 0.63127723125 0.7743064093750001 0.6436749890625 0.788302853125 0.656472825 0.7755060859375
1 0.6132804046875 0.72631860625 0.62607805625 0.73831555625 0.63807598125 0.72751828125 0.6244783578125 0.7119222703125 0.6132804046875 0.72631860625
1 0.6544731703125 0.751512184375 0.6668710515625 0.762309459375 0.677269278125 0.75191210625 0.6644714421875 0.73991515625 0.6544731703125 0.751512184375
1 0.60728131875 0.5819553156249999 0.5888844765625 0.5983511125 0.6116805828125 0.6171463390625 0.6288776203124999 0.5979512515625001 0.60728131875 0.5819553156249999
1 0.67566945625 0.5519629390625 0.65619998125 0.5372000015625 0.645274809375 0.550763215625 0.66207183125 0.5651595515625 0.67566945625 0.5519629390625
1 0.7536559703125 0.5647596593750001 0.744457609375 0.549163615625 0.7252609796875 0.5627601671875 0.738858603125 0.5771565015625 0.7536559703125 0.5647596593750001
1 0.7908496125 0.597551328125 0.7788516875 0.5847545765625 0.763254409375 0.5955518359374999 0.776452078125 0.6107479703124999 0.7908496125 0.597551328125
1 0.87219998125 0.35220000156250003 0.8588378562500001 0.36310924375 0.8740351796875 0.3807047765625 0.8880327578125 0.3687078265625 0.87219998125 0.35220000156250003
1 0.9040299921875 0.322319621875 0.88963245625 0.33671595625 0.9032302046874999 0.346713415625 0.916827828125 0.334716465625 0.9040299921875 0.322319621875
1 0.98319998125 0.2532000015625 0.9708184921875 0.26673374375000003 0.9876155140625 0.2815299703125 0.9968139953125 0.26953301875 0.98319998125 0.2532000015625
1 0.9684188812500001 0.4446885765625 0.9576207015625 0.45948474375000004 0.9740178890625 0.4686824484375 0.9820165062499999 0.4546860375 0.9684188812500001 0.4446885765625
1 1 0.4423399484375 0.9976137843749999 0.41354724843749996 0.9920147765625 0.42754369062500003 1 0.4423399484375