0 0.2622075703125 0.47383978125 0.30086757343750004 0.41718751249999997 0.249543134375 0.3791971375 0.3448599046875 0.26589260000000003 0.3921850953125 0.3098814609375 0.43684401875 0.2512296796875 0.24621037812500002 0.1012677921875 0.0342470125 0.3545367578125 0.1275642078125 0.42718497187500004 0.16355794375 0.3865286484375 0.2622075703125 0.47383978125
0 0.3281961203125 0 0.2736666359375 0.0720000015625 0.457507153125 0.2259027625 0.498166728125 0.17125000625 0.4548408859375 0.13792514218750002 0.54549191875 0.02128811875 0.5974829484375 0.05861195625 0.6401421968750001 0.0052921734375000005 0.62681116875 0 0.3281961203125 0
0 0.8636666359375 0.1920000015625 0.7981149609375 0.26589260000000003 0.864103509375 0.3172129203125 0.9220935625 0.2425651953125 0.8636666359375 0.1920000015625
0 0.67199996875 0.42200000156249995 0.6108139765625 0.49716718593750003 0.6748028500000001 0.5438219953125001 0.72946004375 0.466508321875 0.67199996875 0.42200000156249995
0 0.2415444375 1 0.370188878125 0.8330817749999999 0.315531684375 0.789093015625 0.2782047640625 0.841746259375 0.16355794375 0.750436153125 0.2008848625 0.69844934375 0.1548927546875 0.653794046875 0.0049186890625 0.843079234375 0.187553834375 1 0.2415444375 1
0 0 0.8290828515625 0.1428949109375 0.6364650765625 0.017583226562500002 0.5311586390625 0 0.560484428125 0 0.8290828515625
0 0.5001664015625 0.8090879328125 0.53282748125 0.7604336125 0.512830940625 0.7344402578125 0.5421591609374999 0.69911588125 0.48150294374999997 0.637131615625 0.45033330312500003 0.680333334375 0.4888350484375 0.726442209375 0.459506828125 0.7697645328125 0.5001664015625 0.8090879328125
0 0.7341259859375 0.5564854546875 0.5736666359375 0.74366666875 0.7154626281249999 0.8604082046875 0.8687694515625 0.673788965625 0.7341259859375 0.5564854546875
0 0.6941329015625 0.8824026343750001 0.649473978125 0.9463863124999999 0.69879884375 0.9837102 0.7414580921875 0.92839090625 0.6941329015625 0.8824026343750001
0 1 0.391194109375 0.9194271953125 0.3198789203125 0.765333303125 0.520333334375 0.8974310796875 0.635132103125 1 0.5051651328125 1 0.391194109375
0 1 0.225333334375 0.952754765625 0.2912195171875 1 0.34587227343750004 1 0.225333334375
0 0.4315115875 0.9417208515625 0.450175046875 0.9157274984375 0.39151850312500003 0.8730716109375001 0.285333303125 1 0.47283785624999997 0.9970401453125 0.48616888437499994 0.9883756609375001 0.4315115875 0.9417208515625
1 0.51019998125 0.6922000015625 0.5024994515625 0.7030482640625 0.5136975265625 0.71104623125 0.5232958421875 0.699449203125 0.51019998125 0.6922000015625
1 0.2705395625 0.23916615624999998 0.2593414859375 0.2547622 0.2805378328125 0.2695584421875 0.28773660156249997 0.255961921875 0.2705395625 0.23916615624999998
1 0.48419998125 0.7692000015625 0.49130137500000004 0.7626839734375 0.476903840625 0.74988720625 0.4733044875 0.757085359375 0.48419998125 0.7692000015625
1 0.5008996906250001 0.7718815875 0.49570063906249995 0.7778800625 0.512497721875 0.7910767203125 0.518496684375 0.78547816875 0.5008996906250001 0.7718815875
1 0.389718965625 0.9266423046875 0.39319998125 0.9282000015625 0.4041164390625 0.9130457234374999 0.390918709375 0.9058475406250001 0.37972069375 0.9194441203125001 0.389718965625 0.9266423046875
1 0.39919998125 0.9342000015625 0.41251501093750004 0.9438378843749999 0.42331313125000003 0.9294415812500001 0.408915596875 0.9206438296874999 0.39919998125 0.9342000015625
1 0.03619998125 0.7272000015625 0.027381598437499998 0.7386901015625 0.041379176562499995 0.747887715625 0.05017764375 0.736690609375 0.03619998125 0.7272000015625
1 0.08119998125 0.6442000015625 0.07377357031250001 0.6551112765625 0.0869713 0.66430895 0.0941700359375 0.6543114906249999 0.08119998125 0.6442000015625
1 0.05819998125 0.6112000015625 0.0697742609375 0.6183206375 0.0813722625 0.6059237953125 0.0697742609375 0.597925828125 0.05819998125 0.6112000015625