0 0 0.9373590093749999 0.0497027359375 0.999843090625 0.0642001984375 1 0.1736812359375 0.9093660937499999 0.19867691406250002 0.9403582390624999 0.1456861234375 0.9883460734374999 0.1541846375 1 0.37464654531249997 0.9993432640625001 0.28616178593749997 0.9093660937499999 0.308158028125 0.89037094375 0.2556671046875 0.8348850515624999 0.2696647 0.821388459375 0.20267623750000002 0.7384095562499999 0.1781805046875 0.7584044734375001 0.039704465625000004 0.5914468984375 0 0.6227500015625 0.0012110984375 0.8298863234375 0.0427039015625 0.8743749859375001 0 0.9078664968749999 0 0.9373590093749999
0 0.9150530515625 0.573919584375 0.8245686671874999 0.4679465125 0.8665615265625 0.433455290625 0.8200694765625001 0.3814684953125 0.6421002953125 0.5319302484375 0.8590628234375 0.7798990265625 0.8365667140624999 0.804892675 0.864061959375 0.8338852843750001 0.8610624484375 0.8403836468750001 0.9975387874999999 1 1 0.6004128671875 0.955046134375 0.53942834375 0.9150530515625 0.573919584375
0 0.1252464984375 0 0.1132485625 0.011025957812499999 0.271403059375 0.1564897421875 0.2579508515625 0.1724856828125 0.299761803125 0.21211198125 0.3215762125 0.19611604062500002 0.392836584375 0.2611904171875 0.38629225 0.27136963125 0.5339031109375 0.4102434453125 0.518269440625 0.42805707656249997 0.6120714671874999 0.5160347625 0.7883636203125 0.3220000015625 0.650246684375 0.1855270625 0.6091628124999999 0.23387842343749998 0.5528089203125 0.1829822671875 0.596437740625 0.13717573125 0.55026391875 0.0931868890625 0.462642684375 0.189162503125 0.4255581984375 0.1538987484375 0.4306482609375 0.147718484375 0.3971994546875 0.12445169375000001 0.479003490625 0.033202134375 0.4451912015625 0.00048317656249999996 0.4139238578125 0 0.39065517656250004 0.021568737499999997 0.3702950390625 0 0.1252464984375 0
0 0.485184284375 0 0.477912815625 0.014661396875 0.52081444375 0.0502887171875 0.56153471875 0 0.485184284375 0
1 0.40686214062500003 0.1970016375 0.3945565765625 0.2111518828125 0.4111691171875 0.224379346875 0.4219364859375 0.21207478124999998 0.40686214062500003 0.1970016375
1 0.56314281875 0.11548389375000001 0.554836571875 0.12686562968749998 0.5646810140625 0.1357864203125 0.5754483828125 0.12378948906250001 0.56314281875 0.11548389375000001
1 0.5986153703125 0.29553846250000004 0.58283175 0.3117417171875 0.59790609375 0.3237386484375 0.6105192234375 0.30805035625 0.5986153703125 0.29553846250000004
1 0.655538446875 0.22630769375 0.6388220578125 0.24714275 0.6609721125 0.26590723125000004 0.6794304578125 0.24714275 0.655538446875 0.22630769375
1 0.6920435875 0.260062534375 0.67297001875 0.28405644531249996 0.69696583125 0.30282092656250004 0.71727003125 0.27728894375 0.6920435875 0.260062534375
1 0.727846140625 0.29476923125 0.7111172484375 0.3188168515625 0.734497840625 0.33788891875 0.750187453125 0.3132797875 0.727846140625 0.29476923125
1 0.11891194062499999 0.89484639375 0.10476921718750001 0.9078461546875 0.116450840625 0.91884028125 0.1315251625 0.9056128875 0.11891194062499999 0.89484639375
1 0.0447310203125 0.9499093046875 0.0632307546875 0.93476923125 0.051191459375000005 0.9237621265625 0.0358095046875 0.9351438875 0.0447310203125 0.9499093046875
1 0.926364175 0.7626802046875001 0.91169229375 0.7755384624999999 0.9177502234375 0.7848284125 0.93251695625 0.7700629250000001 0.926364175 0.7626802046875001
1 0.9365162281250001 0.72484365625 0.9245183203125 0.7371482234375 0.9362085703125 0.7519136875 0.9500523296875001 0.7393015125 0.9365162281250001 0.72484365625