0 0.6092809734375 0.8130965390625 0.58488516875 0.8294923656250001 0.6264780125 0.8830787546875 0.7984482734375 0.75191210625 0.64419998125 0.5562000015625 0.4693051796875 0.69232724375 0.5180967296875 0.7491128 0.5468917375 0.72751828125 0.6092809734375 0.8130965390625
0 0 0.0841309125 0.1053681125 0.224095340625 0.1313636171875 0.20649980625 0.162558234375 0.24888905781249998 0.10096887968749998 0.2992762453125 0.14176184375 0.352862603125 0.182154821875 0.32087076406250004 0.2141492890625 0.36485955468750003 0.30293392343750003 0.3016756921875 0.34772622656249996 0.3656594 0.298134765625 0.40324982187499997 0.37572138593750004 0.4996962 0.3001344203125 0.5548820953125 0.304933578125 0.5643597515625001 0.38491974687499997 0.6599354828124999 0.46450602031250005 0.6019502343750001 0.47890349375 0.6219451375 0.519296534375 0.5859543 0.5332941124999999 0.6011504046875 0.6296774093749999 0.518771346875 0.57128754375 0.44399034843749996 0.55768991875 0.45198831562499997 0.38571965625 0.23289312343750002 0.40131693437499993 0.21569748125000002 0.3273297296875 0.11772238125000001 0.31133249531249996 0.1305191171875 0.20255131875000001 0 0 0.0009520546875000001 0 0.0841309125
0 0.9968139953125 1 1 0.9744771515625 0.9936144765625 0.9644796937500001 0.96921879375 0.9648795546875 0.82219998125 0.7732000015625 0.6512737734375 0.9112931984375001 0.7236611578125001 1 0.7564555359375 0.9740772296875001 0.78005143125 1 0.9968139953125 1
0 1 0.0013465546874999999 0.9021999812500001 0 0.7984482734375 0.0801265203125 0.9580206562500001 0.28287498125 1 0.2508831125 1 0.0013465546874999999
0 0.6180794406250001 0.9421107687499999 0.586884821875 0.9013211453125001 0.5084984125 0.959306409375 0.540892775 1 0.6180794406250001 0.9421107687499999
1 0.10328278125000001 0.166405003125 0.0937142734375 0.15228571562499998 0.0767092515625 0.1669762671875 0.08499353750000001 0.17983014375 0.10328278125000001 0.166405003125
1 0.0622999875 0.1451428578125 0.07242427968750001 0.159513290625 0.0898498328125 0.1452312046875 0.0789945578125 0.1298065484375 0.0622999875 0.1451428578125
1 0.11184604218750001 0.168368178125 0.0901571296875 0.184428571875 0.09956244375 0.201216971875 0.12327263749999999 0.1857923171875 0.11184604218750001 0.168368178125
1 0.16983602343749998 0.2660576484375 0.13015712968749998 0.29585714375 0.14841115625 0.3206151859375 0.186975915625 0.289480259375 0.16983602343749998 0.2660576484375
1 0.0572999875 0.074428571875 0.0675679625 0.09035169062500001 0.08527919843750001 0.07606960625 0.073852603125 0.060644971874999995 0.0572999875 0.074428571875
1 0.05442738125 0.10034914843750001 0.0437285578125 0.084428571875 0.0238612484375 0.09635018281249999 0.0364305078125 0.113203046875 0.05442738125 0.10034914843750001
1 0.007299987500000001 0.0765714296875 0.0252895734375 0.0660721453125 0.0141486375 0.051218787499999995 0 0.06407270625 0.007299987500000001 0.0765714296875
1 0.44087141562500004 0.4951428578125 0.45035893437499996 0.5046591828125 0.4657848203125 0.49123403125 0.456929234375 0.4812365734375 0.44087141562500004 0.4951428578125
1 0.3906549453125 0.5537895671874999 0.3680142734375 0.5230000015625 0.3252377046875 0.5575028953125 0.346948253125 0.586067065625 0.3906549453125 0.5537895671874999