0 0.00158593125 0.001250853125 0 0.1285518234375 0.19755210625 0.0525711234375 0.187553834375 0.0252447453125 0.2528758921875 0 0.00158593125 0.001250853125
0 0.00358560625 0.8871644046875 0.048244529687499996 1 0.40484953125 0.8590328828124999 0.31286551875 0.6364227296875 0.2368785984375 0.6664151078125 0.22421416249999998 0.6390887796875 0.030914254687499997 0.7197348906250001 0.0335804203125 0.7438674890625 0 0.7558644609375 0.00358560625 0.8871644046875
0 0.6914667375 0.50326198125 0.679468790625 0.474602578125 0.48150294374999997 0.550583278125 0.49150121406249997 0.57724316875 0.41366663593749997 0.6104000015625 0.4955005625 0.8311786734375 0.8554384234375 0.69254716875 0.7714529046874999 0.4686040921875 0.6914667375 0.50326198125
0 1 0.3473016078125 0.9427564937499999 0.3686295 0.9747510828125 0.455940634375 0.90199996875 0.4804000015625 0.9714183265624999 0.6512244593750001 1 0.6345620265624999 1 0.3473016078125
1 0.10296850312500001 0.74431860625 0.1253646546875 0.7339212546875 0.11696608125 0.7119268437499999 0.09177045625 0.7207245953125 0.10296850312500001 0.74431860625
1 0.1857542359375 0.6827342515625 0.15519998125 0.6952000015625 0.16735739375 0.7175253968749999 0.19375285312499999 0.70592836875 0.1857542359375 0.6827342515625
1 0.25419998125 0.6812000015625 0.2585416375 0.6971305859375 0.274138915625 0.6923318187499999 0.26694014843749997 0.6735365765625 0.25419998125 0.6812000015625
1 0.30019998124999997 0.7312000015625 0.30773314375 0.7455182812500001 0.32213061718749997 0.7395198062499999 0.31573175937500003 0.723523871875 0.30019998124999997 0.7312000015625
1 0.29919998125 0.8382000015625 0.3073331875 0.8594893171875 0.3337286484375 0.8542906562500001 0.3241302703125 0.8274974484375001 0.29919998125 0.8382000015625
1 0.2569418765625 0.8894817249999999 0.28493703593749997 0.8786845124999999 0.2721392609375 0.8474923656250001 0.23854509531249998 0.8606890859374999 0.2569418765625 0.8894817249999999
1 0.1549595125 0.9330706234375 0.18219998125 0.9232000015624999 0.1709567453125 0.8914812171875001 0.14256169375 0.904277953125 0.1549595125 0.9330706234375
1 0.6980656078125 0.7039288765625 0.69719998125 0.7062000015625001 0.7064641796875 0.7291224546875 0.7284603765625 0.7227240875 0.7188620609374999 0.69673069375 0.6980656078125 0.7039288765625
1 0.76719998125 0.5782000015625 0.7936490546875 0.567963446875 0.7804513859375 0.54596900625 0.7516563171875 0.55716615625 0.76719998125 0.5782000015625
1 0.62319998125 0.5472000015625 0.648074253125 0.5399705296875 0.6364762828125 0.5139771375 0.6112807499999999 0.5223749953125 0.62319998125 0.5472000015625
1 0.04619998125 0.05920000156250001 0.059775990625 0.05351625 0.050977523437500005 0.0359207453125 0.038579643749999996 0.03951980625 0.04619998125 0.05920000156250001
1 0.08919998125 0.0192000015625 0.096169690625 0.0355208234375 0.10816761562499999 0.0307220546875 0.10256860937500001 0.014726120312499999 0.08919998125 0.0192000015625