0 0.23133331250000003 1 0.368578165625 0.8105894203125 0.31480965781250003 0.7710439421874999 0.3259188484375 0.7514933484374999 0.2974793484375 0.7310541046875 0.2837039265625 0.7443840515625 0.2445995625 0.7177241765625 0.2632629890625 0.6959518921875001 0.14506124843749998 0.6084185953125 0.0921814625 0.6857322703125 0.186831775 0.750160340625 0.11217800468750001 0.8576885875 0.0886265765625 0.8359163374999999 0.0499665734375 0.882571146875 0.2054952015625 1 0.23133331250000003 1
0 0.530772340625 0.49766713281249997 0.564099909375 0.37014396562499996 0.424124115625 0.336374778125 0.417902928125 0.3648120015625 0.3202222015625 0.336888890625 0.25037635625 0.6078613296875 0.4641172 0.667846084375 0.510331403125 0.4901134765625 0.530772340625 0.49766713281249997
0 0.3134765421875 0.1781363015625 0.256597475 0.20701785 0.28948071875000003 0.27944386718750003 0.512108846875 0.151920734375 0.4267902796875 0 0.24022220156250002 0.001333334375 0.17838881875 0.033728540625 0.2032733625 0.081272015625 0.2499319609375 0.055500825 0.3134765421875 0.1781363015625
0 0.8467176656250001 0.9211715125 0.89737554375 0.9482757625 0.874268509375 0.99315320625 0.88493330625 1 0.97336243125 0.9998181796875001 0.99958009375 0.9513860703124999 1 0.792315371875 0.9413680453125 0.7554358765625 0.93248069375 0.7683214640625 0.8802222015625001 0.7424444453125 0.8364972640625 0.8185309734375 0.88493330625 0.84385785625 0.8467176656250001 0.9211715125
0 0.9191496656249999 0 0.9002222015625 0.0202222234375 0.9391462078125 0.058582884375 0.9551433328125001 0.0399209734375 1 0.086131425 1 0 0.9191496656249999 0
0 0 0.15466666874999999 0.10729000156249999 0.07013549687500001 0.0495221796875 0 0 0.0003754625 0 0.15466666874999999
1 0.30688886875 0.45911111250000003 0.3032560734375 0.47234021562499995 0.31925333437500003 0.47678353125 0.323252615625 0.46478659375 0.30688886875 0.45911111250000003
1 0.31214342500000003 0.4270184140625 0.31036598125000003 0.44656900781250003 0.3268075703125 0.448790665625 0.32725196562500003 0.4301287203125 0.31214342500000003 0.4270184140625
1 0.3202222015625 0.39466666875 0.31792021875 0.41279978437500003 0.3361393171875 0.418131784375 0.3396942703125 0.39858119062499997 0.3202222015625 0.39466666875
1 0.3312512453125 0.0657204125 0.3246666453125 0.050222223437500005 0.30592230625 0.0537234578125 0.31658710156250003 0.0754957265625 0.3312512453125 0.0657204125
1 0.3746666453125 0.04355555625 0.3903521515625 0.0323955484375 0.3761324015625 0.0163996203125 0.362356978125 0.027952234375000003 0.3746666453125 0.04355555625