0 0.35485817656249996 0 0.245333303125 0.0620000015625 0.324196871875 0.20124238437500003 0.4568405609375 0.1279276828125 0.3761879015625 0 0.35485817656249996 0
0 0.000333303125 0.785333334375 0 0.9343894421875 0.064241825 0.8950660421875 0.000333303125 0.785333334375
0 0.0989024765625 0.407856540625 0.12223177656249999 0.389861134375 0.1575590203125 0.4045240546875 0.24554378593749998 0.351870759375 0.201551353125 0.2805555703125 0.2222144875 0.2632266515625 0.1415617265625 0.1279276828125 0.000919440625 0.21123984375 0 0.4285179453125 0.0389128515625 0.47184026875 0.077572853125 0.4511788640625 0.0282479875 0.379863675 0.0722404203125 0.35586973125 0.0989024765625 0.407856540625
0 0.5134974296875 0.8870680953125 0.46950509843750005 0.9143945234374999 0.43284477031249996 0.8484112312500001 0.4795033703125 0.8184188546875 0.4188471515625 0.7137788015625001 0.3668561203125 0.7451041546875 0.34819266249999997 0.706447290625 0.38885233750000003 0.6791209640625 0.284870278125 0.502499134375 0.3121989265625 0.486503240625 0.2608744890625 0.39719259375 0.2188817296875 0.422519459375 0.20755037656250003 0.3945265953125 0.038246259375 0.4958341609375 0.32952930468749997 0.9990396578125 0.5788194875 0.995040634375 0.5134974296875 0.8870680953125
0 0.6286666359375 0 1 0.6344656671875 1 0.15392106249999998 0.9760840640625 0.10460027812499999 0.8947649156249999 0.14858908906249998 0.8774345374999999 0.12126270937500001 0.9287590765625 0.09260333125 0.9007638375000001 0.051280495312499993 0.8547718296875001 0.0786068734375 0.8041138828125 0 0.6286666359375 0
0 0.9894150921874999 1 0.71199996875 0.5470000015625 0.5268284578125 0.653127509375 0.54349224375 0.6884518843749999 0.5234957015624999 0.7011153953125 0.569487809375 0.7930919375000001 0.6514735515625001 0.7431046421875 0.6594722484375 0.7597670734374999 0.581485653125 0.803089396875 0.60948089375 0.8517437187500001 0.693466309375 0.8010899859375 0.7061307453125 0.8204183671875 0.6214787375 0.8730716109375001 0.6514735515625001 0.92705793125 0.7327928015625 0.8784036093750001 0.7427910734375 0.89439960625 0.6594722484375 0.9403878765625 0.6914667375 0.9903751734374999 0.7727858859375 0.9410544156249999 0.78678350625 0.9657147937499999 0.7207949578124999 1 0.9894150921874999 1
1 0.092888453125 0.531196884375 0.0783636203125 0.5056363640625 0.059803270312500004 0.51810930625 0.0736190734375 0.5424667421875 0.092888453125 0.531196884375
1 0.3019999828125 0.7683636375 0.30885114062499996 0.78172488125 0.323030484375 0.7729998203124999 0.31539541875 0.7548226234375 0.3019999828125 0.7683636375
1 0.313818165625 0.7874545453125 0.324121215625 0.804264653125 0.334301284375 0.7944489203125 0.327029815625 0.7777258765624999 0.313818165625 0.7874545453125
1 0.3674545296875 0.8829090921875 0.37756650937499997 0.9002402109375 0.3997445140625 0.8820630125 0.39029158124999996 0.8657035343749999 0.3674545296875 0.8829090921875
1 0.4371925390625 0.9605885328125 0.42927271093749997 0.9447272734375 0.40919739218749995 0.9533176531249999 0.4182867296875 0.97076771875 0.4371925390625 0.9605885328125
2 0.6374545296874999 0.7047272734375001 0.6626081609375001 0.7428025625 0.71641699375 0.7122648625 0.6895125765625 0.6766375703125 0.6374545296874999 0.7047272734375001
1 0.6804232406249999 0.6610282671875 0.6619999828124999 0.6710909093749999 0.6735153656249999 0.6850221640624999 0.690603253125 0.6766606687500001 0.6804232406249999 0.6610282671875
1 0.7934946187499999 0.0446364515625 0.7929090734375001 0.0483636375 0.7771338109375 0.057360490625 0.7876774203125 0.0722657875 0.8022203593749999 0.0635407546875 0.7934946187499999 0.0446364515625
1 0.8203990343750001 0.13409136093750001 0.827306909375 0.14863311875000002 0.848757721875 0.1373632625 0.8385777093750001 0.125729865625 0.8203990343750001 0.13409136093750001
1 0.8656363468749999 0.2074545453125 0.8727535953125001 0.22206901874999999 0.887296534375 0.2049824625 0.8818429328124999 0.1988022265625 0.8656363468749999 0.2074545453125
1 0.9109288125000001 0.283144415625 0.9211089359375 0.29659553125000004 0.9378332281249999 0.283144415625 0.928743890625 0.2696933015625 0.9109288125000001 0.283144415625
1 0.957102690625 0.3573073640625 0.9654648359375001 0.37039496875 0.976372040625 0.35658028750000004 0.968736975 0.344583325 0.957102690625 0.3573073640625
2 0.7484115265625 0.6348300140625 0.6983636203125 0.6647272734375 0.7225977875 0.7031762640625 0.77422515625 0.6751834453125001 0.7484115265625 0.6348300140625