0 0 0 0 0.22200000156250002 0.1568924296875 0.181247465625 0.10023555937499999 0 0 0
0 0.2442107046875 0.5198281046875 0.164224534375 0.20524135625 0.000333303125 0.250333334375 0 0.32187838125 0.062242149999999996 0.5664829140625 0.2442107046875 0.5198281046875
0 0.27887135625 0.5978083671875 0.100333303125 0.64866666875 0.19355275624999999 0.997706684375 0.3928516875 1 0.27887135625 0.5978083671875
0 0.4395102859375 0.200575896875 0.5708208921875 0.2652261125 0.65214014375 0.0759409 0.56199996875 0.0420000015625 0.537493321875 0.0879378453125 0.5048322421875 0.0712754140625 0.4395102859375 0.200575896875
0 0.690333303125 0.030333334375 0.668803928125 0.0806063859375 0.7714529046874999 0.1292606828125 0.7947822046875 0.0759409 0.690333303125 0.030333334375
0 0.7667869640625 0 0.90409659375 0.047281496875 0.9120952921875001 0.0332850640625 0.9460892515625 0.0446155234375 0.9686666359375 0 0.7667869640625 0
1 0.23319998125 0.9622000015625 0.238145140625 0.9742810015625001 0.2565419828125 0.9698820953125 0.25214271875 0.9558856828125 0.23319998125 0.9622000015625
1 0.20519998125 0.8622000015625 0.211349784375 0.8747063015625001 0.2277469734375 0.8679080421875 0.22414755937500003 0.8527118921874999 0.20519998125 0.8622000015625
1 0.17619998125 0.7602000015625 0.182154821875 0.7807301859375 0.2029512125 0.774731709375 0.19575250625 0.7539370062499999 0.17619998125 0.7602000015625
1 0.15119998125 0.6632000015624999 0.157359121875 0.6831549781249999 0.175356009375 0.6771565015625 0.1689570921875 0.656361784375 0.15119998125 0.6632000015624999
1 0.10219998125 0.5042000015625 0.1085675703125 0.5222942140625 0.125764609375 0.5186951828125 0.1193656921875 0.49830031249999995 0.10219998125 0.5042000015625
2 0.051777373437499996 0.39472662812500003 0.1033684578125 0.3783308015625 0.09337018750000001 0.336741365625 0.014199981249999999 0.3582000015625 0.0365799890625 0.44031504843749997 0.06337537343750001 0.4335167578125 0.051777373437499996 0.39472662812500003
1 0.07219998125 0.40920000156249997 0.07457341875 0.42631860625 0.094969915625 0.419520315625 0.09177045625 0.405523871875 0.07219998125 0.40920000156249997
1 0.03719998125 0.2702000015625 0.0401793734375 0.2851544703125 0.056176606250000004 0.28155539375 0.0537770265625 0.26395989062499997 0.03719998125 0.2702000015625
1 0.028181446875 0.18637957031250002 0.02219998125 0.16920000156249998 0.0065851765625000004 0.1739827265625 0.0121842140625 0.191178353125 0.028181446875 0.18637957031250002