0 0.000919440625 0 0.0002528484375 0.30854843593750003 0.19955177968749999 1 0.514164021875 1 0.225333303125 0 0.000919440625 0
1 0.02658171875 0.0979512515625 0.00219998125 0.1052000015625 0.003385746875 0.12914329062500002 0.03138090625 0.12234502968750001 0.02658171875 0.0979512515625
1 0.0821721109375 0.07635670156249999 0.056199981249999996 0.0842000015625 0.06337537343750001 0.10874847968750001 0.0861714203125 0.1027500046875 0.0821721109375 0.07635670156249999
1 0.213349440625 0.047164125 0.18419998125 0.0552000015625 0.1869539796875 0.07195785625 0.2141492890625 0.0651595515625 0.213349440625 0.047164125
1 0.1421617375 0.15913566875000001 0.10319998125 0.17120000156249998 0.110567225 0.20832317968749997 0.150560309375 0.19792582812499998 0.1421617375 0.15913566875000001
1 0.194152746875 0.3062982796875 0.13019998125 0.3252000015625 0.1457611515625 0.3778800625 0.2081503265625 0.361884128125 0.194152746875 0.3062982796875
1 0.132963315625 0.42586786718749997 0.11019998125 0.43520000156250005 0.114566534375 0.44986176875000006 0.139362234375 0.44586278437500004 0.132963315625 0.42586786718749997
1 0.19419998125 0.4922000015625 0.20255131875000001 0.5294669890625 0.2513428703125 0.516670253125 0.24014479375 0.47628049375000003 0.19419998125 0.4922000015625
1 0.1773556640625 0.5887027453125 0.15519998125 0.5962000015625 0.16055858125 0.6118968625 0.181354971875 0.6062982796874999 0.1773556640625 0.5887027453125
1 0.2773383734375 0.6442886234375 0.23819998125000003 0.6542000015625 0.24814341093749998 0.6890772296875001 0.286936690625 0.6786799078125 0.2773383734375 0.6442886234375
1 0.34012750468749997 0.7130965390624999 0.3461264671875 0.7314918578125 0.36772276875 0.7230939984375 0.3613238515625 0.7098973703125 0.34012750468749997 0.7130965390624999
1 0.22134805625 0.7490873921875 0.19719998125 0.7542000015625 0.199751815625 0.7734812171875001 0.22414755937500003 0.767882603125 0.22134805625 0.7490873921875
1 0.35819998124999997 0.8012000015625 0.36532315937500004 0.8186951828125 0.38931900937499997 0.8114969406249999 0.3833200484375 0.7939014359375001 0.35819998124999997 0.8012000015625
1 0.24654371249999998 0.918269821875 0.22719998125 0.9272000015625 0.22814686874999998 0.9410640171875 0.251742825 0.9366651703125 0.24654371249999998 0.918269821875
1 0.40851570312499996 0.87028201875 0.38219998125 0.8782000015625 0.38571965625 0.8950757046875 0.41291490625 0.886677875 0.40851570312499996 0.87028201875
1 0.427312440625 0.95306096875 0.40519998125 0.9612000015625 0.4093155515625 0.9770548703124999 0.432511553125 0.97105639375 0.427312440625 0.95306096875