0 0 0.351870759375 0.026248415625 0.331209353125 0.0662414984375 0.4045240546875 0.000919440625 0.4385154046875 0.0002528484375 0.47317329375000006 0.0715738296875 0.5831453453125001 0.152226590625 0.5371570234374999 0.16755729218749998 0.5671494015625 0.08157210000000001 0.615137184375 0.13156345625000002 0.7077803671875 0.18488756875 0.692450909375 0.23154616562500002 0.6697899406250001 0.2668734109375 0.74177166875 0.2308796765625 0.766432046875 0.284870278125 0.864407228125 0.322863790625 0.8424127968749999 0.3668561203125 0.9123950125 0.32486336250000003 0.936388853125 0.3608572 0.9997060937500001 0.622811921875 1 0.03757976875 0.0066251734375 0 0 0 0.351870759375
0 0.284870278125 1 0.2588748140625 0.9597162578124999 0.22888000156250002 0.9750457156250001 0.216215565625 0.9437203640625 0.23621210625 0.93105695625 0.19088659218749998 0.8377473375 0.1488938328125 0.864407228125 0.11889902031249999 0.8084213953124999 0.15622593906249999 0.7917589640625 0.1302303734375 0.748436640625 0.046911448437499996 0.7944250140625 0.0362466859375 0.765765609375 0.11423317968749999 0.7251092359375 0.0502442046875 0.59447588125 0 0.62366666875 0 1 0.284870278125 1
0 0.0086666359375 0.515333334375 0 0.5931428046875 0.0302476625 0.5678159890625001 0.0086666359375 0.515333334375
0 0.9767506562499999 0.66579101875 0.952754765625 0.6191362093749999 0.9987469734375001 0.5838118328124999 0.974084490625 0.5364905359375001 0.8741017796874999 0.5931428046875 0.8381080453124999 0.5284925375 0.878767721875 0.5031656718749999 0.8207776687499999 0.4025245421875 0.7747856625 0.42385248593749997 0.7341259859375 0.3572027578125 0.7801179921875 0.3278768671875 0.72479430625 0.2305682734375 0.670137009375 0.2592276265625 0.6314770078125 0.1945774109375 0.6814683640625 0.16125254687499999 0.6214787375 0.061277954687500004 0.5628222953125 0.079939925 0.5288281328125 0.0159561453125 0.5628222953125 0 0.322863790625 0.0012932 0.8094462124999999 0.8284163140624999 0.954754540625 0.73643966875 0.9274258937500001 0.6931173453125 0.9767506562499999 0.66579101875
0 0.9994133625 0.9970401453125 1 0.9783782015625 0.935424590625 0.8617411781250001 0.848106315625 0.9050635015624999 0.8387746375 0.92305890625 0.8847666437499999 0.9997060937500001 0.9994133625 0.9970401453125
0 0.745457440625 0.0766074375 0.7707863125000001 0.1179302234375 0.798781553125 0.1032673296875 0.8114459890625 0.11992976250000001 0.780784584375 0.146589653125 0.8114459890625 0.182580440625 0.8854332359375 0.1399246796875 0.9014304296875 0.1639185203125 0.8261099984375001 0.2072408703125 0.848106315625 0.2518961671875 0.8741017796874999 0.236566759375 0.8960978953125001 0.259894165625 0.86610308125 0.2832215703125 0.898097671875 0.33587481406249997 0.981416596875 0.28522103125 0.9880821109375001 0.296551515625 0.9094289234374999 0.349204759375 0.9394237375 0.40119156875 0.997413790625 0.36053524375 1 0.0239540921875 0.9794168203125 0 0.7107966875 0.0006266875 0.70546435625 0.0159561453125 0.7327928015625 0.0626109546875 0.8081132312499999 0.007291659375 0.8201110765624999 0.031285578125000005 0.745457440625 0.0766074375
0 0.9994133625 0.389861134375 0.95199996875 0.420333334375 0.981416596875 0.47117378125 1 0.4578438375 0.9994133625 0.389861134375
1 0.1271476859375 0.5092475390625 0.107484440625 0.5192449984375 0.11781598125 0.5392399171875 0.1361461453125 0.527576215625 0.1271476859375 0.5092475390625
1 0.4634228734375 0.0432600890625 0.4700883875 0.0539240359375 0.48575233593749995 0.044259820312499996 0.47775373906249996 0.0335958734375 0.4634228734375 0.0432600890625
1 0.5010830375 0.0985793578125 0.50683331875 0.1060000015625 0.5127476875 0.112909034375 0.526078715625 0.1055776265625 0.5174135265625 0.0919143859375 0.5010830375 0.0985793578125
1 0.5176666515624999 0.1310000015625 0.524745634375 0.1409019265625 0.54140941875 0.1285717359375 0.5320776890625 0.11890757031250002 0.5176666515624999 0.1310000015625
1 0.5576666515625 0.204333334375 0.5690712609374999 0.22054838124999998 0.5904009375 0.209884384375 0.58206904375 0.191555709375 0.5576666515625 0.204333334375
1 0.614730021875 0.2921968390625 0.61433331875 0.2951666671875 0.6233952109375 0.3101922453125 0.6427252625000001 0.29886181093749997 0.6320603984375001 0.285865084375 0.614730021875 0.2921968390625
1 0.665999984375 0.37516666718749997 0.6723867796875 0.3869029515625 0.6897170546875 0.3792382234375 0.6813851625 0.367241328125 0.665999984375 0.37516666718749997
1 0.7151666515625 0.4660000015625 0.7257108921875 0.4815455453125 0.7427079734375 0.4732143296875 0.73137651875 0.4562186796875 0.7151666515625 0.4660000015625
1 0.8076967343750001 0.620219346875 0.8206944671875 0.6408807515625 0.8436904703125 0.6252180765625 0.8326924124999999 0.6048898890625 0.8076967343750001 0.620219346875
1 0.8646867984375 0.714195453125 0.8626872265625 0.7165281828125 0.871685609375 0.731524371875 0.88934928125 0.7195274515625 0.8810173890625 0.70619750625 0.8646867984375 0.714195453125
1 0.413499984375 0.9076666671875 0.4294287625 0.9002540703124999 0.4197637875 0.8829251265625 0.40376654375000004 0.8889236125 0.413499984375 0.9076666671875