0 0 0.4398758046875 0.0102222015625 0.46355555624999994 0.05352149375 0.4380984703125 0.061520125 0.44787375156250003 0.1166216796875 0.4132159125 0.1268421484375 0.425657175 0.2472657953125 0.3443445265625 0.23393476875000002 0.327904240625 0.2828152046875 0.29413505156249997 0.2748165734375 0.2785834484375 0.31747589062500003 0.24881325156249998 0.22326990468750002 0.11773546875 0 0.26436485468750004 0 0.4398758046875
0 0.41568109062499997 0.23009484375000003 0.46189536249999996 0.192770990625 0.46989392343749997 0.206100934375 0.59564996875 0.1247882875 0.586318290625 0.1119026671875 0.631199378125 0.0732458375 0.69030035 0.0238403515625 0.6720812515625 0.0038454343750000002 0.41879165 0.0016237765625 0.3250301265625 0.06249718125 0.2879999796875 0.01355555625 0.2281579765625 0.05502821875 0.3543583484375 0.234538159375 0.397017665625 0.203879278125 0.41568109062499997 0.23009484375000003
0 1 0.9238375296875001 0.9618088468750001 0.9598283421874999 1 1 1 0.9238375296875001
0 1 0.3324444453125 0.953810284375 0.36792230937500003 1 0.4279070640625 1 0.3324444453125
0 0.428567790625 1 0.44323186875 0.99137590625 0.371688725 0.8842919828125 0.3836866375 0.8785157281249999 0.34369355156250003 0.8176422546875 0.3281406859375 0.8296392609375 0.3188089390625 0.8180866140624999 0.2583749859375 0.8647414234375 0.2472657953125 0.8509671187500001 0.241044609375 0.8558547937500001 0.22682485937500002 0.8340825765625001 0.16861274375 0.8807373843749999 0.17838881875 0.8954002703124999 0.1690570703125 0.9020652437500001 0.159280996875 0.8887352984374999 0.10551249062500001 0.93005814375 0.11395551562499999 0.9447210968749999 0.066852521875 0.9771573124999999 0.081072271875 1 0.428567790625 1
0 1 0.5208288203125 0.9164834328125 0.39952631875 0.8751571640625 0.42663056875 0.868047390625 0.4186325703125 0.8191669546875 0.44884714531250003 0.8102796031249999 0.4386274890625 0.674747484375 0.526160784375 0.684523490625 0.5417123875 0.674747484375 0.5492660453125 0.6871897234375 0.562595990625 0.626311375 0.605251809375 0.6246666453125 0.6302222234375 0.6627495046874999 0.6821211765624999 0.6725256453124999 0.6741231953125 0.7560667015625 0.7914267234375 0.8476064546875 0.73144196875 0.86093748125 0.75454719375 0.9147059890625 0.7154460406250001 0.8787121859375 0.6696798796875 0.9115953625 0.675900528125 0.9791392921875 0.6270240609375 0.9866934593750001 0.5941435203125 0.9698075453125 0.5679279546875 1 0.5461557046875 1 0.5208288203125
1 0.8494285578125 0.6551428578125 0.8243009625 0.6708635890625 0.8640083640625 0.7279919265625 0.8894326093749999 0.7114247109375 0.8494285578125 0.6551428578125
1 0.8722857015625 0.5230000015625 0.8794343375 0.5336868453125 0.8940031765625 0.5245463203125 0.8820053046874999 0.51197808125 0.8722857015625 0.5230000015625
1 0.8915714156250001 0.564428571875 0.8780060140625 0.5731235453125 0.8891469265625 0.585406146875 0.9022875296875 0.5759799625 0.8915714156250001 0.564428571875
1 0.30296254375 0.1373747875 0.318102790625 0.12652039531249998 0.31238949374999997 0.11395215624999999 0.2946782796875 0.12652039531249998 0.30296254375 0.1373747875
1 0.47228570156250005 0.009428571875 0.48521675000000003 0.027080803125000004 0.4946437 0.019939759374999998 0.4823601015625 0.0042294671875000005 0.47228570156250005 0.009428571875
1 0.3132464953125 0 0.3121038109375 0.0039256593749999995 0.3232447671875 0.015065690625 0.33667100781250003 0.006210845312499999 0.33152903125 0 0.3132464953125 0
1 0.3500972484375 0 0.3435269484375 0.0039256593749999995 0.3544285578125 0.017285715625 0.3692367875 0.0070858843749999996 0.35980988125 0 0.3500972484375 0