0 0 0.7933003390625 0.15968371875 0.85528455625 0.275163703125 0.549862184375 0.0339999765625 0.47775000156249997 0 0.5853531578125 0.055701684375000005 0.60834734375 0 0.7443127734375 0 0.7933003390625
0 0.21967334374999997 0.2069493234375 0.0961946359375 0.1924530375 0.088671940625 0.254437253125 0.1451861796875 0.26143546406249996 0.132664321875 0.38540395312500003 0.0756742078125 0.3784057375 0.067699578125 0.44138972968749995 0.12069044531249999 0.4453887296875 0.1177499765625 0.4590000015625 0.3216556796875 0.48037983593750005 0.353650115625 0.15446266250000001 0.227671915625 0.14396531875000002 0.21967334374999997 0.2069493234375
0 0 0.9992797437500001 0.12668939375 0.9997795703125 0.1431865546875 0.9497922750000001 0 0.8888077890625 0 0.9992797437500001
0 1 0.1594931625 0.8505642328125 0.32595084375 0.8680612062499999 0.3429465125 0.8405659625 0.3859355984375 0.8360667703125 0.3794372546875 0.6860927046875 0.5973818765625001 0.6935914078125001 0.6038802015625 0.6416005046875 0.71835115625 0.6366012171875 0.71235261875 0.5152499765624999 0.9977500015625 0.7770768796875 1 0.859562615625 0.808828115625 0.7480819546874999 0.7653391828125 0.78957471875 0.66336516875 0.844565209375 0.7053544281249999 0.848064665625 0.698356275 0.8910572609375 0.7303480765625 0.8960563968749999 0.7278487109375 0.9385490484375 0.753842090625 0.9560460234375 0.752842359375 1 0.6863592406250001 1 0.657866496875 0.9610451578125 0.6318730796875001 1 0.57938641875 1 0.5039056093750001 0.937049215625 0.4539183140625 0.9620448937500001 0.41692770625 0.9490472640625001 0.410929246875 0.9830413234375 0.37893737031249997 1 0.393933559375 1 0.1594931625
0 0.012209220312500001 0 0.12119031250000001 0.1588979875 0.17024997656250002 0.1352500015625 0.298659625 0.035929246875 0.2646655640625 0 0.012209220312500001 0
1 0.69683331875 0.8426666671874999 0.6933831078125 0.85658749375 0.71671240625 0.8645854406250001 0.7197118687499999 0.8505890078125 0.69683331875 0.8426666671874999
1 0.67433331875 0.9010000015624999 0.6667210515625001 0.921904221875 0.6833848375 0.9269029515625 0.690383646875 0.9039088421875 0.67433331875 0.9010000015624999
1 0.63183331875 0.9651666671875001 0.62772785625 0.9762237609375 0.6380593203125 0.9808892218749999 0.6417253734374999 0.9672260578125 0.63183331875 0.9651666671875001
1 0.7540393265625001 0.9425656281249999 0.7460407296875 0.9625605453125001 0.768370140625 0.9695587874999999 0.774369165625 0.9505636265625 0.7540393265625001 0.9425656281249999
1 0.7868333187500001 0.8651666671875 0.777701921875 0.8922451390624999 0.804363978125 0.8995765484374999 0.8150287390625 0.8719169265625 0.7868333187500001 0.8651666671875
1 0.8101666515625 0.8110000015625 0.8016977109375001 0.8352595765625 0.82536030625 0.8452570343750001 0.835358578125 0.8199301437500001 0.8101666515625 0.8110000015625
1 1 0.65855794375 0.9593371796874999 0.6319990703125 0.89801436875 0.7258741718749999 0.936341075 0.75353380625 0.9533381562500001 0.7498680765625 1 0.684551334375 1 0.65855794375
1 0.16683331875000001 0.6918333343749999 0.17166378437500002 0.6764147703125001 0.154873390625 0.670082990625 0.14820785 0.6837461796875 0.16683331875000001 0.6918333343749999
1 0.1559936203125 0.59976753125 0.15273331875 0.614333334375 0.165658646875 0.6204289375 0.171990865625 0.6060992609375 0.1559936203125 0.59976753125
1 0.05438331875 0.5610000015625001 0.057677289062500005 0.5474475062499999 0.0403469625 0.5414490203125 0.03601436875 0.5527794796875 0.05438331875 0.5610000015625001