0 0.0282479875 0 0.000919440625 0.0332850640625 0 0.2370000015625 0.0749065859375 0.28388805625 0.24887654375 0.009291171875 0.233545840625 0 0.0282479875 0
0 0 0.3751981640625 0.03957944375 0.31921238125 0 0.2870000015625 0 0.3751981640625
0 0.25354238281249997 1 0.32952930468749997 0.8870680953125 0.3941847703125 0.9250584187499999 0.427512340625 0.8710722015625001 0.374188228125 0.8310823640624999 0.3941847703125 0.7964244234375 0.4101819625 0.803089396875 0.43217817968750005 0.7644326359375 0.49350088750000004 0.7937584765625 0.5234957015624999 0.74177166875 0.4548408859375 0.6937838843749999 0.5268284578125 0.5844784203125 0.5988160296875 0.62646761875 0.6541398171874999 0.541822484375 0.65214014375 0.5191615656249999 0.5974829484375 0.4845038296875 0.618812571875 0.448512865625 0.6808018734375 0.4885027015625 0.7134628515625 0.4398484296875 0.6601387390625 0.39919205625 0.7407915 0.28655405625 0.7907828546875 0.3158798953125 0.8321091234375 0.26056065156249997 0.6136666359375 0.11866666875000001 0.2322127578125 0.683786425 0.25554205625000004 0.7011153953125 0.2348789234375 0.7351066953125 0.2188817296875 0.7257757734375 0.0582428015625 0.9657147937499999 0.11889902031249999 1 0.25354238281249997 1
0 0.685333303125 0 0.6414752796875 0.08193936093750001 0.7407915 0.14858908906249998 0.766120371875 0.1132647890625 0.8854332359375 0.1852464390625 0.9220935625 0.13325970625 0.8647701015625 0.09793530624999999 0.933424815625 0 0.685333303125 0
0 0.90409659375 0.8284163140624999 1 0.8990650656250001 0.9836666359375 0.6986666687499999 0.90409659375 0.8284163140624999
0 1 1 0.7954487953125 0.8590752296874999 0.720128365625 0.96371528125 0.77699996875 1 1 1
1 0.5852499765625 0.4865000015625 0.559114615625 0.5253684015625 0.6206039984375 0.5653582390625 0.6440999953125 0.524368634375 0.5852499765625 0.4865000015625
1 0.56861294375 0.334416909375 0.5571149921874999 0.35291223125000004 0.5756117796875 0.36141005625 0.58111078125 0.3434146375 0.56861294375 0.334416909375
1 0.5726122671875 0.43039254062500004 0.5636138078124999 0.44788809374999994 0.5801109703125 0.45938514843749995 0.5886094843749999 0.4383905 0.5726122671875 0.43039254062500004
1 0.3564999765625 0.7852500015625 0.339152653125 0.8088598765624999 0.354150059375 0.8188573343750001 0.37014727812500003 0.7973628203125 0.3564999765625 0.7852500015625
1 0.30774997656249997 0.6852500015625 0.298659625 0.7023869578124999 0.3186561671875 0.7178830125 0.3251550578125 0.7023869578124999 0.30774997656249997 0.6852500015625
1 0.0427499765625 0.0740000015625 0.028206437499999997 0.0914151375 0.0477030359375 0.1044118265625 0.062200575 0.0894156390625 0.0427499765625 0.0740000015625