0 0 0 0.00158593125 0.08860433437500001 0.0536666359375 0.215333334375 0.2208814046875 0.159253059375 0.17822205468750002 0.0499474953125 0.24354411250000002 0.0239540921875 0.2308796765625 0 0 0
0 0.62881084375 1 0.6001491125 0.957050309375 0.69879884375 0.8850685828125 0.6454746296875 0.7977575 0.5368267296875 0.8677397140625001 0.4975002375 0.81441993125 0.546158509375 0.78109506875 0.5181632703125 0.7411052312499999 0.5448253265624999 0.7197772375 0.56482186875 0.7477702046875 0.5841519203125001 0.7337737203125 0.5701543 0.70378134375 0.5381598125 0.6591260453125 0.43817710156249995 0.7231097234375 0.3981840171875 0.6711230171875 0.44550920625 0.64313005 0.41084855468750003 0.5991412406250001 0.3708554703125 0.6198026453125001 0.3595241171875 0.5891437796875 0.430845096875 0.5651498875 0.404183040625 0.503832159375 0.47083818125 0.482504215625 0.444176125 0.4245189734375 0.3161982765625 0.4785052421875 0.29153579218750003 0.4198535125 0.35419168437500004 0.39585956875 0.3335285515625 0.3365413515625 0.095333303125 0.425333334375 0.21221621562499998 0.6851193984374999 0.42617925625 1 0.62881084375 1
0 1 0.6871189109375 0.828776365625 0.43651594375 0.7341259859375 0.1879124375 0.4936666359375 0.2770000015625 0.49416747968749997 0.2805555703125 0.5174967796875001 0.331209353125 0.5881511671874999 0.2998840015625 0.610147384375 0.35920221875 0.46683883125000003 0.4198535125 0.49150121406249997 0.467174809375 0.5588229453125 0.44318091718749997 0.5821522453125 0.5011662609374999 0.6594722484375 0.467174809375 0.7101300937499999 0.5411560984375 0.57548673125 0.6298001046875 0.6041484625 0.6851193984374999 0.6927997171875 0.62913366875 0.72146155 0.674455503125 0.7761186437500001 0.6464625359375 0.8067800484375001 0.694450421875 0.7527893437500001 0.7277752859375 0.7834507484375 0.7717640453125 0.73345939375 0.8010899859375 0.7667869640625 0.8550762046875 0.8694358390625 0.7924255015624999 0.910095515625 0.8444123093749999 0.8054470671875 0.9057300390625 0.8721022078124999 1 0.88943238125 1 0.9840827624999999 0.9457198765625 1 0.9883756609375001 1 0.6871189109375
0 0.000333303125 0.8536666687500001 0.0069183625 0.9964159546875001 0.1035683171875 0.9990820046875 0.000333303125 0.8536666687500001
0 0.46217299375 0.0611932625 0.6301439265625 0.0018749937500000002 0.4386666359375 0.00866666875 0.46217299375 0.0611932625
0 1 0.1558358546875 0.99808038125 0.0825211546875 0.9836666359375 0.095333334375 1 0.1558358546875
1 0.2129090734375 0.43109090937500005 0.2194120390625 0.4473503265625 0.24849791875 0.4368075453125 0.2386814453125 0.4157220125 0.2129090734375 0.43109090937500005
1 0.120883628125 0.023411865625 0.1328815375 0.044497428125 0.161967415625 0.0328640046875 0.153605215625 0.006325325 0.120883628125 0.023411865625
1 0.184145421875 0 0.18109089218750002 0.00018181875 0.189235428125 0.021230593750000002 0.2143220328125 0.0095971984375 0.20632337031249998 0 0.184145421875 0
1 0.03471669375 0.068854890625 0.056531103125 0.059402753125 0.048896065625 0.0455880703125 0.0234459203125 0.050314153125000004 0.03471669375 0.068854890625
1 0.043818165625 0.027454545312500002 0.057621834375 0.023411865625 0.051804665625 0.0045076046875 0.038715996875000006 0.007779478125 0.043818165625 0.027454545312500002