0 0.0322057625 0.6233435328125 0 0.610846709375 0.0002499765625 0.7315000015625001 0.0322057625 0.6233435328125
0 0.10769266250000001 0.8902756625 0.1616833421875 0.9027724875 0.1921780984375 0.8877762984374999 0.19867691406250002 0.85978338125 0.28416216250000004 0.882277665625 0.26716513124999997 0.938763325 0.31665654375 0.9562588796875 0.3356532734375 0.9052718515624999 0.34415178750000003 0.9057717546875 0.3991422796875 0.7453125046875 0.131188584375 0.6583346406249999 0.09369506875 0.75181086875 0.054201928125 0.740313775 0.0157085984375 0.8582838234375 0.10769266250000001 0.8902756625
0 0.7000902234375 1 0.7565805453125 0.8503811062500001 0.4931260421875 0.76737044375 0.45763214999999996 0.8763744843750001 0.448633690625 0.8733435328124999 0.42813728125 0.9213630515625001 0.3886440640625 0.910865803125 0.370647221875 0.9788484421874999 0.4051412265625 0.9863465359375001 0.41064030625000003 0.9993432640625001 0.480128259375 1 0.498125178125 0.9613528875 0.6291025140625 1 0.7000902234375 1
0 0.7885749828125 0.8253556984375001 0.7400833062500001 0.9958124078124999 0.9975387874999999 1 1 0.8938382796875001 0.7885749828125 0.8253556984375001
0 0.9140533156249999 0.168895446875 0.896556340625 0.2028868234375 0.8795591578125 0.19588859375 0.8189999765625 0.3740000015625 0.9965390515625 0.4363274796875 1 0.200387459375 0.9140533156249999 0.168895446875
0 0.13318828437500002 0 0.0902499765625 0.1090000015625 0.5031243140625 0.24837533125000003 0.5226209125 0.19038999843749999 0.5531156687500001 0.20338668906250001 0.6101057828124999 0.0449269765625 0.48662715156249997 0.0034375046875 0.47462925624999996 0.04592670625 0.3816453046875 0.0139348296875 0.3856446296875 0 0.13318828437500002 0
1 0.5210908921875 0.0183636375 0.51390656875 0.0437795625 0.530630971875 0.047415001562499996 0.5349938421875 0.026329481249999998 0.5210908921875 0.0183636375
1 0.041999982812499996 0.8165454546875001 0.033625990625000005 0.8470098875 0.0652568734375 0.853917228125 0.07252834375 0.82701496875 0.041999982812499996 0.8165454546875001
1 0.0859805515625 0.772119834375 0.065636346875 0.7656363640625 0.057985403125 0.7852074124999999 0.0790726765625 0.7928418296874999 0.0859805515625 0.772119834375
1 0.08779841875 0.8317410515624999 0.0779819453125 0.8575526671875 0.10597709375 0.8644600078125 0.11543002656250001 0.8382848265625 0.08779841875 0.8317410515624999
1 0.1772374921875 0.7510342734375001 0.1874175609375 0.7524884546874999 0.1975976296875 0.7539426359375 0.1950526265625 0.73721961875 0.1837818265625 0.736856053125 0.1772374921875 0.7510342734375001
1 0.208504834375 0.76412185 0.22122990625 0.764485415625 0.2226841796875 0.7484894765625 0.2103227015625 0.7459446515625 0.208504834375 0.76412185
1 0.42927271093749997 0.9456363640625 0.42374033125 0.9604356218750001 0.4448276046875 0.9677065015625 0.450644803125 0.95316474375 0.42927271093749997 0.9456363640625
1 0.4411918703125 0.9811576171875 0.44191900625 0.9971535296875 0.4513719390625 0.9982441734374999 0.4539169421875 0.98188469375 0.4411918703125 0.9811576171875
1 0.4644605515625 0.9749773812500001 0.48154855 0.9800669734375 0.485184284375 0.9644345734374999 0.4695506140625 0.9593449796875 0.4644605515625 0.9749773812500001
1 0.370658634375 0.9757044578125 0.40919739218749995 0.984429490625 0.4306482609375 0.92262704375 0.3866558453125 0.9099030046875001 0.370658634375 0.9757044578125