0 0 0 0 0.1585865484375 0.12356485937499999 0.10793276562500001 0.08023901875 0 0 0
0 0.1575590203125 0 0.1942193484375 0.065943440625 0.14699996875000002 0.0870000015625 0.22754691875000002 0.24589768125 0.43217817968750005 0.1579200609375 0.338194390625 0.0039591734375 0.308199578125 0.01662263125 0.29953449062500004 0 0.1575590203125 0
0 0.528161540625 0 0.46199996875 0.040333334375 0.49216780625 0.09260333125 0.638809115625 0.011290659375000001 0.6214787375 0 0.528161540625 0
0 0 0.901731015625 0.043578690625 0.89106711875 0.047578040625 0.9137279859375 0.1129000984375 0.8857351203125001 0.0615755578125 0.752435665625 0.1089007484375 0.73710620625 0.1382289703125 0.8017564234375 0.288203034375 0.74243820625 0.2042176203125 0.520494590625 0 0.6003333343749999 0 0.901731015625
0 0.3101992515625 0.827083340625 0.08699996875 0.920333334375 0.12489794218750001 0.9957071718750001 0.37685439375 1 0.3101992515625 0.827083340625
0 0.5988160296875 0.596475290625 0.57148738125 0.54915394375 0.618812571875 0.53049205 0.66080533125 0.62446820625 0.7234611234375 0.6004742656250001 0.6281442515625 0.35586973125 0.370333303125 0.460333334375 0.42484607343749997 0.6038067515625001 0.4528413140625 0.59114339375 0.48416920937499996 0.6551270203125 0.5988160296875 0.596475290625
0 0.8114459890625 0.45184535156249994 0.8261099984375001 0.44784637656250004 0.8321091234375 0.46984080781250004 0.7787850109375001 0.48383724062500005 0.824110425 0.6071392375 0.8880994015624999 0.5844784203125 0.8987642640625 0.6058062625 0.926092709375 0.596475290625 0.935424590625 0.6191362093749999 0.8727685953125001 0.6477956125000001 0.9194271953125 0.7531021015625 0.9747510828125 0.726442209375 0.988748703125 0.7537686390625 0.9994133625 0.751102690625 1 0.40652356562499997 0.89209875 0.21057335625 0.6974656578125 0.2818885453125 0.7507897703124999 0.445180378125 0.8027806984374999 0.422519459375 0.8114459890625 0.45184535156249994
0 0.7861169140625 0.987709225 0.890765565625 0.9457198765625 0.8421073937499999 0.8297492875 0.73745874375 0.8770706359375 0.7181287937499999 0.8177524187499999 0.7934490203125 0.7857605296875 0.7701197203125 0.731107771875 0.742124684375 0.73843918125 0.72146155 0.6791209640625 0.6708036015625 0.70444788125 0.6574725734375 0.6704564796875 0.5048322421875 0.7324407453124999 0.6048149515625 0.9957071718750001 0.7954487953125 1 0.7861169140625 0.987709225
0 1 0.77376355625 0.962086646875 0.7910925265625 0.974084490625 0.8097543703125 1 0.8824026343750001 1 0.77376355625
1 0.906565996875 0.46864420625000003 0.928743890625 0.4610097890625 0.9225632078125001 0.444286771875 0.9145645468750001 0.43519817187500004 0.8960222765625 0.44719513437499997 0.906565996875 0.46864420625000003
1 0.2659494578125 0.084672484375 0.26018180156250004 0.0638181828125 0.23940858125000003 0.0708578296875 0.247043646875 0.091579825 0.2659494578125 0.084672484375
1 0.2801818015625 0.079272728125 0.294671740625 0.072311984375 0.28630954062499997 0.055225428124999996 0.271403059375 0.0584973296875 0.2801818015625 0.079272728125