0 1 0.295218490625 0.8274431812499999 0.17458249374999998 0.7894496703125 0.23256773593750002 0.8501058890625 0.2725575734375 0.776785234375 0.385862109375 0.712796259375 0.3452057859375 0.67147009375 0.4165210265625 0.7327928015625 0.4558443234375 0.7194617734375 0.485170215625 0.768786740625 0.5198281046875 0.7634542062499999 0.5298255625 0.7021316 0.4911688015625 0.6848011203125 0.5184950796875001 0.622811921875 0.47650578125000004 0.5854850015624999 0.527826153125 0.650807059375 0.5731478859375 0.613480140625 0.6384645890625 0.5501577578125 0.59447588125 0.47083818125 0.711779290625 0.5394929953125 0.7517691265625001 0.508831590625 0.7977575 0.44217645 0.7577676624999999 0.3486666359375 0.910333334375 0.40018369218750005 0.9417208515625 0.358857525 1 0.5841519203125001 1 1 0.3771976765625 1 0.295218490625
0 0.9536666359374999 0 0.8847666437499999 0.09860179375 0.9834161703125 0.1692505203125 0.9554211328125 0.2132393546875 1 0.2412322203125 1 0 0.9536666359374999 0
0 0.1962190234375 0.11659727499999999 0.12289836875 0.22323681562500003 0.316864765625 0.350537784375 0.4208468265625 0.1739159796875 0.4508416390625 0.197243409375 0.5134974296875 0.1125982515625 0.5788194875 0.0412830375 0.505333303125 0.000333334375 0.31286551875 0 0.22688032656249998 0.13659219375 0.1962190234375 0.11659727499999999
0 0 0.6031402124999999 0.0882376140625 0.65979248125 0.182221403125 0.4998331859375 0.2222144875 0.521827565625 0.29020270937500003 0.41718751249999997 0.25954140625 0.3925270828125 0.288869628125 0.35120427187500003 0.1136666359375 0.24033333437499999 0.0855714484375 0.28455454375 0.094903128125 0.292552490625 0 0.4398484296875 0 0.6031402124999999
1 0.95577775625 0 0.9204827140624999 0.044836828125 0.9755842703125 0.081716340625 1 0.02439761875 0.95577775625 0
1 0.551213209375 0.5976699562500001 0.513555534375 0.656888890625 0.57254286875 0.6976445140624999 0.61609090625 0.638548509375 0.551213209375 0.5976699562500001
1 0.51577775625 0.8180000015625 0.5045546109375 0.8362760015624999 0.525439875 0.8478285812499999 0.536993459375 0.8287223125000001 0.51577775625 0.8180000015625
1 0.4146666453125 0.9068888906250001 0.4250128375 0.8864854093750001 0.39835078125 0.87093380625 0.38635286875 0.890484434375 0.4146666453125 0.9068888906250001
1 0.4446666453125 0.8580000015625 0.45922912968749996 0.83760894375 0.43167835156249995 0.8216130484375 0.41923604531249997 0.8411636078125 0.4446666453125 0.8580000015625
1 0.21577775625 0.46466666874999996 0.20371775625000002 0.48436541875000005 0.2246030203125 0.49680668125 0.2357122109375 0.47503442968750004 0.21577775625 0.46466666874999996
1 0.18799997968749999 0.30466666875000004 0.1748338625 0.29552450625 0.16416906874999998 0.315963765625 0.1801662609375 0.3226287375 0.18799997968749999 0.30466666875000004
1 0.24466664531250001 0.4157777796875 0.2343790953125 0.436821925 0.257930590625 0.4474858890625 0.26681794375 0.42882397812499995 0.24466664531250001 0.4157777796875
2 0.1113333125 0.4857777796875 0.06774124375 0.5527360171875 0.118399190625 0.58206185625 0.16239155624999999 0.5096358734375 0.1113333125 0.4857777796875