0 0.4148478015625 0 0 0.5004996734375 0 0.6771214515625 0.0429122 0.7177778265625 0.0486666359375 0.71366666875 0.652806734375 0 0.4148478015625 0
0 0 0 0.00199996875 0.255333334375 0.210883134375 0 0 0
0 1 0.0459485234375 0.322863790625 0.85307669375 0.45217472187499996 0.9763786906249999 1 0.32521086875 1 0.0459485234375
0 1 0.5678159890625001 0.6453333031249999 0.9920000015625 0.8707690234375001 1 1 0.8564091796875 1 0.5678159890625001
0 0.3086666359375 1 0.219548321875 0.9117284734375 0.13889556249999999 1 0.3086666359375 1
1 0.3801205890625 0.869456825 0.402516740625 0.849061984375 0.38052054375 0.8326661874999999 0.3621237015625 0.855060459375 0.3801205890625 0.869456825
1 0.42119998125 0.8252000015625001 0.4341112515625 0.8146707609374999 0.41731416875000005 0.79747511875 0.40131693437499993 0.8090721468750001 0.42119998125 0.8252000015625001
1 0.48410260781250003 0.85266110625 0.470904878125 0.8642581343750001 0.48970167656249997 0.8798541453125001 0.49770029375 0.8670574109375 0.48410260781250003 0.85266110625
1 0.79819998125 0.41920000156250004 0.8072468015625001 0.4067235796875 0.7936490546875 0.3959263359375 0.7816511296875001 0.4067235796875 0.79819998125 0.41920000156250004
1 0.82804313125 0.3855289546875 0.8360417484375 0.374731709375 0.8208444265624999 0.36353454375 0.8100462437499999 0.376331309375 0.82804313125 0.3855289546875
1 0.850439284375 0.3623348671875 0.85919998125 0.35020000156250003 0.8420407125 0.333542165625 0.83444205 0.35073780781249997 0.850439284375 0.3623348671875
1 0.05919998125 0.6092000015625 0.077372953125 0.5890772296875 0.054976831250000004 0.5718815875 0.0361800640625 0.593476134375 0.05919998125 0.6092000015625
1 0.0209827109375 0.6558602437500001 0.03817971875 0.633865834375 0.018983056249999998 0.6174700375 0.0001862875 0.6354654640625 0.0209827109375 0.6558602437500001
1 0.10119998125 0.0412000015625 0.10936742031249999 0.0299431046875 0.095769765625 0.0187459390625 0.0873712234375 0.02954318125 0.10119998125 0.0412000015625