0 0.21577775625 1 0.3112547046875 0.882542915625 0.1575035546875 0.760796071875 0.0721849203125 0.8541057593750001 0.064630684375 0.8452191296875 0.00064174375 0.9203110953125 0.0406348265625 0.9536359593749999 0.017527725 0.9731865187500001 0.047300340625 1 0.21577775625 1
0 0.358357696875 0.5515159328125 0.2828152046875 0.644825553125 0.237489721875 0.6101676796875 0.1646666453125 0.7080000015625 0.3410273203125 0.8563274171874999 0.49300109374999995 0.6590441484375 0.358357696875 0.5515159328125
0 0.3952402203125 0.3657006515625 0.4387881921875 0.401691496875 0.4223466046875 0.42435243125 0.441454425 0.437682378125 0.378798565625 0.5212166828125 0.5218849875 0.6336325703125001 0.6823016515625 0.4327947046875 0.5516576046874999 0.336374778125 0.5169969171875 0.3132695515625 0.49077925625 0.34615005625 0.44278754062500003 0.3070489046875 0.3952402203125 0.3657006515625
0 0.872046671875 0.2070743125 0.781395709375 0.1381464640625 0.791616109375 0.120373203125 0.69874330625 0.051501801562500005 0.5224444234375001 0.28355555625 0.6494184765625 0.388805909375 0.660083271875 0.3648120015625 0.7249609687499999 0.4123554609375 0.872046671875 0.2070743125
0 0.9164834328125 0.7083085109375 1 0.784289159375 0.999111090625 0.60355555625 0.9164834328125 0.7083085109375
0 1 0.8327777656249999 0.8913333124999999 0.736888890625 0.7285158546875 0.9314193828124999 0.8067245812499999 0.996736103125 0.949811003125 1 0.9764730593750001 0.9674102625 0.9444785375 0.94830399375 1 0.8883192046874999 1 0.8327777656249999
0 0.7560667015625 1 0.70577775625 0.96355555625 0.6743030890624999 1 0.7560667015625 1
0 0 0 0 0.2691678 0.12728654374999998 0.173192165625 0.0819610625 0.1114301109375 0.14594996875 0.06344229375 0.1801662609375 0.1114301109375 0.2605968234375 0.059443301562499995 0.25482003125 0.051001031249999995 0.28237080937500003 0.049668090625 0.313032215625 0.0332277703125 0.31792021875 0 0 0
1 0.11484423749999999 0.937223903125 0.1024444234375 0.9502222234375 0.1192879125 0.964772478125 0.131285825 0.9505538484375 0.11484423749999999 0.937223903125
1 0.0339693125 0.903010390625 0.0224444234375 0.916888890625 0.04196794375 0.9358909296875 0.054854610937500006 0.9203393265625 0.0339693125 0.903010390625
1 0.0713333125 0.9002222234374999 0.0850716203125 0.8852371296875001 0.06551940625 0.86790819375 0.05085529531250001 0.882571146875 0.0713333125 0.9002222234374999
1 0.44911109062500004 0.38466666875 0.47522639062499994 0.35192638125000003 0.4418988203125 0.327488146875 0.41656981249999997 0.3617016609375 0.44911109062500004 0.38466666875
1 0.22549174375 0 0.2302222015625 0.0102222234375 0.25970810312500003 0.051473587499999994 0.28237080937500003 0.050584903125000004 0.31392093593750003 0.0363663078125 0.31836461250000003 0 0.22549174375 0
1 0.0024444234375 0.2291111125 0.077072990625 0.17944104375 0.05618769375 0.1496708453125 0 0.19010500624999999 0.0024444234375 0.2291111125