0 0.0979582546875 0 0.0539658546875 0.0421708796875 0.09262585625 0.0803833671875 0 0.17102700312500002 0.0024444234375 0.351333334375 0.0588538921875 0.4088008296875 0.2477101234375 0.21018461875 0.22993541875 0.194188690625 0.29125816250000003 0.13242660312500001 0.21082766562500002 0.04928014375 0.25259819375000003 0.0097346484375 0.237489721875 0 0.0979582546875 0
0 0.8711578828125001 1 0.9755842703125 0.8656300734375 0.96092019375 0.8567434437499999 0.978694896875 0.8327495687500001 0.99780265 0.8518558374999999 1 0.627912709375 0.9191496656249999 0.5652619734375001 0.875601559375 0.6221364203124999 0.8702692296875 0.614138440625 0.7685089406250001 0.73721825625 0.785839384375 0.7469935703125 0.7089637078125001 0.8518558374999999 0.6880785125 0.8376371734375001 0.5774309375 1 0.8711578828125001 1
1 0.10448495312499999 0.16794460625000002 0.0901666515625 0.18016666718750002 0.10581806093749999 0.197603740625 0.119482359375 0.18460703750000002 0.10448495312499999 0.16794460625000002
1 0.0998190875 0.065616109375 0.1491439015625 0.0169618015625 0.135999984375 0.0010000015625 0.1181492515625 0 0.07415686875000001 0.0359569765625 0.0998190875 0.065616109375
1 0.15766665156249998 0.001833334375 0.203801121875 0.0426219484375 0.23512901875 0.010963328125000001 0.2201316125 0 0.15766665156249998 0.001833334375
1 0.673386565625 0.950915053125 0.658499984375 0.9410000015625 0.6503905624999999 0.951248296875 0.6640548875000001 0.961579025 0.673386565625 0.950915053125
1 0.7033813796875 0.9692437281249999 0.69433331875 0.9835000015625001 0.7093804031250001 0.9945706203125001 0.7197118687499999 0.98157394375 0.7033813796875 0.9692437281249999
1 0.784034140625 0.9832401859375001 0.7733692765625 0.9989028875000001 0.7936991156250001 1 0.8010312203125001 0.9955704265625 0.784034140625 0.9832401859375001
1 0.8101666515625 0.9810000015625 0.8193613843750001 0.966244484375 0.8053637640625 0.9579132687499999 0.7973651687500001 0.9682439984375 0.8101666515625 0.9810000015625
1 0.8576880906250001 0.9249216734375001 0.843499984375 0.911833334375 0.829026359375 0.931586646875 0.8430238781250001 0.9432503499999999 0.8576880906250001 0.9249216734375001
1 0.9046798828125 0.8299458124999999 0.88634971875 0.8506072187499999 0.90867923125 0.86693640625 0.9223435562500001 0.84527524375 0.9046798828125 0.8299458124999999
1 0.9351666515625 0.7901666671875 0.9223435562500001 0.8093055546875 0.937674259375 0.8193030140625 0.9480057234375 0.8029738375000001 0.9351666515625 0.7901666671875
1 0.953499984375 0.766833334375 0.945339559375 0.7789799328125 0.9553378296874999 0.7896438921875 0.9650028046875001 0.776647190625 0.953499984375 0.766833334375