0 0.057701306249999994 1 0.16268315312499998 0.912301803125 0.146685934375 0.89380651875 0.20317618125 0.8513173171874999 0.12668939375 0.751342725 0 0.8465000015624999 0.0012110984375 0.9567905421875 0.0417040890625 1 0.057701306249999994 1
0 0.0014999765625 0.6240000015625 0.14718587968750002 0.5064049749999999 0.10819260625 0.4534184484375 0 0.5318984875 0.0014999765625 0.6240000015625
0 0.2716643234375 0.6413706734375 0.26616524375 0.6663643218749999 0.28366221875000003 0.6913579703125 0.31665654375 0.6923577390625 0.3576494390625 0.7473437265625 0.5651135640625 0.5873844171875 0.36514814218749997 0.3219518640625 0.25066796875 0.4184273421875 0.2641656203125 0.4304243 0.22367259218750002 0.45941690937499996 0.242669321875 0.48391069218749994 0.1852499765625 0.5365000015625 0.226172159375 0.58338541875 0.22367259218750002 0.61087843125 0.23916994218749998 0.636871809375 0.2716643234375 0.6413706734375
0 0 0.2988941765625 0.0357051421875 0.3513808375 0.0891958765625 0.31439023125 0.1291889609375 0.36787665937499997 0.0876961203125 0.4003684015625 0.1277499765625 0.4602500015625 0.3261548703125 0.30045733124999996 0.12568958125000002 0.054956214062499995 0 0.151431653125 0 0.2988941765625
0 0.6027499765625 0.9965000015625 0.8995557 1 0.7890749265625 0.86340955625 0.6027499765625 0.9965000015625
1 0.030249976562500003 0.29025000156249997 0.0427039015625 0.3089233953125 0.05970100625 0.29792620625 0.0502026046875 0.2799307875 0.030249976562500003 0.29025000156249997
1 0.0147087875 0.2313795671875 0.0002499765625 0.2390000015625 0.0047105171875 0.255373484375 0.021207603125 0.24787539062500002 0.0147087875 0.2313795671875
1 0.033205573437500004 0.14890052812500001 0.0177499765625 0.15775000156250002 0.03070600625 0.1733943109375 0.0427039015625 0.167895715625 0.033205573437500004 0.14890052812500001
1 0.0152499765625 0.9077500015625001 0.0327056296875 0.8928067875 0.0182081671875 0.8743115046875 0 0.8863084234375 0.0152499765625 0.9077500015625001
1 0.061700631250000006 0.9222992624999999 0.0402499765625 0.9390000015625001 0.05620155156249999 0.9602896375000001 0.0746984140625 0.9462931796875 0.061700631250000006 0.9222992624999999
0 0 0.09275000156249999 0.10119377031250001 0.008967859375 0.0921953875 0.0009698999999999999 0.00021124843750000002 0 0 0.09275000156249999