0 0 0.9997060937500001 0.0989024765625 0.9970401453125 0.128897290625 0.96504825625 0.0255818234375 0.8750711234375 0 0.9070000015625 0 0.9997060937500001
0 0 0.3378743265625 0.046911448437499996 0.2898865421875 0.216215565625 0.45451135000000004 0.204884109375 0.47583924375000003 0.3255299546875 0.5931428046875 0.41751406874999997 0.4918351875 0.44017677656250004 0.5064981578125 0.4828361265625 0.45984334843749997 0.44550920625 0.4331834578125 0.480169859375 0.39785908124999997 0.444842615625 0.368533190625 0.52416229375 0.2912195171875 0.4548408859375 0.23190124843749998 0.47350434531249996 0.21190632968749998 0.2928689765625 0.046615009375 0.269539678125 0.057278981250000006 0.2082168671875 0 0.132896640625 0.0719419015625 0.11023383125 0.047948009375 0.064908315625 0.0919368203125 0.0422456078125 0.0759409 0.017583226562500002 0.0992683046875 0 0.0759409 0 0.3378743265625
0 1 0.455220184375 0.8121125812500001 0.2952608375 0.8014477187500001 0.31125678125 0.7681201484375 0.2772654046875 0.69946523125 0.34791413125 0.73745874375 0.380572509375 0.688133878125 0.43389229062499995 0.6961324734375001 0.4392242390625 0.6586666359375 0.47866666875 0.6974656578125 0.5205369375 0.7367921515625 0.47121612968750004 0.8341086953125 0.5611932625 0.7894496703125 0.61717904375 0.8421073937499999 0.6598348796875 0.926092709375 0.55919375 0.9867489265625 0.5978506125 0.9987469734375001 0.57785569375 1 0.53853234375 1 0.47854758906250006 1 0.455220184375
0 0.6788021984375 1 0.47750369531250003 0.831209353125 0.3415271484375 1 0.6788021984375 1
0 0.99699996875 0.60866666875 0.917427621875 0.7065743828125 0.9800834125 0.7558951406250001 1 0.7292352484375 0.99699996875 0.60866666875
0 0.17622248125 0.9958341609374999 0.25820822187500003 1 0.204884109375 0.9565108625000001 0.17622248125 0.9958341609374999
1 0.1474244765625 0.1919641515625 0.1265454375 0.1683636375 0.11688429843749999 0.1770588546875 0.136880840625 0.1974173125 0.1474244765625 0.1919641515625
1 0.0965241875 0.2857585078125 0.0816176796875 0.27085321093750003 0.07143761093749999 0.2843043265625 0.0841626828125 0.2966648265625 0.0965241875 0.2857585078125
1 0.2026876359375 0.3690100828125 0.1870540203125 0.35337768125 0.1728746203125 0.36573818125 0.188144696875 0.38137055468750003 0.2026876359375 0.3690100828125
1 0.2245020453125 0.39336751875 0.2146855734375 0.4071822 0.23031924374999999 0.4199062390625 0.23940858125000003 0.408636353125 0.2245020453125 0.39336751875
1 0.29381816562499996 0.33472727343750003 0.30521540625 0.32283998125 0.29067246562500004 0.306480503125 0.2797652609375 0.3192045421875 0.29381816562499996 0.33472727343750003
1 0.3201218859375 0.3195680796875 0.30836362031250003 0.33109090937499996 0.329938359375 0.34974224062500003 0.3393912921875 0.33738174062500004 0.3201218859375 0.3195680796875
1 0.38083864843750004 0.1952360546875 0.38629225 0.19087355156250002 0.3953815875 0.178876575 0.374657909375 0.161062915625 0.359387834375 0.1766953171875 0.38083864843750004 0.1952360546875
1 0.2921267375 0.442082415625 0.265636346875 0.42018181875 0.2557693890625 0.42863127187499994 0.279401665625 0.451898090625 0.2921267375 0.442082415625
1 0.2608593953125 0.39954775468750003 0.274311659375 0.410090534375 0.28812740625 0.397730034375 0.27249379218750003 0.383551840625 0.2608593953125 0.39954775468750003
1 0.3265454375 0.45018181874999996 0.31539541875 0.4686211359375 0.32484835156249997 0.4748013734375 0.340118428125 0.4591689703125 0.3265454375 0.45018181874999996
1 0.35175276875 0.4911608515625 0.36375070468750004 0.4780732453125 0.34484489375 0.45989607499999996 0.3277569515625 0.47625552656250003 0.35175276875 0.4911608515625
1 0.36927271093749997 0.5074545453125 0.3782936453125 0.4933421375 0.3681135765625 0.48352640625000004 0.3542978265625 0.49552336874999997 0.36927271093749997 0.5074545453125
1 0.45100834375 0.9282330859375 0.4371925390625 0.9442290546875001 0.45682554062499997 0.963496840625 0.47136848125 0.9460467734375 0.45100834375 0.9282330859375
1 0.5091801015625 0.972221928125 0.49500075781249997 0.98894491875 0.5175423046875001 1 0.526631640625 0.9874907640625 0.5091801015625 0.972221928125
1 0.8436677156249999 0.5984756171875001 0.8418498484375 0.5970214359375 0.8233075781249999 0.6184705359375 0.8363962453125 0.6293768546875 0.8553021125000001 0.6053829578125 0.8436677156249999 0.5984756171875001