0 0 0.8558830234375 0.0828497828125 0.7759033515625 0 0.6861483640625 0 0.8558830234375
0 0 0.9678545546875 0.02552635625 1 0.29170255625 0.9989577593750001 0.301923025 0.9922927874999999 0.257486265625 0.9478596343750001 0.2428221203125 0.9629669484375001 0.10018009375 0.8154488625 0 0.9132017625 0 0.9678545546875
0 0.8133900953125 0.7519094421875 0.8733797203125 0.695479353125 0.7742858 0.596393409375 0.5743203109375 0.7936766125 0.6196458609375 0.8438860531250001 0.633421215625 0.828778809375 0.78050691875 0.9802958500000001 0.793837946875 0.9665215453125 0.8302761453124999 0.99940211875 1 1 0.9979999796874999 0.8302222234375 0.8907100296875001 0.9349740484375 0.8578268546875 0.90298219375 0.9147059890625 0.8469963937499999 0.8133900953125 0.7519094421875
0 0.7134073843750001 0.5345466296875 0.6654157374999999 0.4843371875 0.6080922765625 0.5456549171875 0.512108846875 0.4430143421875 0.5685435859375 0.3852512453125 0.5224444234375001 0.341333334375 0.33080691875 0.5189950249999999 0.5187743609375 0.71849991875 0.7134073843750001 0.5345466296875
0 0 0 0 0.183023940625 0.0339693125 0.22168077031250003 0.060187007812500005 0.1976868953125 0.10462376874999998 0.24745201093750002 0.08688886875 0.2702222234375 0.2703728984375 0.46028681562499996 0.45478545312499996 0.2754449109375 0.41257053125 0.22967875000000001 0.3539140203125 0.278555284375 0.27081729375 0.1888002640625 0.3241414046875 0.1412567703125 0.277927134375 0.088825671875 0.18460993750000002 0.17991363437500002 0.12995270781249998 0.1154855625 0.16461339531250002 0.0830493484375 0.1801662609375 0.10082260937500001 0.24060028125000002 0.04839149375 0.18860928593749998 0 0 0
0 0.9569209125 0 0.9089291296875001 0.0426151703125 0.9624444234375 0.09133333437499999 1 0.057722482812499996 1 0 0.9569209125 0
1 0.7424444234375 0.6680000015625 0.7538448625 0.656378165625 0.74318006875 0.6452698765625 0.7316264828125 0.655933840625 0.7424444234375 0.6680000015625
1 0.7246666453125 0.77466666875 0.7396250453125 0.7892332953125 0.7578441437500001 0.7692383781250001 0.744068721875 0.7585744156249999 0.7246666453125 0.77466666875
1 0.8284985656250001 0.6848153890625001 0.8160563265624999 0.6697081109374999 0.7942823421874999 0.6919246875 0.8085020234375 0.7061432812499999 0.8284985656250001 0.6848153890625001
1 0.8085020234375 0.8327777656249999 0.7924444234375 0.8157777796874999 0.7751744546875 0.8318891828125 0.7920605046875 0.8478850437500001 0.8085020234375 0.8327777656249999
1 0.8458290109375 0.9358626984375 0.8324444234374999 0.9502222234375 0.8458290109375 0.9629669484375001 0.8613818765625 0.9531916 0.8458290109375 0.9358626984375
1 0.9024444234375 0.9368888906249999 0.8898213765625 0.9514143015625001 0.9058186375 0.9669659046874999 0.9191496656249999 0.9554132578125 0.9024444234375 0.9368888906249999
1 0.9422566984375 0.9323080312500001 0.9569209125 0.9180894374999999 0.9373686296875 0.902093475 0.924926390625 0.9167564296874999 0.9422566984375 0.9323080312500001
1 0.39835078125 0.2812212 0.38688886875 0.2657777796875 0.37702112187500003 0.275889234375 0.3881303125 0.2869975234375 0.39835078125 0.2812212
1 0.3099215875 0.30210480156249997 0.293555534375 0.28466666875 0.27748280625 0.297217128125 0.29125816250000003 0.3176564046875 0.3099215875 0.30210480156249997