0 0.14816069999999998 1 0.163758040625 0.9518612609374999 0.1809550171875 0.9554603828125 0.1925530484375 0.9114715625 0.20535082343750002 0.9086722859374999 0.21894844687499998 0.956660090625 0.22934667343749998 0.9558602437499999 0.23734529062499998 0.9998490656250001 0.33252884374999997 0.9982494953125001 0.3117324515625 0.9258678671875 0.2789380734375 0.9366651703125 0.25294256875 0.825093490625 0.3597241515625 0.9630584265625 0.5028993453124999 0.847887715625 0.52769510625 0.8754807093749999 0.6652713515625 0.7655086265625 0.5032993 0.5547622 0.4525080953125 0.5927525453125 0.45970686250000004 0.5995508203125001 0.2597414421875 0.761909565625 0.2781382234375 0.785103653125 0.24014479375 0.8154959234374999 0.18855374062500002 0.8154959234374999 0.213349440625 0.7435142171875 0 0.6772000015625 0 0.870681940625 0.03218075625 0.8810792624999999 0.0277815234375 0.9094720703125001 0.07577322343750001 0.9254680046875 0.0573764109375 0.9822535609375 0.1365627296875 1 0.14816069999999998 1
0 0.7056642703125 0.396675334375 0.68166841875 0.4162703296875 0.73046003125 0.47625508437499997 0.9124285640625001 0.3226941671875 0.872835434375 0.27990499375 0.8840334500000001 0.26390905781249996 0.709663578125 0.0587611828125 0.701265128125 0.06715904375000001 0.640475590625 0 0.5992827015625 0.0027754125000000003 0.5420925796875 0.045564540625 0.574886896875 0.07995582343749999 0.47370444218749996 0.16793344999999998 0.5240956921875 0.2303175890625 0.5520908515625 0.207123471875 0.7056642703125 0.396675334375
0 1 0.42888208906249997 0.92042718125 0.340504540625 0.84164075625 0.40728757031249996 0.8532388484375 0.42168390625 0.74845691875 0.5082723625 0.9776172437499999 0.7871910203125 1 0.7603978421875001 1 0.42888208906249997
1 0.5668882796875 0.8068714234375 0.5468917375 0.7808780296875 0.5056989093750001 0.8104705453125 0.528095 0.8372637234375 0.5668882796875 0.8068714234375
1 0.6192793062499999 0.7592835421874999 0.59819998125 0.7362000015625 0.5640887765625 0.7636824484375 0.5844852734375 0.7880762125 0.6192793062499999 0.7592835421874999
1 0.161758384375 0.9508348359375001 0.07619998125 0.9222000015624999 0.060575840625 0.9800274296874999 0.13496297031249999 0.9996224859374999 0.14816069999999998 1 0.161758384375 0.9508348359375001
1 0.01719998125 0.7062000015625001 0.010184559375 0.7360894250000001 0.028581371875 0.7404883015625 0.03697994375 0.7148948296875 0.01719998125 0.7062000015625001
1 0.9581999812499999 0.7002000015625 0.948022384375 0.7132952296874999 0.9612201765625 0.72689178125 0.972018234375 0.7132952296874999 0.9581999812499999 0.7002000015625
1 0.97219998125 0.5712000015625 0.9608202203125 0.5845279375 0.9696186265625 0.5969248109375 0.9820165062499999 0.5833282609375 0.97219998125 0.5712000015625
1 0.9740178890625 0.4897520359375 0.96241991875 0.5001493875 0.9704185359374999 0.5153455375 0.9840161609375 0.5013490953125 0.9740178890625 0.4897520359375
1 0.9560210015624999 0.46815751875 0.94319998125 0.4862000015625 0.95642095625 0.496950234375 0.96921879375 0.4853531453125 0.9560210015624999 0.46815751875