0 1 0.9275 0.9331250000000001 0.8800000000000001 0.8706250000000001 0.9737500000000001 0.8106249999999999 0.9356249999999999 0.8825 0.819375 0.7462500000000001 0.73125 0.6756249999999999 0.85 0.61 0.805 0.67 0.72 0.53125 0.629375 0.47437500000000005 0.723125 0.40750000000000003 0.6793750000000001 0.46187500000000004 0.589375 0.32999999999999996 0.504375 0.26875 0.595625 0.205625 0.5525 0.280625 0.4375 0.141875 0.34750000000000003 0.065 0.46687500000000004 0.00125 0.42437500000000006 0.00125 0.655625 0.54625 1 1 1 1 0.9275
0 0 0 0 0.08937500000000001 1 0.719375 1 0.49312500000000004 0.22374999999999998 0 0 0
0 0.7212500000000001 0 1 0.173125 0.99875 0 0.7212500000000001 0
1 0.0085 0.4575 0.017499999999999998 0.4425 0 0.43099999999999994 0.0005 0.45099999999999996 0.0085 0.4575
1 0.0235 0.6585 0.0245 0.659 0.0335 0.647 0.020499999999999997 0.6375 0.010499999999999999 0.649 0.0235 0.6585
1 0.0675 0.669 0.05500000000000001 0.6615 0.045 0.679 0.0595 0.6865 0.0675 0.669
1 0.20299999999999999 0.5805 0.217 0.5635 0.1915 0.548 0.1805 0.5665 0.20299999999999999 0.5805
1 0.27749999999999997 0.6075 0.262 0.5985 0.25 0.612 0.2645 0.6214999999999999 0.27749999999999997 0.6075
1 0.321 0.64 0.3085 0.633 0.2995 0.6445000000000001 0.313 0.6515 0.321 0.64
1 0.418 0.6990000000000001 0.394 0.6825 0.3855 0.696 0.4095 0.7125 0.418 0.6990000000000001
1 0.485 0.7394999999999999 0.4605 0.7235 0.4525 0.7394999999999999 0.475 0.7515 0.485 0.7394999999999999
1 0.564 0.7875 0.5495 0.7785 0.54 0.794 0.5549999999999999 0.8025 0.564 0.7875
1 0.6134999999999999 0.82 0.5995 0.8115 0.5875 0.833 0.603 0.8394999999999999 0.6134999999999999 0.82
1 0.4295 0.9075 0.437 0.897 0.422 0.8859999999999999 0.4145 0.899 0.4295 0.9075
1 0.732 0.845 0.7415 0.8494999999999999 0.7445 0.841 0.7365 0.837 0.732 0.845
1 0.8240000000000001 0.9535 0.798 0.9365 0.7915 0.95 0.8154999999999999 0.9654999999999999 0.8240000000000001 0.9535
1 0.5115000000000001 0.9695 0.5225 0.9515 0.5045 0.9414999999999999 0.4915 0.9560000000000001 0.5115000000000001 0.9695
1 0.889 0.992 0.8675 0.9800000000000001 0.859 0.9984999999999999 0.8855000000000001 0.9984999999999999 0.889 0.992