0 0 0 0 0.043142857812500005 0.005942375 0.053113384374999996 0.0413648046875 0.0028404515625 0.12592162812500002 0.052542109375 0.16534343437500001 0 0 0
0 0.4476338796875 0.809296259375 0.5571149921874999 0.8857768374999999 0.6750945453125 0.7283168546875001 0.35964913906249996 0.49837533125 0.260666240625 0.6378398187500001 0.464630984375 0.7818032453125 0.4476338796875 0.809296259375
0 0 0.4848787 0.100693903125 0.5518616453125 0.11069217499999999 0.539364821875 0.1671824203125 0.5793546968750001 0.15718415 0.5968502515624999 0.2336708625 0.6538357375 0.35115054843750004 0.4763808375 0.0939999765625 0.3040000015625 0 0.4383905 0 0.4848787
0 1 0.585416678125 0.93404985625 0.53742888125 0.72858535625 0.78836516875 0.8005728765625 0.8403518875 0.7880750390625 0.8543483453125 0.808571525 0.8718438984375 0.801072821875 0.8768426296875 0.8945565640625001 0.9453252093750001 0.9005555875000001 0.9363274796875001 0.9425482953125 0.9743178562500001 0.9190524515625 1 1 1 1 0.585416678125
0 0.5702499765625 0 0.5481165328125 0.03596100625 0.6211038656250001 0.0744512296875 0.6146050515625 0.10244414531249998 0.8345669375 0.216915003125 0.9140533156249999 0.066953134375 0.8995557 0.05995494375 0.9060546687500001 0.047458120312500005 0.8660615828125 0.0264634125 0.879059365625 0 0.5702499765625 0
1 0.13268834062499998 0.4808479796875 0.1027499765625 0.4590000015625 0.0652000109375 0.5168388171875 0.09469495624999999 0.5393331015625 0.13268834062499998 0.4808479796875
1 0.2021763703125 0.5248685375 0.1902499765625 0.5152500015625 0.181679884375 0.5278677671875001 0.1931779109375 0.5363655921875 0.2021763703125 0.5248685375
1 0.27399997656249997 0.44650000156249997 0.2621659953125 0.46288428281250005 0.2866617296875 0.47888020156250005 0.29815975625 0.46488378125 0.27399997656249997 0.44650000156249997
1 0.8877499765625 0.8377500015624999 0.8780594781250001 0.8533803375 0.8950565078125001 0.8653772953125 0.9060546687500001 0.8433828765625 0.8877499765625 0.8377500015624999
1 0.9289999765625 0.9015000015625001 0.9170526734375001 0.9213630515625001 0.93904899375 0.9378588734375001 0.9500469984375 0.917364090625 0.9289999765625 0.9015000015625001
1 0.9552499765625001 0.6615000015625 0.940048728125 0.6879223953125 0.957545703125 0.701918815625 0.9735429968749999 0.6784248015625 0.9552499765625001 0.6615000015625
1 0.8575629921875001 0.7014189484375 0.8339999765625 0.6852500015625 0.8205694203125 0.7049180828125 0.8430655296875 0.7219137328125 0.8575629921875001 0.7014189484375
1 0.8702499765624999 0.6840000015625 0.8830586140625 0.6684273421875 0.86706131875 0.65393101875 0.8535637453125 0.6739259359374999 0.8702499765624999 0.6840000015625
1 0.9002499765625 0.6552500015625 0.91855250625 0.6324365046875 0.8970561312499999 0.617440334375 0.8820587265625001 0.6379350984375 0.9002499765625 0.6552500015625
1 0.6627499765625 0.0665000015625 0.65109875625 0.0894156390625 0.6690956734375 0.09641386874999999 0.68009368125 0.07541921875 0.6627499765625 0.0665000015625
1 0.7177499765625 0.0902500015625 0.703089734375 0.119408015625 0.7225863328125001 0.12740601406250002 0.735584115625 0.101412596875 0.7177499765625 0.0902500015625
1 0.7605797937500001 0.111909921875 0.7445824984375 0.1384032046875 0.765078984375 0.14890052812500001 0.7775768234375 0.123407015625 0.7605797937500001 0.111909921875
1 0.8080715812499999 0.140402703125 0.7864999765625 0.12650000156250002 0.7785767124999999 0.1538992578125 0.79357411875 0.1633968515625 0.8080715812499999 0.140402703125
1 0.8290680109374999 0.15139989375000001 0.8175699078124999 0.1753938109375 0.8325673140625 0.1838916359375 0.845065153125 0.16139735156249999 0.8290680109374999 0.15139989375000001
1 0.8064999765625 0.006500001562500001 0.80207255625 0.0214329234375 0.8140706046874999 0.02893101875 0.8215693078124999 0.0144346953125 0.8064999765625 0.006500001562500001