0 0.101693715625 0.9148011687500001 0.027206626562500003 0.990282015625 0.036205009375 0.9992797437500001 0.39164357656250004 1 0 0.5953823765624999 0.0002499765625 0.8765000015625001 0.05170235937499999 0.8208251125 0.0901956875 0.8588154109374999 0.0661998234375 0.878310503125 0.101693715625 0.9148011687500001
0 0.34065240937499996 0.25740474375 0.3876442515625 0.208417178125 0.4236380125 0.24390815156249998 0.5401178859375 0.1294372546875 0.400142090625 0 0.3089999765625 0.0040000015625 0.1321884734375 0.171426571875 0.308158028125 0.3598787 0.378145925 0.2958949453125 0.34065240937499996 0.25740474375
0 0.5814999765625 0.1127500015625 0.53661850625 0.1554306515625 0.6136051625000001 0.23441055624999999 0.6595971953124999 0.1834235296875 0.5814999765625 0.1127500015625
0 0.7314999765625 0.1965000015625 0.9380491046874999 0.001469765625 0.5776114015625 0.0009698999999999999 0.561614184375 0.015466204687499999 0.7314999765625 0.1965000015625
0 0.7885749828125 0.9112703124999999 0.80207255625 0.8947744890625 0.8550634234375 0.94626141875 0.98354126875 0.8252604187499999 0.9395487843750001 0.7712741234375 0.9785421328125 0.7322840171875 0.8990559078125001 0.6498049796875 0.8810589906249999 0.6603023421875001 0.7720777437499999 0.547331021875 0.7920742859375001 0.5283359109375 0.7655789296875 0.4968438984375 0.5851101062499999 0.6693000703124999 0.7330845484374999 0.8112957203125 0.71008849375 0.8307908109375 0.7885749828125 0.9112703124999999
0 1 0.82579208125 0.8727499765625 0.9577500015625 0.9120535390625 0.9957806484375 1 1 1 0.82579208125
1 0.3426520328125 0.17436228125 0.3002499765625 0.21275000156249999 0.31715648750000003 0.23084797968749998 0.3566496265625 0.1923577390625 0.3426520328125 0.17436228125
1 0.7439999765625 0.0302500015625 0.7330845484374999 0.0403963515625 0.74208293125 0.05389290625 0.754080978125 0.043395581249999995 0.7439999765625 0.0302500015625
1 0.8060719562499999 0.043895446875 0.7610797375 0.0893838796875 0.8000729328125 0.12687435 0.84406541875 0.08338541875 0.8060719562499999 0.043895446875
1 0.7789999765625 0.021500001562500003 0.7645790406249999 0.0124034734375 0.753581034375 0.01990156875 0.7655789296875 0.0313986234375 0.7789999765625 0.021500001562500003
1 0.8777499765625001 0.6965000015625 0.8910572609375 0.7113528875 0.90405504375 0.6988560640625 0.8880577484375 0.680860721875 0.8777499765625001 0.6965000015625
1 0.8320673703124999 0.75234245625 0.8225690437500001 0.7658390875000001 0.8350668812500001 0.771837546875 0.84406541875 0.7618400875 0.8320673703124999 0.75234245625
1 0.943048240625 0.734347075 0.9314999765625 0.7190000015625 0.9125534828124999 0.7373462671875 0.925551265625 0.75034299375 0.943048240625 0.734347075
1 0.9514999765625 0.8890000015625 0.937049215625 0.90630334375 0.9670440296875 0.9327966249999999 0.974042940625 0.915800975 0.9514999765625 0.8890000015625
1 0.1381874203125 0.8908073265625 0.1252499765625 0.8765000015625001 0.11319174218750001 0.8928067875 0.12368988125 0.90230434375 0.1381874203125 0.8908073265625