0 0.3250301265625 0.9362788249999999 0.4418988203125 0.8998435875 0.35924641875 0.664792240625 0.307255421875 0.683009825 0.0679999796875 0.7280000015625 0.14594996875 0.9504974203125001 0.31036598125000003 0.8922899640624999 0.3250301265625 0.9362788249999999
0 0.203555534375 0.5702222234375001 0.22638053125000002 0.6523509437499999 0.374354890625 0.625246728125 0.3512477875 0.5372690734375001 0.203555534375 0.5702222234375001
0 0.1779444234375 0.50705455 0.1912754515625 0.484393665625 0.18860928593749998 0.457733775 0.16594651093749999 0.4457367875 0.1566147640625 0.39952631875 0.17838881875 0.3941943375 0.1566147640625 0.2941632828125 0 0.3217118234375 0.00064174375 0.61147245625 0.13350766249999999 0.57948056875 0.1321745453125 0.5719269453125 0.1912754515625 0.5594856484374999 0.1779444234375 0.50705455
0 0.12728654374999998 0.14383809375 0.0721849203125 0.1553906734375 0.051299656250000006 0.0683017359375 0.003555534375 0.08022222343749999 0 0.28913448750000004 0.1543929265625 0.25714263125 0.12728654374999998 0.14383809375
0 0.4730045515625 0.3540633796875 0.4765594375 0.370947921875 0.551213209375 0.374946946875 0.55832311875 0.29896622968750003 0.6116472296875 0.307852859375 0.62053458125 0.1425615484375 0.5672104703125 0.13722954999999998 0.5680991921875 0.11012533437500001 0.42456844218749995 0.0963510625 0.40799997968749996 0.29466666875 0.424124115625 0.2998548796875 0.4196804390625 0.3518417203125 0.4730045515625 0.3540633796875
0 1 0.1465605390625 0.633555534375 0.1124444453125 0.6165352328125 0.3296251453125 0.715629221875 0.3465096890625 0.71918424375 0.307852859375 0.7880612234375 0.312740534375 0.7800625234375 0.3758355953125 0.86093748125 0.38427786875000003 0.86671420625 0.320738515625 0.9418123046875 0.3296251453125 0.95069965625 0.26564136562499996 0.95914275 0.26697437343749997 0.9542546796875 0.334957109375 1 0.33629011875 1 0.1465605390625
0 0.666304390625 0.9580510437499999 0.68185725625 1 0.7378476015625 0.9989295296874999 0.7005207515625 0.8918456734375001 0.6858566734375 0.8936229718750001 0.6671931812499999 0.8429692062499999 0.625867115625 0.8589651 0.6156465109375 0.8296392609375 0.5379999796875 0.8580000015625 0.5209961984375 0.8638527734375 0.5685435859375 0.9989295296874999 0.666304390625 0.9580510437499999
1 0.051299656250000006 0.3657006515625 0.0479999796875 0.35466666875 0.0313031140625 0.3577027046875 0.0339693125 0.37014396562499996 0.051299656250000006 0.3657006515625
1 0.17838881875 0.5052208234375 0.1912754515625 0.48833614374999995 0.185498659375 0.4550112796875 0.1677239546875 0.44434735 0.1517267625 0.40346882968750003 0.153555534375 0.401333334375 0.0988469765625 0.41013380312500003 0.12728654374999998 0.5745364656249999 0.1912754515625 0.5580962125 0.17838881875 0.5052208234375
1 0.0961808109375 0.3657006515625 0.0966251375 0.3834739125 0.11795479687499999 0.3799192796875 0.116177353125 0.3617016609375 0.0961808109375 0.3657006515625
1 0.1024444234375 0.19466666875 0.10862311875 0.21907125 0.13173021875 0.2132949765625 0.1277308703125 0.1910783671875 0.1024444234375 0.19466666875
1 0.7578441437500001 0.23506719375000001 0.7538448625 0.2572837703125 0.7716195671875 0.2643931015625 0.7778406859375 0.24084350156249998 0.7578441437500001 0.23506719375000001
1 0.7046666453125 0.186888890625 0.7071862656250001 0.20440834687499998 0.7285158546875 0.20396398750000003 0.7285158546875 0.1861907265625 0.7046666453125 0.186888890625
1 0.7624444234375 0.1680000015625 0.756955490625 0.19018970156249998 0.77606324375 0.194188690625 0.7809513140625 0.169306115625 0.7624444234375 0.1680000015625
1 0.8391110906250001 0.18800000156250002 0.8329422421875 0.2057413046875 0.8578268546875 0.21240627656250002 0.8613818765625 0.18841238437500002 0.8391110906250001 0.18800000156250002
1 0.7991110906250001 0.3257777796875 0.7978372296875 0.3572583453125 0.818278165625 0.3563696953125 0.8218330515625001 0.33148713750000003 0.7991110906250001 0.3257777796875
1 0.8335555343750001 0.331333334375 0.8293873546875 0.3559253703125 0.848939503125 0.3581470296875 0.8533831796875001 0.33726342656249997 0.8335555343750001 0.331333334375
1 0.9346666453125 0.176888890625 0.9315919046875001 0.21240627656250002 0.9551433328125001 0.215516634375 0.9569209125 0.18085874531249999 0.9346666453125 0.176888890625
1 0.97577775625 0.2880000015625 0.9720293828125 0.30927056249999996 0.9911371359375 0.30927056249999996 0.9933589734374999 0.28883131875 0.97577775625 0.2880000015625
1 0.319111090625 0.7102222234375 0.329473803125 0.7349966 0.349914671875 0.7274430453125 0.3392498765625 0.70389339375 0.319111090625 0.7102222234375
1 0.34280483125 0.8340825765625001 0.35346962656250003 0.8611867578125001 0.3712443296875 0.8531887765624999 0.3663563265625 0.82875054375 0.34280483125 0.8340825765625001
1 0.29577775625 0.8480000015625 0.269928503125 0.8576320921875 0.280148971875 0.8900683062500001 0.3041448625 0.8794043765625 0.29577775625 0.8480000015625