0 0.130397103125 0.0128167234375 0.12639782187499998 0.01503838125 0.172612025 0.0572498765625 0.2246030203125 0.0043744515625 0.1419506875 0 0.130397103125 0.0128167234375
0 0.4134592515625 0.216320640625 0.3774655171875 0.2514227703125 0.43345579375 0.30918586875 0.52144059375 0.2234298703125 0.5018884453125 0.2074340109375 0.57476470625 0.128787278125 0.4387881921875 0 0.33658364375 0.0003754625 0.3108103765625 0.023925012500000002 0.2924444234375 0.0124444453125 0.2139382265625 0.0959067390625 0.27303913125 0.15589149375 0.307255421875 0.11856763906250001 0.4134592515625 0.216320640625
0 0.6534177578125 0.44470698124999997 0.61786835 0.48469681875 0.66141645625 0.5255753046875 0.8173893765625 0.36250565 0.6307549828125001 0.1887720328125 0.47799997968749997 0.35355555625 0.5707654234375 0.4318213953125 0.6049817156249999 0.3971635234375 0.6534177578125 0.44470698124999997
0 0.8627149265625 0.515383896875 0.9564765171875 0.4176309625 0.8846666453124999 0.34911111250000004 0.7542892578125 0.49094566406249995 0.8178337703125 0.553596434375 0.8538275734375 0.5109405812500001 0.8627149265625 0.515383896875
0 0.08329410937500001 0.8856249921874999 0 0.7985360546875 0.006418534375 0.9647160156249999 0.08329410937500001 0.8856249921874999
0 0.5952056421874999 1 0.49833349218749995 0.9149508984375 0.45577775625 0.9591111124999999 0.4996666078125 1 0.5952056421874999 1
0 1 0.9669376734374999 0.82805430625 0.7998689953125 0.643555534375 1 1 1 1 0.9669376734374999
0 0.8338310312500001 0.7202772171875 1 0.87890355625 0.999111090625 0.5280000015625 0.8338310312500001 0.7202772171875
1 0.1917198453125 0.013733621875 0.1824444234375 0.008000001562500001 0.17661130625000002 0.014177962499999999 0.187720496875 0.0212872609375 0.1917198453125 0.013733621875
1 0.2613333125 0.0702222234375 0.23482349062500002 0.09904527656249999 0.265929221875 0.12437219375 0.2899250453125 0.0950462859375 0.2613333125 0.0702222234375
2 0.58577775625 0.341333334375 0.5712097515625 0.359423575 0.5934281312499999 0.385194815625 0.61209155625 0.3651998984375 0.58577775625 0.341333334375
2 0.6802628765625001 0.23665770468749997 0.6623836015625 0.258769734375 0.6870852125 0.2785294046875 0.7063760234375 0.25806402500000003 0.6802628765625001 0.23665770468749997
1 0.9368243703125 0.613899403125 0.9184275265625 0.6318948296875 0.9500220390624999 0.6634867765625 0.9672191375000001 0.6426921343750001 0.9368243703125 0.613899403125
1 1 0.5623125078125 0.9752177546875 0.589505578125 1 0.6146992484375 1 0.5623125078125
1 0.9160279171875001 0.9958531296875 0.9021999812500001 0.9812000015625 0.8868330156249999 0.9950533453125001 0.8936317656250001 0.9982525453125 0.9100289546875 0.9982525453125 0.9160279171875001 0.9958531296875
1 0.940823678125 0.9398673593750001 0.93082540625 0.956263215625 0.9472225953125 0.9694598734375001 0.9544213031250001 0.9554634312499999 0.940823678125 0.9398673593750001
1 0.82019998125 0.8402000015625 0.776452078125 0.8870807859375001 0.8020476265625 0.9118744734374999 0.845640065625 0.8606875609375001 0.82019998125 0.8402000015625