0 0 0.48866666875 0.2208814046875 0.2159053046875 0.07090733906249999 0.10060127968749999 0.00158593125 0.18724595156249998 0 0.48866666875
0 0.1375624796875 0.955717334375 0.19355275624999999 1 0.27287243437500003 0.8997315015625 0.2082168671875 0.8470782578125 0.2515427078125 0.8110874453125 0.308199578125 0.85241025625 0.39151850312500003 0.7551016125000001 0.3315288765625 0.711779290625 0.370188878125 0.6664574546875001 0.427512340625 0.7097797781249999 0.5134974296875 0.6031402124999999 0.4528413140625 0.559151403125 0.480169859375 0.5198281046875 0.546158509375 0.5718148609375 0.59481668125 0.50916410625 0.40551612343750004 0.35586973125 0 0.8553333343749999 0.007584954687500001 0.9957071718750001 0.0962363125 0.9963736078125001 0.1375624796875 0.955717334375
0 0.718795384375 0.6258011812500001 0.6628050062499999 0.6937838843749999 0.6168128984375 0.6571265328125 0.5841519203125001 0.7077803671875 0.6281442515625 0.7351066953125 0.5234957015624999 0.8790701484375001 0.4908347234375 0.8544097687500001 0.46150640000000004 0.8990650656250001 0.47750369531250003 0.9197264203125 0.41351472031250003 0.9990396578125 0.6321436015625 1 0.8574379953125 0.728441721875 0.718795384375 0.6258011812500001
0 1 0.425185459375 0.617479490625 0.105266765625 0.4975002375 0.24589768125 0.565488459375 0.2978844890625 0.508831590625 0.3645342171875 0.569487809375 0.4151880015625 0.584818409375 0.39852556875 0.6454746296875 0.447179890625 0.6354763578125 0.464508809375 0.6674708453125 0.4918351875 0.72146155 0.4198535125 0.8341086953125 0.5051651328125 0.7747856625 0.5778134484375 0.8454401515625 0.637798153125 0.898097671875 0.575813834375 0.9554211328125 0.6204691828125 1 0.558484915625 1 0.425185459375
0 0.17622248125 0 0.1408952359375 0.031952065625 0.1755558890625 0.056612520312500005 0.15699996875 0.085333334375 0.1962190234375 0.113931225 0.25220929999999997 0.0519469828125 0.308199578125 0.09460281875 0.3735216359375 0.0239540921875 0.33419514375000003 0 0.17622248125 0
0 0.8880994015624999 0 0.8853333031249999 0.00366666875 1 0.09993484375 0.99608060625 0 0.8880994015624999 0
2 0.74812360625 0.3498712984375 0.7254608984375001 0.3718656765625 0.7136666359375 0.35866666875000003 0.6967990656249999 0.3791971375 0.776785234375 0.4505123765625 0.8127789703125 0.40052508124999997 0.74812360625 0.3498712984375
2 0.77699996875 0.45033333437499995 0.8621039375 0.5171621046875 0.8934317296875 0.4691742703125 0.8127789703125 0.40652356562499997 0.77699996875 0.45033333437499995
2 0.26820649375 0 0.260207896875 0.0079581734375 0.24487719375 0 0.23154616562500002 0.012623659374999999 0.22621383593750002 0.01795563125 0.3101992515625 0.08393887343749999 0.343526821875 0.03928355 0.2988678984375 0 0.26820649375 0
2 0.88699996875 0.000333334375 0.9587538906249999 0.060611468749999994 0.9894150921874999 0.0079581734375 0.88699996875 0.000333334375
2 1 0.0119571453125 0.9654194046875 0.060611468749999994 1 0.0920000015625 1 0.0119571453125
1 0.09395897343750001 0.2079629625 0.073555534375 0.18800000156250002 0.06596380156250001 0.20218665468750002 0.07840610625 0.2181826 0.09395897343750001 0.2079629625
1 0.1113333125 0.1591111125 0.12150975156249999 0.168861790625 0.1290639875 0.157753503125 0.11395551562499999 0.146645215625 0.1113333125 0.1591111125
1 0.6049817156249999 0.3568140203125 0.603555534375 0.3580000015625 0.5907619656249999 0.3812522546875 0.6067591593749999 0.38702857812499997 0.6200901875 0.366589334375 0.6049817156249999 0.3568140203125
1 0.6379999796875 0.3802222234375 0.6200901875 0.40302450624999997 0.6360874484375 0.41368846875000004 0.6534177578125 0.38969455937499997 0.6379999796875 0.3802222234375