0 0.3335285515625 0.0012932 0.18699996875 0.007000001562499999 0.22888000156250002 0.0266200921875 0.187553834375 0.0759409 0.24820995156249998 0.1232622484375 0.3335285515625 0.0012932
0 0.350333303125 0 0.29953449062500004 0.0726084140625 0.36418995625 0.113931225 0.3275296296875 0.16858400625 0.38351990625 0.20390838281249998 0.41551439375 0.1579200609375 0.46017331875 0.182580440625 0.5288281328125 0.0906038203125 0.5288281328125 0.053946470312499994 0.5641553781249999 0 0.350333303125 0
0 0.46683883125000003 0.350537784375 0.5061654265625 0.296551515625 0.516163696875 0.30254995 0.5401594859375 0.2698916234375 0.528161540625 0.2618936265625 0.5414925687500001 0.23923270937500002 0.6408087890624999 0.3052159484375 0.7067973375000001 0.217904815625 0.700798415625 0.1759154671875 0.75878846875 0.09393630625 0.6814683640625 0.042616035937500005 0.6708036015625 0.05594598125 0.5936666359375 0.01366666875 0.47350434531249996 0.1879124375 0.48416920937499996 0.197243409375 0.40684920625 0.3045494625 0.46683883125000003 0.350537784375
0 0.8734351874999999 0.2932190296875 0.9307586499999999 0.21523881718750001 0.8574379953125 0.1665845703125 0.848106315625 0.1852464390625 0.7686666359375 0.12866666875 0.6514735515625001 0.3098814609375 0.8101128046875001 0.4318504328125 0.8781011296875001 0.3258773546875 0.8734351874999999 0.2932190296875
0 1 0.256561678125 0.9703333031250001 0.24200000156249998 0.8561048109374999 0.42718497187500004 0.8721022078124999 0.4405149171875 0.8581045875 0.46984080781250004 1 0.5731478859375 1 0.256561678125
1 0.41199996875 0.07866666875 0.4015167734375 0.09526930624999999 0.4221799078125 0.1119317375 0.43684401875 0.09526930624999999 0.41199996875 0.07866666875
1 0.590333303125 0.06366666875 0.5748201390625 0.087271359375 0.59481668125 0.10193427968749999 0.6088143015624999 0.0779403875 0.590333303125 0.06366666875
1 0.5986666359374999 0.18033333437500002 0.5914839234375 0.1952438984375 0.615479815625 0.20857384375 0.6241450046875 0.195910384375 0.5986666359374999 0.18033333437500002
1 0.61699996875 0.0870000015625 0.6048149515625 0.105266765625 0.6234784125 0.11859671093749999 0.6374760312500001 0.09793530624999999 0.61699996875 0.0870000015625
1 0.6753333031250001 0.0770000015625 0.658139065625 0.105933278125 0.68013528125 0.11726371093750002 0.6947994937499999 0.0932698703125 0.6753333031250001 0.0770000015625
1 0.7086666359375 0.09700000156250001 0.6947994937499999 0.1159307375 0.7121298703125001 0.123928684375 0.7227945296875 0.1072662515625 0.7086666359375 0.09700000156250001
1 0.7736666359375 0.29866666875000003 0.7607880421875 0.3145469203125 0.7921160390625 0.333875353125 0.7954487953125 0.3145469203125 0.7736666359375 0.29866666875000003