0 0.0349135015625 0.544488584375 0 0.47650578125000004 0.0089180375 0.5618174015624999 0.0349135015625 0.544488584375
0 0.000919440625 0 0.0029165156250000003 0.13574884375000001 0.1622248609375 0.0532799828125 0.13156345625000002 0 0.000919440625 0
0 0.49683364531249996 0.1372586296875 0.33033330312500003 0.215333334375 0.4315115875 0.4018580546875 0.5794860796875 0.3145469203125 0.49683364531249996 0.1372586296875
0 0.5801525703125 0.3498712984375 0.43417785468750003 0.4198535125 0.52616196875 0.6024737765625 0.6674708453125 0.529159025 0.5801525703125 0.3498712984375
0 0.7101300937499999 0.5338245374999999 0.5368267296875 0.62180215625 0.6281442515625 0.8137533937500001 0.8021143093750001 0.720443775 0.7101300937499999 0.5338245374999999
0 0.7514563625 1 0.8767679453125 0.9417208515625 0.785450525 0.7557681515625 0.63699996875 0.8320000015625 0.7261272875 1 0.7514563625 1
0 0.8860996234374999 0 0.84677313125 0.023287604687499998 0.9007638375000001 0.1392581421875 1 0.17458249374999998 1 0.0432825234375 0.9800834125 0.03795055 0.9647528124999999 0 0.8860996234374999 0
0 0.16355794375 1 0.24820995156249998 0.9717132296875001 0.1595586953125 0.7790955562499999 0.00699996875 0.8553333343749999 0.0795725265625 1 0.16355794375 1
0 0.0036666359375 0.8170000015625 0.13422972187499999 0.7537686390625 0.0429122 0.5638169140625 0 0.5918097796875 0.0036666359375 0.8170000015625
1 0.01019998125 0.6232000015625 0.034580334375 0.61267126875 0.021782559375 0.596675334375 0.003385746875 0.6094720703125 0.01019998125 0.6232000015625
1 0.06719998125 0.7382000015625 0.077772878125 0.752235775 0.0981693453125 0.7442378078125 0.0889709546875 0.7214436125 0.06719998125 0.7382000015625