0 0.1926085671875 1 0.069074359375 0.8701016203125 0 0.93466666875 0 1 0.1926085671875 1
0 1 0.8030075671875 0.9809167343749999 0.7839012984375 0.9191496656249999 0.8594376562500001 0.9524772359375 0.8896522812500001 0.899111090625 0.9557777796875 0.946700375 0.9976247515625 1 1 1 0.8030075671875
0 0.9147059890625 0.84832936875 0.8982643343750001 0.832333440625 0.952032840625 0.7679053703125 0.9151502484374999 0.7359135140624999 0.9502553984375 0.6923690125 0.8093908125 0.5719551765625 0.7738414046875 0.610612021875 0.69652146875 0.5461839515625 0.5814302203125 0.6741514265624999 0.615202184375 0.70258865 0.60577775625 0.7157777796875 0.760954771875 0.8456633859375 0.75340046875 0.8527726828125 0.84182959375 0.9331966812499999 0.9147059890625 0.84832936875
0 0 0.19641809375 0.023748878125 0.21952331875 0.0313031140625 0.2106366875 0.5005553296875 0.6172000625 0.49300109374999995 0.629197 0.559111090625 0.6780000015625001 0.6272000953125 0.5990029296875 0.61209155625 0.5838956515625 0.711629940625 0.47103547343749996 0.489890465625 0.2799729015625 0.45211922031249996 0.32485039531250004 0.4090155765625 0.2875265421875 0.3543583484375 0.3501772796875 0.31925333437500003 0.3195184140625 0.371688725 0.2524243453125 0.10729000156249999 0.035125754687499997 0.0521884125 0.0973321671875 0.0375242671875 0.0862238796875 0.11306679374999999 0.0013565484375000002 0 0.002245215625 0 0.19641809375
1 0.3802222015625 0.3580000015625 0.3632457 0.3759400515625 0.37790984375000003 0.389714321875 0.3952402203125 0.3719410609375 0.3802222015625 0.3580000015625
1 0.4961116546875 0.5136828234374999 0.4813333125 0.5002222234375 0.463228409375 0.522125128125 0.479670065625 0.533233415625 0.4961116546875 0.5136828234374999
1 0.5802222015625 0.386888890625 0.565432959375 0.409264915625 0.5814302203125 0.42303918593749995 0.5969830859374999 0.400378284375 0.5802222015625 0.386888890625
1 0.62577775625 0.42911111249999995 0.6138690687499999 0.4448114375 0.6267557015625 0.4581413828125 0.6400867296875 0.43992379687499994 0.62577775625 0.42911111249999995
1 0.51577775625 0.4657777796875 0.5036658890625 0.47902495 0.5187743609375 0.48968891406250004 0.52810610625 0.47547031874999995 0.51577775625 0.4657777796875
1 0.48799997968750003 0.2791111125 0.45034177656249996 0.328396575 0.5356603437499999 0.400822609375 0.573875984375 0.355500825 0.48799997968750003 0.2791111125
1 0.0224444234375 0.01355555625 0.041079221875 0.026639004687500002 0.0566320875 0.0017564453125 0.032191870312499996 0 0.0224444234375 0.01355555625