0 1 0.5158290796875 0.000333303125 0.895333334375 0 0.9970401453125 0.2528758921875 1 1 0.7184442625 1 0.5158290796875
0 1 0.179914490625 0.9614200546875 0.0759409 0.1195656125 0.40585702812499996 0.09157037031250001 0.34320632500000003 0 0.3831961625 0.0009169359375 0.6351102515625 1 0.2532291921875 1 0.179914490625
0 0.6354763578125 0.9943741984375001 0.7527893437500001 0.9990396578125 0.7267938796875 0.9450533374999999 0.6354763578125 0.9943741984375001
0 1 0.9337229046875001 0.8667696734374999 0.9897086343750001 0.83610826875 1 0.9994133625 0.995040634375 1 0.9337229046875001
0 0.44017677656250004 0.17258300625 0.3708554703125 0 0.1242314515625 0.0012932 0.1435614015625 0.0526134953125 0.210883134375 0.031952065625 0.22888000156250002 0.0912703328125 0.107567665625 0.141924115625 0.144892178125 0.24422339218750003 0.269537371875 0.1915701484375 0.2842014828125 0.229560471875 0.44017677656250004 0.17258300625
0 0.6136666359375 0.0020000015625 0.647474303125 0.08393887343749999 0.8021143093750001 0.01995511875 0.7901162625 0 0.6136666359375 0.0020000015625
1 0.090485340625 0.3994342890625 0.080999984375 0.374333334375 0.061823635937499996 0.3781063703125 0.0708220953125 0.4060992609375 0.090485340625 0.3994342890625
1 0.026829687499999998 0.394102315625 0.0076666515625 0.3985000015625 0.0158316046875 0.42609417968749996 0.034495039062499996 0.4167632078125 0.026829687499999998 0.394102315625
1 0.06471461875 0.5390654484375 0.052383429687500004 0.5457304203125 0.053383215625 0.5653921203125 0.0690472140625 0.55772739375 0.06471461875 0.5390654484375
1 0.0943761375 0.5370659875 0.07371305312500001 0.5420647171875 0.0827114875 0.561726365625 0.099375271875 0.5560611484375 0.0943761375 0.5370659875
1 0.1203716515625 0.5487296890625 0.1390351109375 0.5423979343750001 0.1303699234375 0.5224030156249999 0.10870700156249999 0.5304010140625001 0.1203716515625 0.5487296890625
1 0.1419166515625 0.5310000015624999 0.15936489843749999 0.525069015625 0.1513663015625 0.5047409046875 0.1357023546875 0.5090730953125 0.1419166515625 0.5310000015624999
1 0.7994166515625001 0.20016666718749998 0.769926025 0.21181529375000002 0.7812573796875 0.2338097125 0.8075861390625001 0.222146009375 0.7994166515625001 0.20016666718749998