0 0.4736363640625 0.74 0.500909090625 0.70181818125 0.6545454546875 0.8290909093750001 0.6236363640625 0.8681818187499999 0.699090909375 0.930909090625 0.7272727265625 0.8927272734375 0.809090909375 0.9545454546875 0.92818181875 0.8163636359374999 0.47000000000000003 0.43363636406249995 0.3527272734375 0.5727272734375 0.43363636406249995 0.64181818125 0.4 0.6790909093749999 0.4736363640625 0.74
0 0.43818181875000006 0.8072727265624999 0.300909090625 0.6890909093750001 0.042727273437500005 0.999090909375 0.27999999999999997 1 0.43818181875000006 0.8072727265624999
0 0.0227272734375 0.3063636359375 0 0.33818181875 0.0009090906249999999 0.3654545453125 0.06181818125000001 0.41727272656250003 0.09909090937500001 0.37181818125 0.1827272734375 0.43545454531249994 0.300909090625 0.290909090625 0 0.0336363640625 0.0009090906249999999 0.2863636359375 0.0227272734375 0.3063636359375
0 0.0027272734375 0.4845454546875 0 0.5954545453125 0.0527272734375 0.5263636359375 0.0027272734375 0.4845454546875
0 0.9736363640624999 0.1836363640625 1 0.1445454546875 0.9027272734375 0.0563636359375 0.7127272734375001 0.27 1 0.5163636359375 0.999090909375 0.2054545453125 0.9736363640624999 0.1836363640625
0 0.6763636359375 1 0.5645454546875001 0.9118181812499999 0.4854545453125 1 0.6763636359375 1
1 0.0172727265625 0.22818181875 0.010909090625 0.22181818125000002 0.0009090906249999999 0.23181818125000003 0.00818181875 0.239090909375 0.0172727265625 0.22818181875
1 0.06944444375 0.27 0.05944444375 0.282222221875 0.07055555625 0.2916666671875 0.0788888890625 0.27944444375 0.06944444375 0.27
1 0.19277777812500002 0.24444444375000002 0.18111111093750001 0.26055555625000004 0.197222221875 0.272777778125 0.21000000000000002 0.25833333281250004 0.19277777812500002 0.24444444375000002
1 0.5316666671875 0.5427777781249999 0.5377777781249999 0.532777778125 0.527222221875 0.5255555562499999 0.5205555562499999 0.5349999999999999 0.5316666671875 0.5427777781249999
1 0.5549999999999999 0.5361111109375 0.562222221875 0.5266666671875 0.5511111109375 0.5188888890625 0.54444444375 0.5288888890625 0.5549999999999999 0.5361111109375
1 0.5911111109375 0.5766666671875 0.5783333328125 0.5894444437499999 0.5888888890625 0.5983333328125 0.6016666671875 0.58555555625 0.5911111109375 0.5766666671875
1 0.6427777781249999 0.617222221875 0.63055555625 0.6316666671875 0.642222221875 0.642222221875 0.6533333328125 0.6266666671875 0.6427777781249999 0.617222221875
1 0.8222222218749999 0.77444444375 0.812777778125 0.7838888890625 0.8261111109374999 0.7966666671875 0.83444444375 0.7849999999999999 0.8222222218749999 0.77444444375
1 0.6966666671875 0.79555555625 0.6866666671874999 0.8083333328125001 0.6972222218749999 0.817222221875 0.7061111109375 0.8055555562500001 0.6966666671875 0.79555555625
1 0.647222221875 0.755 0.6388888890625 0.747777778125 0.6261111109375 0.7611111109375 0.635 0.7677777781249999 0.647222221875 0.755
1 0.5838888890625 0.7022222218749999 0.57555555625 0.6966666671875 0.5638888890625 0.7072222218750001 0.575 0.7144444437499999 0.5838888890625 0.7022222218749999
1 0.112777778125 0.3283333328125 0.12277777812499999 0.3138888890625 0.1061111109375 0.3016666671875 0.0961111109375 0.3166666671875 0.112777778125 0.3283333328125
1 0.517222221875 0.6438888890625 0.5016666671875 0.6599999999999999 0.5216666671875 0.6738888890625 0.5305555562500001 0.6566666671875 0.517222221875 0.6438888890625