0 0.16055858125 0.5138963546875 0.238145140625 0.48190448437500005 0.20095155937500003 0.2991509125 0.120165540625 0.3147469546875 0.160958475 0.5014994796875001 0.07919998125 0.5192000015625 0.11256687968750001 0.6562601671875 0.18855374062500002 0.63746495625 0.16055858125 0.5138963546875
0 0.5504911515625001 0.7082469546875 0.5596895734375 0.474306409375 0.43491110156249996 0.4655086265625 0.43771066718749996 0.4479131234375 0.25419998125 0.4292000015625 0.23454578593750003 0.6682571187499999 0.28893634375 0.6718561796875 0.28973625468750003 0.6870523296875 0.5504911515625001 0.7082469546875
0 0.683268240625 0.7042479703125 0.6812685859375 0.72024390625 0.9328250625000001 0.74783686875 0.9340248046875 0.7334405640624999 0.9796168968750001 0.7398389015625 1 0.539489825 0.940823678125 0.531091965625 0.94002376875 0.561484265625 0.64419998125 0.5382000015624999 0.63807598125 0.587477659375 0.61887935 0.584678384375 0.6084811234374999 0.69864941875 0.683268240625 0.7042479703125
0 0 0.2152 0.022582409375 0.22066923593749999 0.0401793734375 0.1514867765625 0.13496297031249999 0.0899024515625 0.1073677671875 0.0495126921875 0.04337883125 0.09190194375 0.040579296875 0.10669823281249999 0 0.098700265625 0 0.2152
0 0.12219998125 0 0.1001689984375 0.013896354687500001 0.163358084375 0.1102718546875 0.11976564687499999 0.13746495625 0.113766684375 0.16545784218749998 0.163358084375 0.231840934375 0.18975354375 0.24063874687500003 0.2833373375 0.1770548703125 0.25294256875 0.13306605 0.3145319546875 0.090676859375 0.35012577500000003 0.1506616140625 0.49810018749999996 0.049487284375 0.464905915625 0 0.12219998125 0
0 0.5692878890624999 0.051086884374999995 0.52419998125 0.0822000015625 0.57568680625 0.16705741093749998 0.6256781015625 0.133865834375 0.5692878890624999 0.051086884374999995
0 0.5392930765624999 0.03029218125 0.586084971875 0.0002998046875 0.51619998125 0.0012000015625000002 0.5392930765624999 0.03029218125
1 0.2886153703125 0.5770769234375 0.286575278125 0.6076016125 0.31118640625 0.6072940265625 0.3127246015625 0.578070659375 0.2886153703125 0.5770769234375
1 0.3847692171875 0.5624615390625001 0.3837892078125 0.5869914734375 0.4111691171875 0.5879143265625 0.41239965468750006 0.566073728125 0.3847692171875 0.5624615390625001
1 0.382866328125 0.4728666375 0.3800975484375 0.495937696875 0.40655453125 0.501167128125 0.4087079953125 0.47409709843750003 0.382866328125 0.4728666375
1 0.3351822671875 0.495937696875 0.3586153703125 0.4978461546875 0.362562128125 0.4716361765625 0.3361051453125 0.468252425 0.3351822671875 0.495937696875
1 0.2699627375 0.4919387046875 0.29861537031249996 0.49323077031249996 0.29795791562499996 0.4667143546875 0.2742697125 0.46394582343749996 0.2699627375 0.4919387046875
1 0.41547604531250004 0.04333959375 0.39399998593749996 0.058615384375 0.40686214062500003 0.07840760937499999 0.42808926875 0.064257340625 0.41547604531250004 0.04333959375
1 0.4539999859375 0.048615384375 0.47423513437500003 0.032880709375 0.45916079062500004 0.008886809375 0.43239619687499997 0.029496959375 0.4539999859375 0.048615384375
1 0.1918224234375 0.239289784375 0.2315078484375 0.21068168437499998 0.16444253749999999 0.11009185156250001 0.14352306875 0.12331926875000002 0.12291125781250001 0.13839236562499999 0.11614320625 0.16392432343750002 0.16167378125 0.23252228437500003 0.1918224234375 0.239289784375
1 0.227846140625 0.158615384375 0.216741209375 0.16484717499999998 0.225662725 0.1823811703125 0.2385835578125 0.17069184843750002 0.227846140625 0.158615384375
1 0.23630767812500003 0.1540000015625 0.2441210703125 0.1673080734375 0.2564266359375 0.1568492125 0.24812038906249997 0.144237015625 0.23630767812500003 0.1540000015625
1 0.3139999859375 0.09476923125 0.35148710156249996 0.15069692968749998 0.4117843859375 0.1079385625 0.372714228125 0.05256801875 0.3139999859375 0.09476923125
1 0.2164335515625 0.04241674375 0.206307678125 0.024769231250000003 0.19305298437500001 0.033495928125000005 0.202282134375 0.049491876562499995 0.2164335515625 0.04241674375
1 0.2324307765625 0.005503046875 0.2186153703125 0.0140000015625 0.23058496874999998 0.0304197875 0.2450439984375 0.022114215625 0.2324307765625 0.005503046875