0 0 0.99940211875 0.0375242671875 0.999846409375 0.0664081953125 0.976684721875 0.032191870312499996 0.9278082546875 0.0806279453125 0.8864854093750001 0.0375242671875 0.83760894375 0.08684906406250001 0.7936201484375001 0.1463943640625 0.8611585265624999 0.20194031406250001 0.8105047609374999 0.24060028125000002 0.851383246875 0.3312512453125 0.7665158984375 0.29348 0.726081771875 0.389019034375 0.6256628203125 0.379242959375 0.6154432171875001 0.4916679765625 0.5163572734375 0.33880548125 0.3466226640625 0.276149690625 0.40616304375 0.28325953125000003 0.41682700625 0.19305296249999998 0.49769536406250003 0.1801662609375 0.48880873437499994 0.11306679374999999 0.54701615625 0.1921641734375 0.6363268515625 0.15972539218749998 0.666541340625 0.2032733625 0.7180837906249999 0.16016971875 0.7567406203125 0.1472830859375 0.7407447265625 0.15350420468749998 0.73452404375 0.041079221875 0.6065565859375 0.0059741734375 0.6398814500000001 0 0.64926886875 0 0.99940211875
0 0.6689706234374999 0.33370879531250003 0.7080750546875 0.3816965796875 0.8076133703125 0.2870539859375 0.8289429609375001 0.31104789374999997 0.8729353265625001 0.271502365625 0.7907273203125 0.18841238437500002 0.7507342359375 0.22173724843749998 0.7409582296874999 0.21196195156250003 0.7471793484375 0.2070743125 0.6400867296875 0.0808841546875 0.5703210296875 0.141313234375 0.5796527765625 0.1528658625 0.48455806875 0.23773321093750002 0.479670065625 0.22662492343750001 0.409111090625 0.28355555625 0.5680991921875 0.4563442875 0.6783023703125 0.36081301093749996 0.662305109375 0.3425954265625 0.6689706234374999 0.33370879531250003
0 0.6974101234375001 0.0634987546875 0.8436071734375 0.211461165625 0.9991358343750001 0.07505136875 0.99958009375 0.0017366843749999999 0.740513834375 0 0.7285158546875 0.0035139999999999998 0.7458463 0.02039859375 0.6974101234375001 0.0634987546875
0 1 0.54751694375 0.6982989125 0.8599102453125 0.7138517796875 0.8727676015625001 0.586318290625 1 1 1 1 0.54751694375
1 0.13767794375 0.8106914578125 0.13015383125 0.7978461546875 0.11398971875 0.8113067234375 0.1247570875 0.81991988125 0.13767794375 0.8106914578125
1 0.1659807328125 0.78454425625 0.155538446875 0.7732307703125 0.13860084687500002 0.7860823265625 0.1505987765625 0.7968488218750001 0.1659807328125 0.78454425625
1 0.277846140625 0.7378461546875 0.259810684375 0.75501328125 0.28688288906250003 0.785467084375 0.3059565515625 0.76516455625 0.277846140625 0.7378461546875
1 0.21092306249999998 0.699384615625 0.23919882656250002 0.7307117843750001 0.254888440625 0.7144082265625 0.22843145781250002 0.6836468124999999 0.21092306249999998 0.699384615625
1 0.32169229375 0.59630769375 0.29918845312500003 0.6183935375 0.329029484375 0.6494625593750001 0.3496412953125 0.62916003125 0.32169229375 0.59630769375
1 0.265538446875 0.5455384624999999 0.256118978125 0.5544097890625 0.2684245421875 0.570405715625 0.2788843 0.5621001437500001 0.265538446875 0.5455384624999999
1 0.23861537031250002 0.5347692312500001 0.24935092656250002 0.5273397375 0.23643009375 0.5122666625 0.22689326250000003 0.517803703125 0.23861537031250002 0.5347692312500001
1 0.389941990625 0.5728666375 0.3739999859375 0.5516923078125 0.36286978593749997 0.5667143546875 0.3767135453125 0.5814798421875 0.389941990625 0.5728666375
1 0.40169229375000004 0.560923078125 0.41363023906249996 0.5467194359375 0.39917116406250003 0.533184409375 0.38532740468750004 0.5439509046875 0.40169229375000004 0.560923078125
1 0.74003530625 0.27257660625 0.6693846015625 0.33323077031250004 0.708348515625 0.377780640625 0.7797207328125 0.3153349875 0.74003530625 0.27257660625