0 0.26620692031250004 0.28655405625 0.273538925 0.3052159484375 0.33019579375 0.2792225453125 0.2908693015625 0.197243409375 0.35152541875 0.16058603437500002 0.297534815625 0.0726084140625 0.03957944375 0.19990940937499999 0.1162328546875 0.3645342171875 0.26620692031250004 0.28655405625
0 0 0.55181994375 0.11023383125 0.4938347 0.0235821484375 0.3285433546875 0 0.34533333437499997 0 0.55181994375
0 0.40684920625 0.24856368125 0.400850284375 0.2632266515625 0.5828188375 0.387861621875 0.7174622015625001 0.20390838281249998 0.634809765625 0.146589653125 0.6041484625 0.183913465625 0.5148305125 0.11992976250000001 0.46417266718750005 0.1759154671875 0.42151331562500005 0.14392360312500002 0.36418995625 0.21923779062499998 0.40684920625 0.24856368125
0 0.72146155 0.42318599843750004 0.5445476953124999 0.5136912921875 0.6261446796875 0.6804539375 0.8027806984374999 0.5904768046875 0.72146155 0.42318599843750004
0 0.288869628125 1 0.23954486406250003 0.9143945234374999 0.19555243125 0.936388853125 0.1815548109375 0.9077295515625 0 1 0.288869628125 1
0 0.6641380875 0.9770452281249999 0.8434403749999999 0.8864015562500001 0.8327755124999999 0.8677397140625001 0.8900989734375001 0.843745771875 0.79699996875 0.645333334375 0.5748201390625 0.749769615625 0.59681635625 0.7977575 0.5794860796875 0.8044224734375 0.6641380875 0.9770452281249999
0 1 0.26056065156249997 0.99699996875 0.00866666875 0.926092709375 0.1272611703125 0.9707517343750001 0.1585865484375 0.9374241640625 0.220570815625 1 0.26056065156249997
0 1 0.7724305828125 0.9954142171875 0.5351575109375 0.9240931359375001 0.5731478859375 0.99141486875 0.714445340625 0.9767506562499999 0.7211103125 1 0.7724305828125
1 0.6991877015625 0.78651081875 0.69429963125 0.7674046171875 0.6743030890624999 0.7776241875000001 0.6783023703125 0.793175790625 0.6991877015625 0.78651081875
1 0.7547336515625 0.6932011984375 0.7649540531250001 0.7078641515624999 0.7871724328124999 0.699866171875 0.7765076375 0.6776496296875 0.7547336515625 0.6932011984375
1 0.7729526156250001 0.7327467453125001 0.7782850812500001 0.746965340625 0.8027252984375 0.7367457015625 0.7942823421874999 0.71852815 0.7729526156250001 0.7327467453125001
1 0.7902830609375 0.7638499515625 0.7991704125 0.784289159375 0.82138879375 0.7705149234374999 0.8120570453125 0.7540746703125001 0.7902830609375 0.7638499515625
0 0.6898559546875 0.9980691109375 0.9569209125 1 0.9018192203125001 0.9003161765625001 0.6898559546875 0.9980691109375
1 0.8724910671874999 0.9451936875 0.879600840625 0.9620782312499999 0.9031524046875001 0.9487482843749999 0.8933762625 0.9309750234375 0.8724910671874999 0.9451936875
1 0.8868888687500001 0.9713333343749999 0.892043215625 0.984739165625 0.91781648125 0.9722978687499999 0.9071516859375001 0.956301975 0.8868888687500001 0.9713333343749999
1 0.9222601562499999 0.982961865625 0.9002222015625 0.9902222234375 0.9018192203125001 0.9989577593750001 0.9298144609375001 1 0.9222601562499999 0.982961865625
1 0.5613333125 0.276888890625 0.5529907203125 0.29149730156250003 0.56498863125 0.30038393124999996 0.57254286875 0.28883131875 0.5613333125 0.276888890625
2 0.263707384375 0.1874954875 0.173555534375 0.2324444453125 0.21571566875 0.3114639875 0.309032865625 0.2639204953125 0.263707384375 0.1874954875