0 0.1729564 0.3515375921875 0.10496815625 0.382329784375 0.11496642812499999 0.40792328749999995 0.06257549375 0.43791566406250004 0.11256687968750001 0.536690609375 0.2745388703125 0.45631098281250004 0.2229477546875 0.35753606875 0.1869539796875 0.3755314953125 0.1729564 0.3515375921875
0 0.2965350671875 0.6766550078125 0.44850878749999995 0.5954756265625 0.37572138593750004 0.43671595625000004 0.18919998124999998 0.5282000015625 0.22174801249999998 0.5958754890625 0.2505430203125 0.581479184375 0.2965350671875 0.6766550078125
0 0.451308290625 0.6254680046875001 0.28819998125 0.7102000015625001 0.3833200484375 0.8935056453125 0.542492534375 0.812620453125 0.451308290625 0.6254680046875001
0 0.81119998125 0.3532000015625 0.9752177546875 0.2651290609375 0.8788343984375 0.0791763203125 0.7160624953125 0.16675406875 0.81119998125 0.3532000015625
0 1 0.375900928125 0.86319998125 0.4482000015625 0.959220521875 0.6282367921875001 1 0.60304318125 1 0.375900928125
0 0.00098616875 0.042309459375000004 0.0021859437499999997 0.1762754125 0.059376065624999995 0.1946707609375 0.18319998125 0.1342000015625 0.127364309375 0.020714940625 0.048177990625 0.0611046703125 0.00098616875 0.042309459375000004
0 0.23619998125000002 0.0042000015625 0.28853645 0.1038938125 0.47650394531250007 0.009917696875 0.47290453125000004 0 0.23619998125000002 0.0042000015625
1 0.8541999812500001 0.1402000015625 0.8704358265625001 0.13393700625 0.860837509375 0.117941071875 0.8468399296875001 0.12393954843749999 0.8541999812500001 0.1402000015625
1 0.90519998125 0.2532000015625 0.91442821875 0.26430386875 0.9312253625 0.25830539375 0.9220268796875001 0.24590855 0.90519998125 0.2532000015625
1 0.42019998125 0.6882000015624999 0.43531105625000005 0.68069975625 0.4285122453125 0.6655035453125 0.41291490625 0.6735015125 0.42019998125 0.6882000015624999
1 0.47319998124999996 0.8032000015625 0.48210295312499996 0.8150655406249999 0.500499796875 0.8054680046874999 0.4929010734375 0.78987193125 0.47319998124999996 0.8032000015625