0 0 0 0.000333303125 0.13866666875 0.053576962500000005 0.200575896875 0.14822724062499998 0.1072662515625 0.12489794218750001 0.0786068734375 0.1275642078125 0.0239540921875 0.153559671875 0 0 0
0 0.2175486484375 1 0.22954659375 0.9717132296875001 0.2588748140625 0.9983731203125 0.3468595796875 0.8937330687499999 0.21221621562499998 0.7804285296875 0.12223177656249999 0.8930665296875 0.206883784375 0.955050796875 0.11823242656249999 0.9317233921874999 0.098235884375 1 0.2175486484375 1
0 0.409515471875 0.7077803671875 0.510831265625 0.6064726984375 0.548824675 0.6311331796874999 0.6181459796875 0.5678159890625001 0.49683364531249996 0.47050729531249996 0.5661550515625 0.4025245421875 0.6841346296874999 0.5004996734375 0.746790421875 0.4285179453125 0.6914667375 0.3865286484375 0.7901162625 0.2698916234375 0.8414408015625 0.3172129203125 0.9027634093750001 0.24856368125 0.792782428125 0.14858908906249998 0.8201110765624999 0.1125982515625 0.7407915 0.0412830375 0.708130521875 0.08193936093750001 0.6941329015625 0.0712754140625 0.6414752796875 0.1292606828125 0.634809765625 0.1259281953125 0.5254953765625 0.24389822031250002 0.5341605656249999 0.2518961671875 0.482169534375 0.311880921875 0.49150121406249997 0.330542865625 0.42951201406250006 0.4038575671875 0.4081822875 0.385862109375 0.185554159375 0.62180215625 0.3928516875 0.8170858796875 0.457507153125 0.750436153125 0.409515471875 0.7077803671875
0 0.63699996875 0.99866666875 0.75678869375 1 0.6841346296874999 0.9438050562500001 0.63699996875 0.99866666875
0 1 0.693202090625 0.898097671875 0.8171705734374999 0.8847666437499999 0.806506628125 0.856771403125 0.8125050625 0.8374414531250001 0.83316651875 0.840774209375 0.8584933843749999 0.8621039375 0.879821328125 0.8574379953125 0.8851532765625001 0.9134282734375001 0.9384730593749999 0.9287590765625 0.9251431125 1 0.9904598671875 1 0.693202090625
0 1 0.003250390625 0.780333303125 0.000333334375 0.978083840625 0.1772061453125 1 0.1292183109375 1 0.003250390625
1 0.373555534375 0.6380000015625 0.3628013734375 0.6472690734375 0.3854640796875 0.6694856484375 0.391240871875 0.6574887125 0.373555534375 0.6380000015625
1 0.3913333125 0.6157777796875 0.378798565625 0.6294958125 0.399239503125 0.64949073125 0.41257053125 0.6352721359375 0.3913333125 0.6157777796875
1 0.3402222015625 0.5757777796875 0.3281406859375 0.5899503515625 0.3485816234375 0.6015029296875001 0.3570245796875 0.5899503515625 0.3402222015625 0.5757777796875
1 0.3824444234375 0.5202222234375 0.373021840625 0.5326315453125 0.3916852671875 0.550849146875 0.4045719 0.539296534375 0.3824444234375 0.5202222234375
1 0.48799997968750003 0.49466666875 0.4765594375 0.5055273296875 0.4890017453125 0.5179686078125 0.50099965625 0.5041943375 0.48799997968750003 0.49466666875