0 0 0.5836666687500001 0.018916309375000002 0.6004742656250001 0.0842383671875 0.529159025 0.14022864375 0.5791463203125 0.254208975 0.4418478921875 0 0.2398992453125 0.0002528484375 0.46584178437499996 0.0109177125 0.4785052421875 0 0.48916918750000005 0 0.5836666687500001
0 0.1036666359375 0 0.40884887968749994 0.24723070625000002 0.5234957015624999 0.1032673296875 0.462839584375 0.061944442187500004 0.5041657515625 0.0139566328125 0.4828361265625 0 0.1036666359375 0
0 1 0.4911688015625 0.8814338875000001 0.39652610625 0.917427621875 0.353203784375 0.8547718296875001 0.2972180015625 0.8161117265625 0.3418733 0.7536666359375 0.2920000015625 0.6414752796875 0.4311839453125 1 0.7271087484375001 1 0.4911688015625
0 0.9614200546875 0 0.82699996875 0.1720000015625 0.9687521609375 0.28522103125 1 0.22656930156250002 1 0 0.9614200546875 0
0 0.9587538906249999 1 0.48150294374999997 0.6125558796874999 0.33699996875 0.7820000015625 0.370188878125 0.8105056015625 0.41151504531249994 0.7698492765625 0.4975002375 0.8398314921875001 0.460839909375 0.8864863015625 0.528161540625 0.9344741875 0.56482186875 0.8938177609375 0.65214014375 0.9598009515625 0.6194791656249999 1 0.9587538906249999 1
0 0.29820130625 0.8298340312500001 0.16355794375 0.9924593796875 0.3608572 1 0.42151331562500005 0.9291420859375 0.29820130625 0.8298340312500001
1 0.343526821875 0.9211442406250001 0.3281961203125 0.935140571875 0.35219201093749997 0.95113656875 0.3688557953125 0.9311417000000001 0.343526821875 0.9211442406250001
1 0.780333303125 0.975333334375 0.7707863125000001 0.99175049375 0.7787850109375001 0.9964159546875001 0.7901162625 0.9777541125000001 0.780333303125 0.975333334375
2 0.0986666359375 0.45866666875 0.054243554687499994 0.50120850625 0.136229396875 0.568524721875 0.1768889703125 0.5218699124999999 0.0986666359375 0.45866666875
2 0.27033330312500004 0.0570000015625 0.2348789234375 0.10197662656249999 0.3161982765625 0.1659603796875 0.35419168437500004 0.12330454375 0.27033330312500004 0.0570000015625
2 0.436177528125 0.1932867578125 0.361523690625 0.13530149062500002 0.3268630375 0.1752913265625 0.40684920625 0.23860856875 0.436177528125 0.1932867578125
2 0.864103509375 0.528534884375 0.8614373437499999 0.5332003953125 0.8314425312499999 0.5738567203125 0.9187608062500001 0.642505909375 0.9500886 0.5998501234375 0.864103509375 0.528534884375