0 0 0.9963736078125001 0.012917387499999999 1 0.0515772875 0.9537178234375 0.09290355624999999 0.987709225 0.13689588749999998 0.9350558796874999 0.094903128125 0.900398040625 0.2008848625 0.767765121875 0.2428776203125 0.8064218828125 0.27687168125 0.7557681515625 0.2382116796875 0.7271087484375001 0.35085892812499997 0.5931428046875 0.374188228125 0.6071392375 0.396850934375 0.5804793453125 0.3688557953125 0.5678159890625001 0.498166728125 0.4131885390625 0.5408260796875 0.4385154046875 0.57548673125 0.39852556875 0.53082780625 0.3672002171875 0.6641380875 0.2072408703125 0.52416229375 0.0906038203125 0 0.7453333343749999 0 0.9963736078125001
0 0.00199996875 0.34866666875 0.273538925 0 0.03757976875 0.0039591734375 0 0.05861195625 0.00199996875 0.34866666875
0 0.6008157046875 0 0.5386666359375 0.07366666875 0.7234611234375 0.217904815625 0.7507897703124999 0.181247465625 0.7027979875 0.14392360312500002 0.8247770171875001 0 0.6008157046875 0
0 1 0.054612981250000005 0.8203333031250001 0.2920000015625 0.9520883765624999 0.40719005468749997 1 0.3438728125 1 0.054612981250000005
0 0.46217299375 1 0.935424590625 0.42118648593749997 0.79699996875 0.3120000015625 0.238878271875 1 0.46217299375 1
0 0.99608060625 1 0.9987469734375001 0.8444123093749999 0.951421784375 0.8004234484375001 0.785333303125 1 0.99608060625 1
0 1 0.74366666875 0.9614200546875 0.7824280421875 1 0.8137533937500001 1 0.74366666875
1 0.6486666359375 0.0870000015625 0.634143275 0.1072662515625 0.650807059375 0.12459519687500001 0.6721366843750001 0.1099323015625 0.6486666359375 0.0870000015625
1 0.47933331875 0.296833334375 0.4690885515625 0.312588071875 0.491751309375 0.332582990625 0.5020828765625 0.31725355781250003 0.47933331875 0.296833334375
1 0.5076666515625 0.261833334375 0.49741698437500004 0.2795964515625 0.516413740625 0.29659215156249996 0.528078390625 0.2815959625 0.5076666515625 0.261833334375
1 0.370999984375 0.9226666671875 0.3577744875 0.9395981453125 0.3771044875 0.9535946031250001 0.3854363796875 0.9385984140625 0.370999984375 0.9226666671875