0 0.014916959375 0.827083340625 0.054910043750000005 0.9970401453125 0.3075330875 0.997706684375 0.471504671875 0.9643818203125001 0.50083299375 0.9197264203125 0.463506075 0.803089396875 0.5468250015625 0.7844275546875 0.556823271875 0.8177524187499999 0.590817434375 0.8097543703125 0.6088143015624999 0.89439960625 0.5901508421874999 0.8977320921875 0.6148132234375 1 0.8994306515625 0.997706684375 0.8281097734375 0.8404132843750001 0.9447562703125 0.7957579875 0.9820831890624999 0.6884518843749999 0.8101128046875001 0.067276440625 0.002919115625 0.2805555703125 0.002919115625 0.6831198875 0.03558009375 0.8197518296874999 0.014916959375 0.827083340625
1 0.7618636796875 0.6500526546875001 0.76913515 0.678045528125 0.7931310218750001 0.67259236875 0.78549595625 0.6435088515625 0.7618636796875 0.6500526546875001
1 0.11143069531250001 0.49663710937500005 0.0863441453125 0.5031808843750001 0.093979184375 0.5311737859375001 0.120156465625 0.5224487812499999 0.11143069531250001 0.49663710937500005
1 0.15833168125 0.4326533765625 0.1332451046875 0.4388336125 0.1394258703125 0.4668264875 0.1641488796875 0.45955560625 0.15833168125 0.4326533765625
1 0.17032961875 0.4813682453125 0.1503330765625 0.4871849703125 0.15542308124999998 0.5122694828125 0.1776010875 0.5068163234374999 0.17032961875 0.4813682453125
1 0.213818165625 0.4974545453125 0.24122644843750002 0.49009330625 0.23359138281249997 0.4650087671875 0.2070505625 0.47118903124999995 0.213818165625 0.4974545453125
1 0.33472725625 0.4656363640625 0.3601149703125 0.46064625000000003 0.352479959375 0.43447109531250006 0.32593908437499997 0.44137840937500006 0.33472725625 0.4656363640625
1 0.395636346875 0.45109090937499996 0.4182867296875 0.44574095312499995 0.41283312656250004 0.4206564140625 0.3884737140625 0.427200215625 0.395636346875 0.45109090937499996
1 0.39647231875 0.37557695625 0.37320363749999996 0.3806665765625 0.379747971875 0.40575111562500005 0.403016653125 0.4006614953125 0.39647231875 0.37557695625
1 0.5775319296875 0.33231521875 0.5529090734375 0.3374545453125 0.560080390625 0.3581268625 0.5815312609375 0.3534007796875 0.5775319296875 0.33231521875
1 0.7694987453125 0.3334058609375 0.7476843359374999 0.33849548125 0.753501534375 0.362125840625 0.7760430234375 0.3566726796875 0.7694987453125 0.3334058609375