0 0.0745454546875 0.039090909374999996 0.042727273437500005 0.059090909375 0.0009090906249999999 0.0027272734375 0.0045454546875000005 0.16363636406249998 0.0754545453125 0.1072727265625 0.07272727343749999 0.100909090625 0.10363636406250001 0.0827272734375 0.0745454546875 0.039090909374999996
0 1 0.16545454531249998 0.8809090906250001 0.01 0.140909090625 0.63 0.44000000000000006 0.9963636359375 0.5572727265624999 1 0.76818181875 0.8290909093750001 0.6809090906249999 0.720909090625 1 0.4645454546875 1 0.16545454531249998
1 0.2783333328125 0.73875 0.23291666718749998 0.68625 0.21875 0.6995833328125001 0.26208333281249996 0.7529166671875 0.2783333328125 0.73875
1 0.3075 0.7120833328125 0.2645833328125 0.6625 0.2520833328125 0.67375 0.2945833328125 0.7258333328125001 0.3075 0.7120833328125
1 0.3133333328125 0.6212500000000001 0.2975 0.6320833328125001 0.3408333328125 0.6875 0.35750000000000004 0.6745833328125 0.3133333328125 0.6212500000000001
1 0.3779166671875 0.5700000000000001 0.3608333328125 0.5816666671874999 0.40374999999999994 0.6366666671875 0.42083333281249996 0.6233333328125 0.3779166671875 0.5700000000000001
1 0.4683333328125 0.5841666671875 0.42291666718750004 0.5291666671875 0.41 0.5408333328125 0.40499999999999997 0.5454166671875 0.45125000000000004 0.5983333328125 0.4683333328125 0.5841666671875
1 0.5154166671875 0.5483333328125 0.47083333281249995 0.49124999999999996 0.45499999999999996 0.5037499999999999 0.45083333281250004 0.5070833328125001 0.49874999999999997 0.5608333328125 0.5154166671875 0.5483333328125
1 0.5616666671874999 0.5066666671875 0.51625 0.4545833328125 0.5 0.46958333281250003 0.5466666671875 0.5204166671875 0.5616666671874999 0.5066666671875
1 0.5929166671874999 0.48208333281250004 0.5491666671875 0.4279166671875 0.5325 0.44375 0.5795833328125 0.49625 0.5929166671874999 0.48208333281250004
1 0.67875 0.5862499999999999 0.63375 0.5308333328125 0.61375 0.5416666671875 0.6637500000000001 0.59875 0.67875 0.5862499999999999
1 0.6 0.55375 0.5845833328125 0.5683333328125 0.6295833328125 0.6283333328125 0.6479166671875001 0.6120833328125 0.6 0.55375
1 0.5545833328125 0.5941666671875 0.5375 0.6054166671875 0.58125 0.6645833328124999 0.5991666671875 0.6495833328125 0.5545833328125 0.5941666671875
1 0.5066666671875 0.6329166671875 0.4904166671875 0.6454166671875 0.5354166671875 0.7029166671875 0.5533333328125 0.6883333328125001 0.5066666671875 0.6329166671875
1 0.45999999999999996 0.6725 0.4591666671875 0.6716666671875 0.44166666718750003 0.6845833328125 0.48708333281250005 0.74125 0.5054166671875 0.7266666671875 0.45999999999999996 0.6725
1 0.3958333328125 0.7216666671875 0.3783333328125 0.7354166671875 0.425 0.7925 0.4420833328125 0.7779166671875 0.3958333328125 0.7216666671875
1 0.3479166671875 0.76125 0.3329166671875 0.7745833328125 0.3791666671875 0.83125 0.3954166671875 0.8158333328125 0.3479166671875 0.76125
1 0.3175 0.7870833328125 0.30125 0.8 0.34541666718749997 0.8566666671875 0.3625 0.8412499999999999 0.3175 0.7870833328125
1 0.9941666671875 0.3716666671875 0.9791666671874999 0.3879166671875 0.9995833328125 0.41125 1 0.3829166671875 0.9941666671875 0.3716666671875
1 0.9454166671875001 0.4095833328125 0.9291666671875 0.42374999999999996 0.9508333328124999 0.44875 0.9675 0.43375 0.9454166671875001 0.4095833328125
1 0.9020833328125001 0.44875 0.8854166671874999 0.4641666671875 0.9025000000000001 0.48333333281249996 0.9179166671875001 0.46791666718749997 0.9020833328125001 0.44875
1 0.8558333328125001 0.4858333328125 0.8395833328125001 0.5004166671875 0.8579166671875 0.5216666671875 0.8724999999999999 0.5070833328125001 0.8558333328125001 0.4858333328125
1 0.8066666671875 0.52625 0.7895833328124999 0.5383333328125001 0.8070833328125 0.5604166671875 0.8254166671875 0.54625 0.8066666671875 0.52625
1 0.7595833328125 0.5629166671875 0.7408333328125 0.57875 0.7620833328125001 0.6008333328125001 0.7783333328125 0.5841666671875 0.7595833328125 0.5629166671875
1 0.7150000000000001 0.5095833328125 0.6933333328125 0.48166666718749995 0.6745833328125 0.49291666718749994 0.6979166671875 0.52125 0.7150000000000001 0.5095833328125
1 0.7383333328125 0.44291666718749995 0.7212500000000001 0.4583333328125 0.74375 0.4858333328125 0.7629166671875 0.46958333281250003 0.7383333328125 0.44291666718749995
1 0.7870833328125 0.40374999999999994 0.7704166671875 0.4158333328125 0.7929166671875 0.44375 0.8074999999999999 0.4291666671875 0.7870833328125 0.40374999999999994
1 0.8320833328124999 0.3654166671875 0.8166666671874999 0.3775 0.8383333328125 0.40708333281250003 0.8541666671874999 0.39249999999999996 0.8320833328124999 0.3654166671875
1 0.8791666671874999 0.3270833328125 0.8629166671874999 0.3408333328125 0.8870833328125001 0.3708333328125 0.9033333328125 0.3545833328125 0.8791666671874999 0.3270833328125
1 0.9262499999999999 0.2875 0.9083333328125001 0.3025 0.9324999999999999 0.33166666718750004 0.9512499999999999 0.3179166671875 0.9262499999999999 0.2875
1 0.9724999999999999 0.2504166671875 0.9574999999999999 0.2633333328125 0.9795833328124999 0.2908333328125 0.9954166671875001 0.27875 0.9724999999999999 0.2504166671875
1 0.9641666671875001 0.1783333328125 0.9808333328125001 0.16499999999999998 0.9591666671875 0.1375166671875 0.9416666671874999 0.1504333328125 0.9641666671875001 0.1783333328125
1 0.89875 0.0945833328125 0.9141666671875001 0.08208333281249999 0.8933333328125 0.058750000000000004 0.8770833328125001 0.07291666718749999 0.89875 0.0945833328125
1 0.8454166671875001 0.0970833328125 0.82875 0.1108333328125 0.8504166671875 0.1375 0.8670833328124999 0.1258333328125 0.8454166671875001 0.0970833328125
1 0.9104166671874999 0.17541666718749999 0.8945833328124999 0.1883333328125 0.9175000000000001 0.21833333281249998 0.9358333328124999 0.20208333281250002 0.9104166671874999 0.17541666718749999
1 0.865 0.2116666671875 0.8454166671875001 0.22749999999999998 0.8704166671875001 0.25875 0.89 0.2429166671875 0.865 0.2116666671875
1 0.805 0.17375000000000002 0.82 0.1608333328125 0.8 0.1354166671875 0.7816666671875 0.1495833328125 0.805 0.17375000000000002
1 0.75875 0.2116666671875 0.7733333328125 0.19958333281250001 0.75125 0.1729166671875 0.735 0.1870833328125 0.75875 0.2116666671875
1 0.8191666671875 0.25125000000000003 0.8012499999999999 0.2633333328125 0.8258333328124999 0.2958333328125 0.8441666671875 0.2804166671875 0.8191666671875 0.25125000000000003
1 0.7683333328125 0.2891666671875 0.7520833328125 0.3029166671875 0.7804166671874999 0.3375 0.7945833328125 0.32125 0.7683333328125 0.2891666671875
1 0.7104166671875001 0.25 0.7266666671875 0.23625 0.70625 0.21291666718750002 0.68875 0.225 0.7104166671875001 0.25
1 0.65625 0.25375000000000003 0.6425 0.2645833328125 0.6620833328125 0.2916666671875 0.6816666671875 0.2741666671875 0.65625 0.25375000000000003
1 0.7254166671875 0.3283333328125 0.7079166671875 0.34249999999999997 0.7320833328125 0.3729166671875 0.74875 0.3570833328125 0.7254166671875 0.3283333328125
1 0.68625 0.4108333328125 0.70125 0.3975 0.6779166671875 0.3675 0.6599999999999999 0.3829166671875 0.68625 0.4108333328125
1 0.6316666671875 0.3133333328125 0.6129166671874999 0.29041666718750003 0.5954166671875 0.30416666718749996 0.6154166671875 0.3291666671875 0.6316666671875 0.3133333328125
1 0.5650000000000001 0.3291666671875 0.5491666671875 0.3429166671875 0.5704166671875 0.36833333281249997 0.585 0.35625 0.5650000000000001 0.3291666671875
1 0.6545833328125 0.4341666671875 0.6329166671875 0.40625 0.6104166671875 0.4220833328125 0.6366666671875 0.44875 0.6545833328125 0.4341666671875