0 0.0007111546875 0.4143965828125 0.0027499765625 0.6965000015625 0.17018185624999999 0.5298672671875 0.0407042765625 0.41089748750000005 0.0157085984375 0.4338916359375 0.0007111546875 0.4143965828125
0 0.7930741734375 1 0.8515641203125 0.94029471875 0.7795764468749999 0.8717803796875 0.7380836828125 0.9092708515625001 0.5461168328125 0.7168197609375 0.42563771250000004 0.836789271875 0.3876442515625 0.796799434375 0.5531156687500001 0.609347075 0.48912671874999997 0.5453633203125 0.42613758125 0.608847171875 0.34415178750000003 0.5233689796875 0.1336881515625 0.736846440625 0.29915956875 0.8888077890625 0.30215908125 0.8863084234375 0.42863714843749995 1 0.7930741734375 1
0 0 0 0.0027499765625 0.20900000156249998 0.021707546875 0.2219137328125 0.0457034125 0.1784248015625 0.1271893375 0.21941436875 0.212674509375 0.0609546546875 0.1066928515625 0 0 0
1 0.2684245421875 0.6773260546875 0.28042249531249996 0.6884001828125 0.28965166875000004 0.675787984375 0.2761155203125 0.6656367328125 0.2684245421875 0.6773260546875
1 0.3831739390625 0.620725075 0.3647692171875 0.638615384375 0.3767135453125 0.6542549953125001 0.3970176984375 0.6348753203124999 0.3831739390625 0.620725075
1 0.3986153703125 0.690923078125 0.384096865625 0.70347325625 0.39763296875 0.7154702125 0.4080927265625 0.70470371875 0.3986153703125 0.690923078125
1 0.35553844687499997 0.72630769375 0.332105875 0.7465392343749999 0.3490260265625 0.7628428406250001 0.3699454484375 0.737926053125 0.35553844687499997 0.72630769375
1 0.2533502453125 0.7557676578125 0.2347692171875 0.7740000015625 0.24719746250000002 0.7877595328125 0.266271078125 0.7702255375 0.2533502453125 0.7557676578125
1 0.4639999859375 0.600923078125 0.47300455 0.613649940625 0.49392401875 0.5924245609375001 0.48223372343750004 0.5807352484375 0.4639999859375 0.600923078125
1 0.4874636265625 0.62472404375 0.499769190625 0.6348753203124999 0.5163816828125001 0.6176489328125 0.501614996875 0.6047291265625 0.4874636265625 0.62472404375
1 0.48254138125 0.8096001546875 0.4650059609375 0.8259037125 0.4883865046875 0.8446681453125 0.5013073859375 0.8317483625 0.48254138125 0.8096001546875
1 0.44938460156250004 0.8470769234375 0.43331912343749995 0.8609717046875 0.45577678749999995 0.88127425625 0.46777469531250004 0.8637402125 0.44938460156250004 0.8470769234375
1 0.41707690937499997 0.880153846875 0.399478821875 0.895424478125 0.42255175468750006 0.916034615625 0.43608785625 0.9006539078125 0.41707690937499997 0.880153846875
1 0.6154414671875 0.8157524374999999 0.5969831203125 0.8385158640625001 0.61205741875 0.8538965703124999 0.63236161875 0.8339016515625 0.6154414671875 0.8157524374999999
1 0.65512689375 0.8514356484375 0.6339999859375001 0.8740000015625 0.64559015625 0.88804175625 0.6680477734375 0.868354425 0.65512689375 0.8514356484375
1 0.6901978265625 0.8858884687499999 0.67169229375 0.9078461546875 0.6840450453125 0.925570671875 0.7061950046875001 0.901576759375 0.6901978265625 0.8858884687499999
2 0.7557249203125 0.91207478125 0.7309230624999999 0.9363076937500001 0.7449575515625 0.9514493296875 0.769261021875 0.9262249796875001 0.7557249203125 0.91207478125
1 0.5665268671875 0.9305316296875 0.5526831078125001 0.9406828578124999 0.5643734031250001 0.95114174375 0.5754483828125 0.9388371546875 0.5665268671875 0.9305316296875
1 0.5280719796875 0.9868249546874999 0.5209962703125 0.976673725 0.5049990453125 0.988978290625 0.5154587562499999 0.9969762296875 0.5280719796875 0.9868249546874999
2 0.022332234375000003 0.0859353515625 0.009103790625 0.1093140203125 0.00202808125 0.10531505156250001 0 0.1391526046875 0.09062815468749999 0.19083176562499998 0.1032413296875 0.16868355625 0.07955312812500001 0.150841928125 0.09278161874999999 0.12777086875000002 0.07124688125 0.11331301406250001 0.0779959515625 0.0985475265625 0.050635070312499995 0.0837820625 0.041405896875 0.09947037812500001 0.022332234375000003 0.0859353515625