0 1 0.27988908281249997 0.9867489265625 0.2878870296875 0.9500886 0.24989670625 0.650333303125 0.4870000015625 0.6354763578125 0.47650578125000004 0.6254780859375 0.47583924375000003 0.6108139765625 0.486503240625 0.6108139765625 0.5011662609374999 0.6221453296874999 0.5118301062499999 0.6414752796875 0.5151625921874999 0.6788021984375 0.5698154 0.6334766828125 0.6098051859375 0.6888006734375 0.6697899406250001 0.746790421875 0.6311331796874999 0.7761186437500001 0.6691235046874999 0.768786740625 0.675788478125 0.7681201484375 0.6884518843749999 0.77811841875 0.70178183125 0.7947822046875 0.70178183125 0.8081132312499999 0.6817869125 0.80611345625 0.6717894531249999 1 0.5118301062499999 1 0.27988908281249997
1 0.6985667062500001 0.477255675 0.680999984375 0.491833334375 0.690568109375 0.505248565625 0.7075651406250001 0.48958586562499995 0.6985667062500001 0.477255675
1 0.750224440625 0.4365993515625 0.731799984375 0.45016666718750004 0.74122600625 0.46192624374999997 0.7602227109374999 0.448596296875 0.750224440625 0.4365993515625
1 0.8202123374999999 0.4062737046875 0.8059666515625 0.389333334375 0.7905508203125 0.40560721875 0.7992159578125 0.41960365 0.8202123374999999 0.4062737046875
1 0.8862009375 0.3492881921875 0.876799984375 0.334333334375 0.8552062859375 0.34895494843749997 0.8665376406249999 0.36628386874999996 0.8862009375 0.3492881921875
1 0.9468571546875 0.3006338953125 0.9325262390625 0.2909696796875 0.9145293703125 0.3082986375 0.925194234375 0.318629315625 0.9468571546875 0.3006338953125
1 0.8095475249999999 0.6142208609375001 0.7902175234375 0.62621783125 0.801548878125 0.6458794812499999 0.8202123374999999 0.6318830484375 0.8095475249999999 0.6142208609375001
1 0.8845345578125 0.582562240625 0.8702036937500001 0.5649000515625 0.8498738546875 0.579896240625 0.8662043953125 0.598224915625 0.8845345578125 0.582562240625
1 0.8878673156250001 0.4919186203125 0.9025314265625 0.47958840468749997 0.886867478125 0.4639257296875 0.8685373140625 0.47625591875 0.8878673156250001 0.4919186203125
1 0.9285269921875001 0.5132465374999999 0.90763331875 0.529333334375 0.921194884375 0.5499038890625 0.942524509375 0.5339079953125 0.9285269921875001 0.5132465374999999
1 1 0.49025237656250004 0.984299984375 0.469333334375 0.96518731875 0.48658664687500003 0.9818511046875 0.5059150531250001 1 0.49025237656250004