0 0.0429411765625 0.7617647062499999 0.11235294062500001 0.8029411765625 0.14176470624999998 0.75470588125 0.09352941249999999 0.72470588125 0.11176470624999998 0.6988235296875 0.13588235312500002 0.71176470625 0.155882353125 0.6876470593749999 0.19941176562500001 0.7152941187499999 0.22176470625000003 0.67823529375 0.3311764703125 0.744117646875 0.3835294125 0.6629411765625 0.309411765625 0.6188235296875 0.35058823437500003 0.5388235296875 0.38647058749999996 0.5564705875 0.444117646875 0.46588235312500004 0.2 0.314117646875 0 0.484117646875 0.000588234375 0.8311764703125 0.0429411765625 0.7617647062499999
0 0.17058823437499998 0.9988235296875001 0.417647059375 1 0.46588235312500004 0.9264705875000001 0.33176470625 0.8488235296875001 0.254117646875 0.957647059375 0.21470588125 0.93470588125 0.17058823437499998 0.9988235296875001
0 0 0.997647059375 0.031764706250000004 0.9505882343750001 0 0.9270588234374999 0 0.997647059375
0 0.9988235296875001 0.857752940625 0.5270588234375 0.56470588125 0.427647059375 0.72176470625 0.8670588234375 1 1 0.9989294125000001 0.9988235296875001 0.857752940625
0 0.7194117656250001 0.25470588125 0.7470588234375 0.210588234375 0.66176470625 0.15529411875000002 0.677647059375 0.1335294125 0.695882353125 0.14529411875 0.71176470625 0.12235294062499999 0.7729411765624999 0.16529411875 0.80529411875 0.10941176562499999 0.7629411765625 0.0788235296875 0.772352940625 0.059411765625 0.8329411765625 0.095882353125 0.8676470593750001 0.048235293750000005 0.877647059375 0.05470588125 0.90823529375 0 0.52176470625 0.0011764703125 0.355882353125 0.15470588125 0.650588234375 0.34529411875 0.7082352937499999 0.24823529375 0.7194117656250001 0.25470588125
0 1 0.274117646875 0.92176470625 0.220588234375 0.89 0.27176470625000004 0.86 0.24823529375 0.770588234375 0.394117646875 1 0.5417647062500001 1 0.34176470625 0.9935294125 0.3329411765625 1 0.319411765625 1 0.274117646875
0 0.19529411875 0.0017294125 0 0 0.0029411765625 0.174117646875 0.19529411875 0.0017294125
1 0.0886363640625 0.625 0.074090909375 0.61318181875 0.06181818125000001 0.6204545453125 0.0772727265625 0.635909090625 0.0886363640625 0.625
1 0.0213636359375 0.5663636359375 0.0095454546875 0.5554545453124999 0.0009090906249999999 0.5631818187500001 0.0104545453125 0.575 0.0213636359375 0.5663636359375
1 0.9631818187500001 0.8927272734375 0.9486363640625 0.88318181875 0.9363636359375 0.90181818125 0.950909090625 0.9127272734374999 0.9631818187500001 0.8927272734375
1 0.9986363640624999 0.915 0.98681818125 0.9072727265625 0.975 0.9272727265625 0.99 0.9349999999999999 0.9986363640624999 0.915
1 0.5895454546875001 0.1127272734375 0.5727272734375 0.0977272734375 0.5618181812499999 0.11045454531250001 0.5609090906249999 0.11181818125000001 0.57818181875 0.1272727265625 0.5895454546875001 0.1127272734375
1 0.5331818187499999 0.0954545453125 0.53818181875 0.0863636359375 0.52318181875 0.07318181875 0.5145454546875 0.08318181875 0.5331818187499999 0.0954545453125
1 0.2622727265625 0.970909090625 0.24500000000000002 0.9595454546875001 0.23272727343750002 0.97681818125 0.2495454546875 0.9872727265625001 0.2622727265625 0.970909090625