0 0 0 0 0.28522103125 0.0042521984375 0.2698916234375 0.06357523281250001 0.32187838125 0.11090042343749999 0.2665591375 0.056243228125 0.217904815625 0.128897290625 0.12526168437500002 0.1868872421875 0.17458249374999998 0.2322127578125 0.12192919687499999 0.0735735046875 0 0 0
0 0.35152541875 0.030619065625000004 0.308199578125 0.09726879375 0.43884369375 0.181913953125 0.478836778125 0.1099323015625 0.35152541875 0.030619065625000004
0 0.594150190625 0.33320886562499996 0.378187475 0.6111382625 0.4148478015625 0.6411306390625 0.3821741453125 0.6874686953125 0.3375279 0.6498374203124999 0.29085662343749996 0.7074636140624999 0.47217126406250004 0.8630741515624999 0.6708036015625 0.6317996156250001 0.6848011203125 0.6397975625 0.870333303125 0.40200000156250004 0.72946004375 0.2712245984375 0.642141871875 0.370532703125 0.594150190625 0.33320886562499996
0 0.4741709375 0.3045494625 0.5041657515625 0.25789465312500004 0.4168474765625 0.2032418953125 0.3308623859375 0.3418733 0.3821868234375 0.3811966484375 0.43551093593749995 0.3098814609375 0.4741709375 0.3045494625
0 1 0.0759409 0.951421784375 0.0272865796875 0.974084490625 0.0039591734375 0.8581045875 0 0.8327755124999999 0.027953090625 0.8954315062499999 0.0666099796875 0.8174449109375 0.16058603437500002 0.7787850109375001 0.13126017031249998 0.7341259859375 0.180580978125 0.910095515625 0.3298763796875 1 0.2125728171875 1 0.0759409
0 0.3695223875 1 0.43551093593749995 0.912437359375 0.2528758921875 0.761142546875 0.20621729375000003 0.8204607140625001 0.25954140625 0.8564515265624999 0.184221078125 0.9450956843749999 0.12823069843749998 0.9077718984375001 0.08699996875 0.9653333343750001 0.136229396875 1 0.3695223875 1
1 0.422833821875 0.61615355625 0.43749793124999997 0.5974915125 0.42483339375 0.585494590625 0.40950279375000004 0.604156484375 0.422833821875 0.61615355625
1 0.45033330312500003 0.55866666875 0.46615966249999996 0.567499134375 0.47949069062499994 0.551503240625 0.461493721875 0.53617378125 0.45033330312500003 0.55866666875
1 0.500333303125 0.5370000015625 0.5188171828125 0.514845890625 0.49282171874999997 0.49751692031249994 0.47215858437499997 0.5168453515625 0.500333303125 0.5370000015625
1 0.6881213015625 0.47352302812499997 0.671457515625 0.49351794531250004 0.6967863875 0.510846865625 0.7134501734375001 0.490851946875 0.6881213015625 0.47352302812499997
1 0.5688085375 0.4775220015625 0.5403333031249999 0.44866666874999994 0.5188171828125 0.46952405468749997 0.5514781609375 0.49351794531250004 0.5688085375 0.4775220015625
1 0.5786666359375 0.440333334375 0.6021361078125 0.4188702703125 0.5781402171875001 0.40154135156250004 0.56147643125 0.42620173125000005 0.5786666359375 0.440333334375
1 0.630333303125 0.39533333437499996 0.6014695156250001 0.3735484359375 0.5814729734374999 0.3935433546875 0.607468540625 0.41687075937499996 0.630333303125 0.39533333437499996
1 0.8769999687500001 0.1770000015625 0.8634242375 0.1942183109375 0.8800880234375 0.21021425625 0.895418828125 0.197550796875 0.8769999687500001 0.1770000015625
1 0.8934190515625 0.01626355625 0.880754615625 0.0269275046875 0.9027507312499999 0.045589421875 0.9134155937499999 0.0242615296875 0.8934190515625 0.01626355625
0 0.8786666359374999 0.9970000015625 0.9994006843750001 1 1 0.8220587796875 0.8786666359374999 0.9970000015625