0 0 0.8277498781249999 0.03699996875 0.8686666687500001 0.1755558890625 0.7344402578125 0.1922196734375 0.752435665625 0.36618963125000004 0.5831453453125001 0.35419168437500004 0.5731478859375 0.39151850312500003 0.5358239984375001 0.40351644843749995 0.54715448125 0.65880565625 0.30188346250000003 0.47817018593749994 0.11459773749999999 0.41951374374999995 0.1072662515625 0.4148478015625 0.141924115625 0.425512665625 0.1525880875 0.3908520125 0.1939109234375 0.43817710156249995 0.24789719375 0.396850934375 0.2818885453125 0.36219028125 0.24989670625 0.2368785984375 0.3731987015625 0.238878271875 0.3838626484375 0.1695569671875 0.4558443234375 0.1622248609375 0.4491793515625 0.107567665625 0.498500159375 0.1195656125 0.5084976203125 0 0.6198026453125001 0.0515772875 0.6704564796875 0.08157210000000001 0.6437965875 0.096902803125 0.6611255578125 0 0.751102690625 0 0.8277498781249999
0 0.89209875 0.047948009375 0.9094289234374999 0.061277954687500004 0.9767506562499999 0.0032926875 0.7094635015625 0 0.6114804656249999 0.0912703328125 0.5841519203125001 0.056612520312500005 0.537493321875 0.10859925156250001 0.6848011203125 0.2725575734375 0.868102859375 0.1026007921875 0.8527720546875001 0.0906038203125 0.89209875 0.047948009375
0 0.9987469734375001 0.62380166875 0.9840827624999999 0.6024737765625 0.5786666359375 0.99866666875 0.8987642640625 1 1 0.8957325796875001 0.9987469734375001 0.62380166875
1 0.20713387968750002 0.564233565625 0.21146647343749997 0.5715650250000001 0.22379766562499998 0.5842284828125 0.23712869374999998 0.5732312687500001 0.220798153125 0.55556913125 0.20713387968750002 0.564233565625
1 0.162141634375 0.5179119984375 0.179138690625 0.5022493734375 0.1581423359375 0.47892191874999995 0.13814579375 0.49591759375000005 0.162141634375 0.5179119984375
1 0.2008016109375 0.48025491875000004 0.203801121875 0.47825543125000003 0.2201316125 0.4632592421875 0.2024679890625 0.44393081093750003 0.18280474375 0.46026 0.2008016109375 0.48025491875000004
1 0.280454534375 0.4472632984375 0.26433331875 0.46266666718750005 0.276121940625 0.4792551625 0.2937855625 0.465925215625 0.280454534375 0.4472632984375
1 0.22379766562499998 0.42326940625000004 0.2401666515625 0.4410000015625 0.2577917765625 0.42593537968749995 0.23979490781249999 0.411272434375 0.22379766562499998 0.42326940625000004
1 0.280999984375 0.36266666718749996 0.297784859375 0.37994708125 0.3084496734375 0.36661713749999997 0.2924524296875 0.34895494843749997 0.280999984375 0.36266666718749996
1 0.3257799984375 0.3482884625 0.3384444859375 0.336624771875 0.319114484375 0.316963071875 0.304117078125 0.3316260421875 0.3257799984375 0.3482884625
1 0.35433331875 0.3185000015625 0.36777275781249996 0.3082986375 0.352108809375 0.2906364375 0.3364448625 0.3042996265625 0.35433331875 0.3185000015625
1 0.660999984375 0.129333334375 0.6740531578125 0.1386115421875 0.6847179203125 0.1252815953125 0.672053484375 0.11361789375 0.660999984375 0.129333334375
1 0.9251666515625001 0.919333334375 0.909012528125 0.9345151703125 0.9286757734375 0.9528438453125 0.9446729671874999 0.932182440625 0.9251666515625001 0.919333334375
1 0.97433331875 0.869333334375 0.9586705875 0.8878603609375 0.976885496875 0.9048560109375 0.9915496062500001 0.8881935796875 0.97433331875 0.869333334375
1 0.9988816125 0.84887028125 0.99054971875 0.8578679843750001 1 0.8651666671875 0.9988816125 0.84887028125