0 0.00064174375 0.0382000859375 0.0002222015625 0.2524444453125 0.12550903124999999 0.1448396515625 0.081072271875 0.09151986875 0.05352149375 0.11018179531250001 0.00064174375 0.0382000859375
0 0.29303567343750003 0.0656639515625 0.25037635625 0.0132328515625 0.1424444234375 0.0991111125 0.22504741562500002 0.20340672187500003 0.3596908125 0.098100165625 0.31747589062500003 0.047890690624999996 0.29303567343750003 0.0656639515625
0 0.1410618984375 0.5589284 0.2192706234375 0.49583333749999997 0.24682140156250001 0.5256035359375 0.347692834375 0.44073625625 0.280148971875 0.354980259375 0.2997011875 0.34031730625 0.18949800781249998 0.1959095625 0 0.3487595765625 0.1126223984375 0.5042756093749999 0.10373504687499999 0.5118292984374999 0.1410618984375 0.5589284
0 0.6587502234375 1 0.7418468828125 0.9291977250000001 0.6947440265625 0.874100678125 0.6716368562499999 0.8949841781250001 0.6040929953124999 0.812782846875 0.6285331453125 0.7923436046875 0.5840964515625 0.7354126937500001 0.4992222125 0.8002851218749999 0.44989738125 0.73852306875 0.530772340625 0.667874315625 0.48855741874999997 0.6123328765625 0.4605622453125 0.6336608015625 0.3930183828125 0.5501264625 0.41923604531249997 0.5287985703125 0.37790984375000003 0.472368446875 0.19911109062500001 0.611333334375 0.3579133015625 0.8136715296875 0.3650232109375 0.8056735484375 0.41257053125 0.8665469874999999 0.4063494109375 0.874544934375 0.5067764484375 1 0.6587502234375 1
0 0.8324979828125001 0.129259834375 0.84182959375 0.1412567703125 0.9724737781250001 0.0097346484375 0.9706961984375001 0 0.7046666453125 0.0024444453125000002 0.7756188484375001 0.0666090953125 0.7662871015625 0.07505136875 0.822721840625 0.1350361234375 0.8324979828125001 0.129259834375
0 1 0.12259486093750001 0.86577775625 0.25466666875 0.912928409375 0.304326459375 0.8995973812500001 0.3300976671875 0.9311475093749999 0.359867865625 0.9453673265625 0.346982278125 0.9533658890625001 0.354980259375 0.959587009375 0.3496482953125 1 0.3949700953125 1 0.12259486093750001
1 0.16014284375 0.259428571875 0.1998375234375 0.3115232984375 0.228404034375 0.289243259375 0.1861256 0.2363995578125 0.16014284375 0.259428571875
1 0.1167090453125 0.402357365625 0.10214014062500001 0.3800773046875 0.0799770078125 0.38836091875 0.0969981640625 0.4154969234375 0.1167090453125 0.402357365625
1 0.1744285578125 0.4565714296875 0.185673015625 0.46976882187499996 0.1962426515625 0.45834315468750003 0.185673015625 0.44606053125 0.1744285578125 0.4565714296875
1 0.47276627187500003 0.6586324 0.471571415625 0.6601428578124999 0.48562119218750005 0.6754852859375 0.505617734375 0.65834680625 0.49190576718749995 0.6406369859375001 0.47276627187500003 0.6586324
2 0.4553406953125 0.8458003015625 0.45991135156249996 0.8515131359374999 0.4756229203125 0.872650625 0.5247572296875 0.8323751515625 0.5076173359375 0.80809560625 0.4553406953125 0.8458003015625
2 0.5698923328125 0.9132117375 0.615598715625 0.8709367796875 0.5598940625 0.8075243109375 0.5381835125000001 0.8263766796875001 0.5636076703125 0.858368540625 0.5410401625000001 0.878934734375 0.5698923328125 0.9132117375
2 0.47619419843750005 0.9083558796875 0.5156160046875 0.9566292875 0.535612546875 0.94149026875 0.5004757125 0.89721580625 0.5010470781249999 0.8975014437500001 0.49676210468750004 0.8909316984375 0.47619419843750005 0.9083558796875