0 0.048911121875000005 0.3731987015625 0.060909068749999996 0.39785908124999997 0.0895707984375 0.4045240546875 0.11689934531249999 0.39652610625 0.15089350625 0.47917172968750005 0.3161982765625 0.40918951562499994 0.2802044390625 0.3278768671875 0.3035337375 0.32054540625 0.27487200624999997 0.24856368125 0.25087621875 0.255228653125 0.24887654375 0.24923016874999998 0.2348789234375 0.256561678125 0.21354929843749998 0.1965769234375 0.0615755578125 0.2538956796875 0.09090388125 0.3372078390625 0.0602424765625 0.35120427187500003 0.048911121875000005 0.3731987015625
0 0.25699996875000003 0 0.31286551875 0.1399246796875 0.5781528953125 0.0266200921875 0.5628222953125 0 0.25699996875000003 0
0 0.8814338875000001 0 0.6921333296875 0.085938359375 0.7414580921875 0.1879124375 0.9660857937499999 0.087271359375 0.92342654375 0 0.8814338875000001 0
0 0.6536666359375001 0 0.6748028500000001 0.0519469828125 0.7967817765625 0 0.6536666359375001 0
0 0.3221971984375 0.5711484765625 0.160333303125 0.6353333343750001 0.26620692031250004 0.901731015625 0.42484607343749997 0.8364142609374999 0.3221971984375 0.5711484765625
0 0.6708036015625 1 0.615479815625 0.8710722015625001 0.46150640000000004 0.9317233921874999 0.48750196562500003 1 0.6708036015625 1
0 1 0.6404641015625 0.9880821109375001 0.6457961 0.9460892515625 0.53049205 0.8261099984375001 0.5844784203125 0.9427564937499999 0.85307669375 1 0.8304158265625 1 0.6404641015625
1 0.05974268125 0.4021640875 0.0846272265625 0.40838470156250006 0.11484423749999999 0.3968320890625 0.0930702515625 0.342623640625 0.0588538921875 0.35106597968750003 0.0495221796875 0.3755042125 0.05974268125 0.4021640875
1 0.2725947359375 0.24664803750000003 0.2502222015625 0.2557777796875 0.28103769375 0.33240401875000003 0.3032560734375 0.3226287375 0.2725947359375 0.24664803750000003
2 0.3014786296875 0.79275973125 0.24133331249999998 0.8146666687499999 0.2672623375 0.8927343234375 0.3312512453125 0.8700733875 0.3014786296875 0.79275973125
2 0.389019034375 0.758101859375 0.3302222015625 0.7791111125 0.3596908125 0.8571878015625 0.41879165 0.8376371734375001 0.389019034375 0.758101859375