0 0.22288107968749998 0.7644326359375 0.265540328125 0.7251092359375 0.3095327625 0.77776258125 0.3595241171875 0.7357732328125001 0.21421589062500002 0.544488584375 0.0236666359375 0.7070000015625 0.17022345625 0.8817360953125 0.265540328125 0.8070884203125 0.22288107968749998 0.7644326359375
0 0 0.9777117656250001 0.058909393750000004 0.9070630124999999 0.0975693953125 0.9437203640625 0.136229396875 0.9057300390625 0 0.77866666875 0 0.9777117656250001
0 0.43284477031249996 0.66779053125 0.3975175265625 0.6311331796874999 0.505498834375 0.539823021875 0.5388264046875 0.5791463203125 0.5781528953125 0.5464879953125 0.44350953281249994 0.3645342171875 0.25199996874999997 0.5220000015624999 0.24554378593749998 0.5198281046875 0.3928516875 0.70244836875 0.43284477031249996 0.66779053125
0 0.6874673875 0.183913465625 0.48199996875 0.325333334375 0.613480140625 0.520494590625 0.8207776687499999 0.3778641625 0.6874673875 0.183913465625
0 1 0.0806063859375 0.9540879484375001 0.0006266875 0.730333303125 0.15366666874999999 0.8821004796875 0.35387027031249996 1 0.2638931375 1 0.0806063859375
1 0.313555534375 0.5324444453125 0.33080691875 0.5176620515625 0.31925333437500003 0.502999165625 0.3032560734375 0.51677336875 0.313555534375 0.5324444453125
1 0.3810204046875 0.5860891125000001 0.3624444234375 0.566888890625 0.3414717140625 0.5820900875 0.35524713750000003 0.6047510218750001 0.3810204046875 0.5860891125000001
1 0.389111090625 0.571333334375 0.41257053125 0.5523198890625001 0.39612894375 0.534102371875 0.3761324015625 0.5523198890625001 0.389111090625 0.571333334375
1 0.5102222015625 0.5157777796875 0.5241068265625 0.5043321062499999 0.512108846875 0.48966922031250004 0.4961116546875 0.5025547734375 0.5102222015625 0.5157777796875
1 0.5405484140625 0.525215740625 0.5291110906250001 0.536888890625 0.5405484140625 0.5518756312499999 0.553435046875 0.5403229515625 0.5405484140625 0.525215740625
1 0.439111090625 0.5157777796875 0.4534523375 0.5043321062499999 0.4410100296875 0.48833614374999995 0.4294565125 0.5003331156249999 0.439111090625 0.5157777796875
1 0.6783023703125 0.40124717343749994 0.6202222015625 0.4457777796875 0.652084709375 0.49233513437500004 0.7102968921875 0.44923499062500005 0.6783023703125 0.40124717343749994
1 0.8013922515624999 0.2167931296875 0.78688886875 0.19688889062499998 0.7742858 0.2074621734375 0.78850548125 0.2243467859375 0.8013922515624999 0.2167931296875
1 0.86671420625 0.275889234375 0.8479999796875 0.296888890625 0.8600486937499999 0.3052151765625 0.880045234375 0.2914408375 0.86671420625 0.275889234375
1 0.8246666453125 0.20133333437499998 0.8378303125000001 0.18835590625 0.8231662359374999 0.1652506796875 0.8085020234375 0.17591464375000002 0.8246666453125 0.20133333437499998
1 0.8513333125000001 0.18355555625 0.86671420625 0.17147132812500002 0.8462732703125001 0.1461444109375 0.8324979828125001 0.15903003124999998 0.8513333125000001 0.18355555625
1 0.9222601562499999 0.1337031484375 0.9246666453125 0.12577777968749998 0.9422566984375 0.10704325781249999 0.9262594390625001 0.088825671875 0.9067072906250001 0.1074875828125 0.9222601562499999 0.1337031484375
1 0.9724444234374999 0.0880000015625 0.9844716218749999 0.0714967359375 0.9715849875 0.057278123437499995 0.9573651703125 0.0710524109375 0.9724444234374999 0.0880000015625
1 1 0.22345810156249998 0.9986914390624999 0.1896889140625 0.983555534375 0.2024444453125 1 0.22345810156249998