0 0 0.1534339203125 0.0152086546875 0.17142934062499998 0 0.1902500015625 0.1116919859375 0.304924434375 0.2061756171875 0.202450496875 0.12468976875 0.124470284375 0.149185503125 0.10397548125 0.13618772031249998 0.078481959375 0.1931779109375 0.0259953078125 0.1681822328125 0 0 0.00047278437500000004 0 0.1534339203125
0 0.30015938124999997 0.6178159078125 0.39114363124999996 0.52483950625 0.306158328125 0.443860103125 0.35814938281250003 0.3973719015625 0.33115400625 0.3698788890625 0.34565154374999996 0.3568822 0.2389999765625 0.2565250015625 0 0.498846128125 0.18667901874999998 0.7002949453125 0.28466210625 0.6018199875 0.30015938124999997 0.6178159078125
0 0 0.99878936875 0.2331709953125 1 0.22367259218750002 0.9887919093749999 0.2601662953125 0.957299896875 0.24316926562500002 0.9458028796875 0.2966600015625 0.891816584375 0.1289999765625 0.7240000015625 0.0567014953125 0.794841184375 0.07219884531250001 0.8128366421875001 0 0.888317490625 0 0.99878936875
0 0.998538675 0.8098373734375001 0.9745427328125 0.7853436296874999 0.8702499765624999 0.8915000015625001 0.95154683125 0.9742956234375001 0.9245513781250001 1 1 0.9992892718749999 0.998538675 0.8098373734375001
0 0.9775422453125 0.35645261562499997 0.77607714375 0.3569524984375 0.7680784968750001 0.5099136359374999 0.8655616390624999 0.5079141375 0.8689999765625 0.7077500015625 0.9935395390625 0.7088630515625 0.9975387874999999 0.49441754375 0.9735429968749999 0.49241808281250005 0.9775422453125 0.35645261562499997
0 0.9280508328125 0 0.9295505125 0.0404376203125 0.8489999765625 0.0440000015625 0.8435654734375 0.22289127031249997 0.9870405718749999 0.2193921359375 1 0.206395446875 1 0 0.9280508328125 0
1 0.0752499765625 0.1415000015625 0.09269525625 0.1549085546875 0.10519309531250001 0.1349136359375 0.088196065625 0.1259159078125 0.0752499765625 0.1415000015625
1 0.1177499765625 0.0402500015625 0.1321884734375 0.0519346953125 0.1411868546875 0.0424371578125 0.12668939375 0.029940334375 0.1177499765625 0.0402500015625
1 0.0322057625 0.1429115953125 0.0202499765625 0.1327500015625 0.005210384375 0.1449110953125 0.019207979687499998 0.15640815156250001 0.0322057625 0.1429115953125
1 0.037749976562499996 0.8865000015625 0.055701684375000005 0.9093121390625001 0.0642001984375 0.89981450625 0.0477030359375 0.8758206656249999 0.037749976562499996 0.8865000015625
1 0.0664999765625 0.8627500015624999 0.051202415625 0.8713217625 0.067699578125 0.8903169515625 0.0796975484375 0.8788198578124999 0.0664999765625 0.8627500015624999
1 0.082696984375 0.8408295593749999 0.0727499765625 0.8502500015625 0.0911955 0.8703220328124999 0.100693903125 0.8588249390625 0.082696984375 0.8408295593749999
1 0.0877499765625 0.8140000015625001 0.10569303906250001 0.7958409921875 0.0931952 0.7873430906250001 0.0791976046875 0.8013395484375 0.0877499765625 0.8140000015625001
1 0.1277499765625 0.7840000015624999 0.1416868 0.7978404546875 0.16018358593749998 0.77934516875 0.1441863671875 0.7648488078125 0.1277499765625 0.7840000015624999
1 1 0.1284787828125 0.9464999765625001 0.1290000015625 0.941548559375 0.22245494375 0.9900400828125001 0.22195504062500002 1 0.20795860156249998 1 0.1284787828125