0 0.566988196875 1 0.60069670625 0.959241459375 0.4013025625 0.8152781078125001 0.2659999734375 1 0.566988196875 1
0 0.5201391734375 0.8151691718749999 0.5527049515625 0.7620397999999999 0.59441204375 0.7877475515625 0.7378158515625 0.562661846875 0.6012679828125 0.4689714078125 0.6812542390625 0.25474013906250004 0.7395297703125 0.2787340234375 0.7800942203125001 0.17076145625 0.8189447484375 0.1964692078125 0.8406552109375 0.1399121875 0.931496609375 0.18618613281250002 0.9503505984375 0.12163109375 0.8595090234375 0.08106998125 0.8400838453125001 0.13591317812499998 0.7166765796875 0.0770710375 0.6921094703125 0.13020034375 0.5069985703125 0.04850686875 0.4110152375 0.2884458671875 0.44243837656249996 0.2964438 0.41272915781249997 0.3461454796875 0.4464376671875 0.360427565625 0.44700894375000005 0.3661403984375 0.49599997343749996 0.40600000156249993 0.28703660625 0.7174796796875 0.3933039796875 0.786033684375 0.41615717031250005 0.7494715828125 0.5201391734375 0.8151691718749999
0 0 0.250285715625 0.1013544296875 0 0 0.0010540109375000001 0 0.250285715625
0 0.54314283125 0 0.535565059375 0.014193546875 0.6544016703125 0.060467492187500006 0.6652569015625 0.0404725734375 0.7446718796875 0.07303570937500001 0.7783803015624999 0 0.54314283125 0
0 0.7840935984375 0.45076290781250006 0.7288571171875 0.5502857156250001 0.8280858859375 0.6192915046875 0.8943601749999999 0.535312865625 0.7840935984375 0.45076290781250006
1 0.5579999796874999 0.6880000015625 0.5396596921875 0.7189803453125 0.5836520578125 0.74786189375 0.60187115625 0.7207577125 0.5579999796874999 0.6880000015625
1 0.6479999796875 0.56355555625 0.596538690625 0.6341130984375 0.6356430546875 0.66210593125 0.684523490625 0.588346871875 0.6479999796875 0.56355555625
1 0.6024444234375 0.49466666875 0.592095015625 0.50925588125 0.61831274375 0.526140459375 0.629421934375 0.5110332140625 0.6024444234375 0.49466666875
1 0.46811648124999994 0.5528003499999999 0.45799997968749995 0.566888890625 0.4730045515625 0.5799046 0.483669346875 0.5634643125000001 0.46811648124999994 0.5528003499999999
1 0.48688886875000004 0.521333334375 0.47433759999999997 0.5385817546875 0.4934454203125 0.547912709375 0.5098870093750001 0.533249790625 0.48688886875000004 0.521333334375
1 0.513555534375 0.48688889062499996 0.50322149375 0.5012578999999999 0.5192187546875 0.5083671984375 0.5285505015624999 0.49859191875000003 0.513555534375 0.48688889062499996
1 0.5445476953124999 0.21993960625 0.536993459375 0.239490165625 0.565432959375 0.2523757875 0.573875984375 0.23104789375 0.5445476953124999 0.21993960625
1 0.7202222015624999 0.1457777796875 0.683190440625 0.254096725 0.7391807859374999 0.2772019171875 0.7809513140625 0.1647860296875 0.7202222015624999 0.1457777796875
1 0.7313333125 0.00022222343749999998 0.721850340625 0.019045276562499998 0.7436244624999999 0.030153565625 0.7520674203125 0.0110473296875 0.7313333125 0.00022222343749999998
1 0.6156465109375 0.0110473296875 0.59688886875 0.00466666875 0.58942885 0.025265925 0.6080922765625 0.030597890625000002 0.6156465109375 0.0110473296875
2 0.40412757343749994 0.67102079375 0.3925739890625 0.692348684375 0.3663563265625 0.6741311 0.3512477875 0.6945703437499999 0.43799997968750004 0.7557777796875 0.452563615625 0.732782846875 0.42812339687499995 0.7150095859375 0.4387881921875 0.69323736875 0.40412757343749994 0.67102079375
2 0.47078271406249994 0.6883496953125 0.46100657187499994 0.7070116390625001 0.48677990624999995 0.7234518921875 0.497000375 0.70523430625 0.5156638015625 0.7154539453125001 0.549435765625 0.6639114609375001 0.4679999796875 0.6202222234375 0.4458981015625 0.6559135140625 0.471671434375 0.67102079375 0.4614509671875 0.6816847218750001 0.47078271406249994 0.6883496953125