0 0.18822032500000002 0.1192632234375 0 0.28588751874999996 0.000333303125 0.5120000015625 0.09157037031250001 0.4398484296875 0.1135665875 0.46384232187499996 0.33219546875 0.2912195171875 0.18822032500000002 0.1192632234375
0 0.69080014375 0.32521086875 0.52749505 0.4691742703125 0.64814079375 0.617803234375 0.8154453374999999 0.46984080781250004 0.69080014375 0.32521086875
0 1 0.3565362703125 0.9840827624999999 0.32321140625 0.8219999687499999 0.4670000015625 0.963419628125 0.62780069375 1 0.5978083671875 1 0.3565362703125
0 0.8994306515625 1 0.8294427546875 0.9170604718750001 0.85943756875 0.896399015625 0.7494565875 0.7537686390625 0.8347752875 0.6864523734375 0.7536666359375 0.5786666687500001 0.6321436015625 0.6764549140625 0.7074639296874999 0.7697645328125 0.599482621875 0.8570757171875 0.7114632796875 1 0.8994306515625 1
0 0.22288107968749998 0.9037305265625 0.175333303125 0.9370000015625 0.21288280781250002 0.9910417109375 0.2588748140625 0.9597162578124999 0.22288107968749998 0.9037305265625
1 0.044178681250000004 0.42391922031249996 0.02219998125 0.43920000156250005 0.03697994375 0.45911025937499994 0.05857618437499999 0.443114325 0.044178681250000004 0.42391922031249996
1 0.042199981250000004 0.2742000015625 0.0661748765625 0.26036076874999997 0.0525772234375 0.24276524843749997 0.03697994375 0.257561490625 0.042199981250000004 0.2742000015625
1 0.136162775 0.4059237953125 0.11319998125 0.42220000156250004 0.1245648046875 0.44151472500000005 0.14616104531250002 0.4191204234375 0.136162775 0.4059237953125
1 0.15819998125 0.41520000156250003 0.1781555125 0.3987256125 0.1649577828125 0.3815299703125 0.143761496875 0.39992531875 0.15819998125 0.41520000156250003
1 0.273339065625 0.297551328125 0.25219998125 0.3122000015625 0.26494049375 0.32794361250000004 0.28493703593749997 0.31354724843750004 0.273339065625 0.297551328125
1 0.15975873125 0.32288041875 0.1613584296875 0.32354470625 0.176155859375 0.305284884375 0.1689570921875 0.29088854999999997 0.14896055 0.30568477656250004 0.15975873125 0.32288041875
1 0.08219998125 0.25018000156250003 0.090170728125 0.2429007453125 0.0789726828125 0.22690481093749998 0.06577495312500001 0.2357025625 0.08219998125 0.25018000156250003
1 0.12019998125 0.2191800015625 0.1313636171875 0.2125084453125 0.114566534375 0.1973123265625 0.10496815625 0.204510478125 0.12019998125 0.2191800015625
1 0.16519998125 0.1831800015625 0.1517601140625 0.1665201328125 0.126964353125 0.18411566875000002 0.1405620390625 0.20011160156250002 0.16519998125 0.1831800015625
1 0.56528858125 0.465714940625 0.54519998125 0.4782000015625 0.5656885359375 0.504105178125 0.585685078125 0.486909565625 0.56528858125 0.465714940625
1 0.586884821875 0.5276992484374999 0.6008824015625 0.5400960312499999 0.6124804312500001 0.52569975625 0.5996826578125 0.5129029593750001 0.586884821875 0.5276992484374999
1 0.61819998125 0.5592000015624999 0.6348765843749999 0.588083834375 0.6496739515625001 0.57168806875 0.6332768843750001 0.5508933046875 0.61819998125 0.5592000015624999
1 0.7436577 0.4501188984375 0.7708530703124999 0.47331301562499994 0.7908496125 0.45131860625 0.7716528593749999 0.43132368750000005 0.7436577 0.4501188984375
1 0.7188620609374999 0.413728153125 0.732859640625 0.42892430312499996 0.750856528125 0.41132876874999996 0.7372589046875 0.39613261875 0.7188620609374999 0.413728153125
1 0.678069065625 0.3689395484375 0.6991999812499999 0.3912000015625 0.7196618484374999 0.3741382078125 0.7028648265624999 0.35134401406250004 0.678069065625 0.3689395484375
1 0.8800341421875 0.43172357968749997 0.8620372546875 0.4453201296875 0.8752350453125001 0.4713135234375 0.8968312859375001 0.44811940625 0.8800341421875 0.43172357968749997
1 0.972018234375 0.3857352671875 0.95419998125 0.3682000015625 0.936024459375 0.387734759375 0.9548212578124999 0.40373069375000004 0.972018234375 0.3857352671875
1 0.9501999812499999 0.5862000015625 0.96921879375 0.6040797703125 0.9888153796875001 0.586884128125 0.9724181906249999 0.5656895937499999 0.9501999812499999 0.5862000015625