0 0.3788540671875 0.555818915625 0.46017331875 0.4558443234375 0.31753135781249997 0.350537784375 0.15366663593750002 0.550333334375 0.3288627125 0.6791209640625 0.40684920625 0.577146859375 0.3788540671875 0.555818915625
0 0 0.17866666874999998 0.0902372890625 0.0666099796875 0 0 0 0.17866666874999998
0 0.10823415624999999 1 0.20888345937500002 0.8857351203125001 0.011584203125000001 0.7237762609375 0 0.73866666875 0.0049186890625 0.9563837703125 0.06357523281250001 1 0.10823415624999999 1
0 0.269539678125 0.89040058125 0.1736666359375 1 0.3268630375 0.9970401453125 0.35819093281250003 0.96704776875 0.269539678125 0.89040058125
0 0.4568405609375 1 0.535493646875 0.9990396578125 0.4848357 0.9623823078125 0.4568405609375 1
0 0.8734351874999999 1 0.9847493546875 0.858408690625 0.78878328125 0.70378134375 0.7474570140625 0.751102690625 0.8067800484375001 0.7957579875 0.7094635015625 0.9103954999999999 0.66080533125 0.8650736640625001 0.61199996875 0.9253333343750001 0.7134628515625 1 0.8734351874999999 1
0 1 0.482504215625 0.99608060625 0.46584178437499996 0.9600868703125001 0.5098306453125 0.99808038125 0.55315296875 0.962086646875 0.6038067515625001 0.9007638375000001 0.5551524296875 0.8827668671875 0.5578185296875 0.8607707515625 0.5631504265625 0.8494392968750001 0.5798128593749999 0.8527720546875001 0.6064726984375 0.8541052375 0.62646761875 0.8186666359375 0.66866666875 1 0.823084315625 1 0.482504215625
0 0.5394929953125 0.43784891875 0.47817018593749994 0.507831234375 0.5408260796875 0.5551524296875 0.59481668125 0.4845038296875 0.5394929953125 0.43784891875
0 0.3436666359375 0.315333334375 0.4868353734375 0.4311839453125 0.6468077109375 0.236566759375 0.501499484375 0.1192632234375 0.3436666359375 0.315333334375
0 0.599482621875 0 0.5286666359375001 0.08200000156250001 0.6681373359375 0.197243409375 0.8321091234375 0.0006266875 0.599482621875 0
1 0.2846666453125 0.5446666687499999 0.2694841765625 0.5758694734375001 0.29170255625 0.586533403125 0.3099215875 0.5607622625 0.2846666453125 0.5446666687499999
1 0.4546666453125 0.33466666875 0.44767554374999996 0.3488160734375 0.46722775937499994 0.3612573359375 0.4730045515625 0.347927390625 0.4546666453125 0.33466666875
1 0.4713333125 0.3191111125 0.4890017453125 0.327488146875 0.497000375 0.317268509375 0.485446790625 0.308381878125 0.4713333125 0.3191111125
1 0.280148971875 0.9251705375 0.26688886875 0.916888890625 0.2588193125 0.9349458171875 0.27081729375 0.9438324484375 0.280148971875 0.9251705375
1 0.29466664531250003 0.9713333343749999 0.30947725937500004 0.9816006265624999 0.3259188484375 0.9584954015625 0.3099215875 0.9482757625 0.29466664531250003 0.9713333343749999
1 1 0.4957777796875 0.9871378546875 0.5101648562500001 1 0.5181628375 1 0.4957777796875