0 0.0975693953125 0 0.044911773437500004 0.0372840375 0.08690453125 0.085938359375 0.1395621546875 0.0406165234375 0.1768889703125 0.0879378453125 0.1302303734375 0.13192665625 0.1768889703125 0.17324954374999998 0.22288107968749998 0.12992722031249998 0.2642072453125 0.17658200468750002 0.21821513750000002 0.217904815625 0.260207896875 0.2638931375 0.3062000046875 0.217904815625 0.3441934140625 0.2678921125 0.2988678984375 0.30854843593750003 0.3375279 0.3525372453125 0.38418649843749997 0.3098814609375 0.430333303125 0.370333334375 0.565488459375 0.24789719375 0.3928516875 0.05861195625 0.42484607343749997 0.0266200921875 0.39018542031250003 0 0.35485817656249996 0 0.3415271484375 0.0119571453125 0.3288627125 0 0.0975693953125 0
0 0.4828361265625 1 0.551490840625 0.9357647625000001 0.39618444375 0.756476984375 0.21021654218750002 0.9337652515625001 0.233545840625 0.9624246546874999 0.2028845375 0.9990820046875 0.4828361265625 1
0 1 0.8204607140625001 0.9394237375 0.7431470390625 0.871435615625 0.8204607140625001 0.88943238125 0.6698323390625001 0.7021316 0.646504934375 0.69879884375 0.6798297984375 0.6281442515625 0.6778303875 0.6294774359375 0.6498374203124999 0.51699996875 0.6370000015625 0.498166728125 0.7744724421875 0.5588229453125 0.7818038515625 0.55415710625 0.8764464437499999 0.8007811265625 0.898440875 0.8034472906250001 0.8644495750000001 0.8474397234375 0.866448984375 0.8774345374999999 0.8971079015625 0.8127789703125 0.95775919375 0.8474397234375 1 1 1 1 0.8204607140625001
1 0.3423604359375 0.9476236234375 0.32280828906250003 0.9667298921875 0.33436180625 0.9858361609375 0.35613585937500003 0.9680629 0.3423604359375 0.9476236234375
1 0.43123395625 0.8716429734375 0.413903646875 0.88497291875 0.428567790625 0.9054121281249999 0.4458981015625 0.890304884375 0.43123395625 0.8716429734375
1 0.588095734375 0.8463161250000001 0.57577775625 0.8457777796875 0.5707654234375 0.86186769375 0.5867626171875 0.8627563437499999 0.588095734375 0.8463161250000001
1 0.5249955484375 0.73390016875 0.5241068265625 0.7503404546875 0.5489913703125 0.7538950875 0.549435765625 0.7352331765625 0.5249955484375 0.73390016875
1 0.57577775625 0.7457777796875 0.6014267624999999 0.745897140625 0.6014267624999999 0.72234755625 0.5765421484375 0.7201258984375001 0.57577775625 0.7457777796875
1 0.6146666453125 0.8002222234374999 0.6143133953125 0.8249881296874999 0.6347544 0.8267654625 0.6356430546875 0.799661315625 0.6146666453125 0.8002222234374999
1 0.733555534375 0.75466666875 0.732515271875 0.7845539687499999 0.76006598125 0.7867756265625 0.7622878203125001 0.7583384015625 0.733555534375 0.75466666875
1 0.9446666453124999 0.7780000015625 0.919593925 0.7983282390625 0.9413680453125 0.8165458578125 0.9649194734375 0.79255195 0.9446666453124999 0.7780000015625
1 0.9862490656249999 0.818767515625 0.9618088468750001 0.8414284171874999 0.9791392921875 0.8605346859375 0.99958009375 0.83476344375 0.9862490656249999 0.818767515625
1 0.9147059890625 0.948512340625 0.9035555343749999 0.9624444453125 0.9169278265624999 0.9822814953125001 0.9329249531249999 0.9689515484375001 0.9147059890625 0.948512340625
2 0.10862311875 0.003249790625 0.179111090625 0.0780000015625 0.2334903734375 0.025910690625 0.20905015468750002 0.0005837734375 0.1166216796875 0 0.10862311875 0.003249790625