0 0.125764609375 0.9430889171875 0.03817971875 0.8487129078125 0.00019998124999999999 0.8792000015625 0 0.9982749046875 0.187353934375 0.9998744734375 0.125764609375 0.9430889171875
0 0.37919998125 0.5412000015625 0.41811401875 0.58472916875 0.5164970296875 0.5007505125 0.47490418593749995 0.45876118281249995 0.37919998125 0.5412000015625
0 0.664871396875 0.7030990796875 0.8756348781250001 0.5255441984375 0.7000652625 0.3211961390625 0.52019998125 0.47320000156250003 0.6532734265625 0.6319171890625 0.6268779671875 0.656710875 0.664871396875 0.7030990796875
0 0.64419998125 0.7072000015625 0.568887934375 0.7778800625 0.6136802375 0.8226687296874999 0.690466946875 0.756685528125 0.64419998125 0.7072000015625
0 0.7828509953125 0.7330914578125001 0.9620199640625 0.9342403484374999 0.998013740625 0.8990492796874999 0.99921360625 0.5759314171875001 0.9496220843750001 0.5231448140625 0.8056469796875 0.6491127999999999 0.83564179375 0.6831041625000001 0.8296428312499999 0.687902959375 0.8304427406249999 0.6911021296875 0.7828509953125 0.7330914578125001
0 0.3425271140625 0.328318096875 0.4653058703125 0.46148426562499995 0.66847075 0.2843292765625 0.59688309375 0.19835111249999998 0.5692878890624999 0.2207454296875 0.4785036 0.11312194687499999 0.4901015703125 0.1003252125 0.41931382343749996 0.021545215625 0.3369280453125 0.094726628125 0.36332350468749997 0.13071748125 0.2593414859375 0.22389381249999998 0.2973349171875 0.271932434375 0.3441268125 0.23074289062500003 0.390118859375 0.28392938437500004 0.3425271140625 0.328318096875
0 0.00098616875 0.030742890625 0.17619998125 0.2222000015625 0.3929183625 0.0363414734375 0.3561247375 0 0.00098616875 0.0019502343750000001 0.00098616875 0.030742890625
1 0.07577322343750001 0.9223196218749999 0.05719998125 0.9362000015625 0.07377357031250001 0.95711076875 0.09257030625 0.9411148328125 0.07577322343750001 0.9223196218749999
1 0.93619998125 0.7012000015625001 0.9212270921875 0.7183206375 0.940823678125 0.73831555625 0.9556210453125 0.721119915625 0.93619998125 0.7012000015625001
1 0.9820165062499999 0.78270426875 0.995214296875 0.79470128125 0.99719998125 0.7632000015625 0.9820165062499999 0.78270426875
1 0.92219998125 0.8232000015625 0.9072295125000001 0.8362906562499999 0.9212270921875 0.8486875609375 0.934824715625 0.83789025625 0.92219998125 0.8232000015625
1 0.92719998125 0.8592000015625001 0.9392239796874999 0.8742810015625 0.9520216937500001 0.861884128125 0.9388240234375 0.8482876078125001 0.92719998125 0.8592000015625001
1 0.95219998125 0.8852000015625 0.97001858125 0.9034735953125 0.9776172437499999 0.8890772296874999 0.9652194843749999 0.8758805703125001 0.95219998125 0.8852000015625
1 0.86719998125 0.7912000015625 0.879234353125 0.8050985718750001 0.89043236875 0.79190194375 0.88123400625 0.77990499375 0.86719998125 0.7912000015625
1 0.8616372984374999 0.7587103671875 0.84919998125 0.7692000015625 0.8592378109375 0.785103653125 0.8732353906249999 0.77230691875 0.8616372984374999 0.7587103671875
1 0.4673055234375 0.3903531453125 0.44719998125 0.40420000156249997 0.46570582656250004 0.424344521875 0.48370271249999996 0.4111478625 0.4673055234375 0.3903531453125
1 0.432511553125 0.3547622 0.42019998125 0.3702000015625 0.432511553125 0.395951759375 0.450508440625 0.37795633125 0.432511553125 0.3547622
1 0.38419998125 0.34120000156249997 0.40131693437499993 0.3587611828125 0.420513628125 0.3399659875 0.4041164390625 0.32476982187500003 0.38419998125 0.34120000156249997
1 0.51719998125 0.3672000015625 0.5268951953125 0.37555691874999997 0.5428924296875001 0.363160059375 0.5324942640625 0.352362815625 0.51719998125 0.3672000015625
1 0.19135324375 0.13908993281249998 0.1493605046875 0.0931016203125 0.1249646984375 0.111496940625 0.16855719687499998 0.1634837578125 0.19135324375 0.13908993281249998
1 0.02419998125 0.0012000015625000002 0.0581762609375 0.0379156640625 0.0809723375 0.019520315625 0.065375028125 0 0.02419998125 0.0012000015625000002