0 0.329329384375 0.7655086265625 0.35812439218750003 0.7691077187500001 0.364523309375 0.6543368984375 0.3357283015625 0.651937515625 0.340527459375 0.6035498046875001 0.3193311125 0.5991509125000001 0.32453022656249997 0.5555619984375 0.274938765625 0.549163615625 0.27093945625 0.5951519296875001 0.08977080312499999 0.5763567015625 0.08057238125 0.6259441203125 0.0209827109375 0.6199456453125001 0.00619998125 0.7412000015625 0.071373990625 0.7479131234375 0.070974065625 0.761909565625 0.32573003125 0.7891026375 0.329329384375 0.7655086265625
0 0.8621999812500001 0 0.8980310296875 0.077930909375 0.82364386875 0.11072256250000001 0.8892326234375 0.2742810015625 0.9584206109375 0.245088409375 0.9648195296875001 0.2546860375 1 0.23749033281249998 1 0 0.8621999812500001 0
0 0.738858603125 0.7911275375 0.7964486203125001 0.676756609375 0.6940663 0.62037093125 0.6852678953125 0.6427652484374999 0.47570409687500004 0.52999390625 0.38519998125 0.6972000015625001 0.6128803265625 0.8203201296874999 0.65007390625 0.7463389312500001 0.738858603125 0.7911275375
0 0.6428752015625 0.996675334375 0.8288430437500001 1 0.8376414484374999 0.9154959234375 0.8928319765625 0.9222942140624999 0.9004306390625001 0.8435142171875001 0.7332595953125 0.8283180968750001 0.7228613687500001 0.8935015125 0.6548731265625001 0.8859034687499999 0.6428752015625 0.996675334375
1 0.5787142734375 0.6487142859375 0.5694878921875001 0.6682222624999999 0.59062711875 0.677362809375 0.5994827484374999 0.6582248046875 0.5787142734375 0.6487142859375
1 0.8822857015625001 0.174428571875 0.8887995406250001 0.1923297796875 0.9205083593750001 0.1797615625 0.9119384125 0.1617661265625 0.8822857015625001 0.174428571875
1 0.8770872625000001 0.1680502359375 0.8794285578125001 0.167285715625 0.9099387234374999 0.15776711875 0.901368778125 0.1397717265625 0.8719453296875 0.15233994374999998 0.8770872625000001 0.1680502359375
1 0.871571415625 0.1465714296875 0.901654459375 0.13662965 0.8945128375 0.1206337203125 0.86480370625 0.13234502343750001 0.871571415625 0.1465714296875
1 0.8594285578124999 0.10942857187499999 0.865375028125 0.126917871875 0.8939415171875 0.1157777984375 0.8862285734375 0.098924934375 0.8594285578124999 0.10942857187499999
1 0.9622857015624999 0.19585714375000002 0.97164235625 0.22060829062499998 0.989353571875 0.21403856562499998 0.9776413375 0.1863312875 0.9622857015624999 0.19585714375000002
1 0.9544285578125 0.1030000015625 0.9613584046874999 0.1197768296875 0.9836402734374999 0.10835116250000001 0.976784334375 0.093497759375 0.9544285578125 0.1030000015625
1 0.9702140328125 0.07293154375000001 0.9476465234375 0.08207209062500001 0.9533598218750001 0.09606851718750001 0.9764986515625 0.0886418375 0.9702140328125 0.07293154375000001