0 0.17888864531249998 0.5271595640625 0.1089007484375 0.607805775 0.132896640625 0.6311331796874999 0.09090388125 0.673788965625 0.26754000312500004 0.8304158265625 0.38018715 0.70244836875 0.17888864531249998 0.5271595640625
0 0.34699996875 0.215333334375 0.256875140625 0.313880434375 0.43417785468750003 0.47383978125 0.5228292109375 0.3645342171875 0.34699996875 0.215333334375
0 0.6674708453125 0.2998840015625 0.560333303125 0.2120000015625 0.482169534375 0.3092149234375 0.5808191625 0.39652610625 0.6674708453125 0.2998840015625
0 0.668803928125 0.6004742656250001 0.7447908484375 0.4991666484375 0.6621384140625 0.4298509703125 0.6441415453125 0.45184535156249994 0.59481668125 0.4145215125 0.5628222953125 0.44784637656250004 0.478836778125 0.5551524296875 0.5668215437499999 0.6324661546875 0.6261446796875 0.5724813484375 0.668803928125 0.6004742656250001
0 0 0.8550762046875 0.10423490937499999 0.9370553906250001 0.16889037499999998 0.8590752296874999 0.082905284375 0.769098096875 0.1148996703125 0.726442209375 0.020333303125 0.64866666875 0 0.6664574546875001 0 0.8550762046875
1 0.031580745312500005 0.9990396578125 0.045578365625 0.9837102 0.0236666359375 0.9653333343750001 0.014916959375 0.96504825625 0.0109177125 0.9797111765625001 0.031580745312500005 0.9990396578125
0 0 0.997706684375 0.0602424765625 1 0.086238040625 0.9863761484375001 0 0.89866666875 0 0.997706684375
0 0.7754522546875 1 0.6694705203125 0.921059496875 0.6069999687500001 1 0.7754522546875 1
0 0.9307586499999999 1 0.992081459375 0.9170604718750001 0.8286666359374999 0.77366666875 0.7094635015625 0.902397553125 0.8347752875 1 0.9307586499999999 1
0 1 0.651794534375 0.9734178984374999 0.613804209375 0.8900989734375001 0.70444788125 0.846106540625 0.6697899406250001 0.81677831875 0.6704564796875 0.800114534375 0.69644983125 0.8014477187500001 0.7224432875 1 0.9083959875 1 0.651794534375
0 1 0.065333334375 0.935424590625 0.1478802546875 1 0.21452998281250002 1 0.065333334375
0 0.9420901046875001 0 0.71412944375 0.003250390625 0.7086666359375 0.0020000015625 0.7861169140625 0.06656760625 0.8454401515625 0.002583853125 0.9027634093750001 0.040574203125 0.9420901046875001 0
1 0.90409659375 0.045239664062500004 0.951421784375 0 0.85699996875 0.005333334375 0.90409659375 0.045239664062500004
1 0.79744836875 0.7171112890625 0.840774209375 0.7557681515625 0.8886666359375001 0.705333334375 0.8427737828125 0.6651244796875 0.8187780953124999 0.6684569671875 0.79744836875 0.69644983125 0.79744836875 0.7171112890625
1 0.20199996874999998 0.6003333343749999 0.216215565625 0.613137671875 0.235545515625 0.59447588125 0.2188817296875 0.5804793453125 0.20199996874999998 0.6003333343749999
1 0.25699996875000003 0.7720000015624999 0.24820995156249998 0.786426965625 0.2635406546875 0.8004234484375001 0.2742055171875 0.789093015625 0.25699996875000003 0.7720000015624999
1 0.2836666359375 0.73866666875 0.27153925 0.7584341 0.29020270937500003 0.7717640453125 0.2988678984375 0.7624331234375 0.2836666359375 0.73866666875
1 0.3268630375 0.7351066953125 0.3121989265625 0.7131122640625 0.29620173437499997 0.730441234375 0.3161982765625 0.7517691265625001 0.3268630375 0.7351066953125
1 0.28866663593749997 0.6770000015625001 0.30220065625000003 0.6891184234375001 0.3195310328125 0.6644580437500001 0.30220065625000003 0.6564599953125 0.28866663593749997 0.6770000015625001