0 0 0.03928355 0.000333303125 0.26366666875 0.572820565625 0.0246206046875 0.56482186875 0.0012932 0.11156691249999999 0.0012932 0 0.03928355
0 0.5748201390625 0.55181994375 0.6141467328125 0.5371570234374999 0.592150515625 0.48383724062500005 0.6121470578125 0.4778387546875 0.59681635625 0.45451135000000004 0.57548673125 0.39585956875 0.404183040625 0.46117632343750004 0.42018023437499996 0.51316313125 0.25554205625000004 0.5718148609375 0.2402113546875 0.524493665625 0.1286666359375 0.5720000015625 0.2308796765625 0.8350812875000001 0.6241450046875 0.6811204765625 0.5748201390625 0.55181994375
0 0.053576962500000005 0.8664066390625 0.002919115625 0.7164447515625 0 0.8853333343750001 0.053576962500000005 0.8664066390625
0 1 0.32187838125 0.9214269703125 0.3545367578125 0.8887659937500001 0.257228165625 0.7436666359374999 0.310333334375 0.8587711796875 0.5878109078125 0.997413790625 0.5271595640625 1 0.32187838125
1 0.13699996875 0.14200000156249998 0.14422799375 0.1639185203125 0.1755558890625 0.151921575 0.16555761875 0.126594734375 0.13699996875 0.14200000156249998
1 0.2115496234375 0.6871189109375 0.20199996874999998 0.665333334375 0.184221078125 0.6644580437500001 0.19355275624999999 0.6937838843749999 0.2115496234375 0.6871189109375
1 0.34199996875 0.6986666687499999 0.3488592546875 0.7177778265625 0.3708554703125 0.7077803671875 0.3628568734375 0.6871189109375 0.34199996875 0.6986666687499999
1 0.284870278125 0.6457961 0.2736666359375 0.6270000015625 0.25487546562499996 0.62713415625 0.265540328125 0.653794046875 0.284870278125 0.6457961
1 0.4281788296875 0.654460584375 0.435333303125 0.665333334375 0.444176125 0.6917843718750001 0.46617234218750003 0.677787990625 0.4541743953125 0.6497950234375 0.4281788296875 0.654460584375
1 0.47350434531249996 0.54582145625 0.45533330312500003 0.5520000015625001 0.46150640000000004 0.575813834375 0.476837103125 0.5691488625 0.47350434531249996 0.54582145625
1 0.52699996875 0.540333334375 0.535493646875 0.5618174015624999 0.5588229453125 0.55448604375 0.54749159375 0.5251600515625 0.52699996875 0.540333334375
1 0.8347752875 0.4438474046875 0.830333303125 0.41866666874999997 0.8094462124999999 0.426518484375 0.8161117265625 0.4491793515625 0.8347752875 0.4438474046875
1 0.8686666359374999 0.31866666875 0.8847666437499999 0.3378743265625 0.9034300015625 0.3298763796875 0.8954315062499999 0.3105479484375 0.8686666359374999 0.31866666875
1 0.9603333031249999 0.39366666875 0.9700851421875001 0.4205199984375 0.988748703125 0.4131885390625 0.978083840625 0.387861621875 0.9603333031249999 0.39366666875