0 0 0.4398475390625 0.10551249062500001 0.5758130109375 0.296590559375 0.42026874843749995 0.25615314843750003 0.3722809296875 0.2192706234375 0.4016068375 0.1752782578125 0.35228601249999997 0.22682485937500002 0.311851884375 0.11795479687499999 0.17144309687499998 0.1277308703125 0.16788843125 0.023748878125 0.034588975 0 0.050222223437500005 0 0.4398475390625
0 0.485446790625 0.780318434375 0.6454191953125 0.6581272671875 0.6032042046874999 0.6016971437499999 0.5116645203125 0.6719015374999999 0.5192187546875 0.6816768171875001 0.5107757984375 0.6905634484375 0.4738932734375 0.6434643125 0.4339001890625 0.679010834375 0.3530252984375 0.5714826203125 0.3925739890625 0.5412680640625 0.3570245796875 0.4977236125 0.3668006546875 0.483504965625 0.37702112187500003 0.492391596875 0.48855741874999997 0.398637653125 0.45478545312499996 0.351538509375 0.43167835156249995 0.3630911234375 0.391240871875 0.3199909703125 0.296590559375 0.3928613453125 0.3361393171875 0.44218217187500003 0.2650405 0.5021669265625001 0.2957018375 0.5297154515625 0.15688886875000002 0.6402222234375 0.3188089390625 0.8491898203125 0.45656289531249994 0.7434389046875001 0.485446790625 0.780318434375
0 0.6885227703125001 1 0.7254053640625 0.97010444375 0.684523490625 0.9274486234375001 0.64897408125 0.9518869249999999 0.5685435859375 0.8496906078125 0.6080922765625 0.819920409375 0.5707654234375 0.76571194375 0.469449596875 0.8470246250000001 0.43967698125 0.8030357984375 0.3402222015625 0.8780000015624999 0.4365663546875 1 0.6885227703125001 1
0 0.94403414375 0 0.90981791875 0.03236731875 0.910706571875 0.049696254687500004 0.9267038328125 0.0714685046875 0.9471447703125 0.0736901625 0.9698075453125 0.057694234375 1 0.090130415625 0.9991358343750001 0 0.94403414375 0
1 0.149111090625 0.301333334375 0.16505779062499998 0.3256825828125 0.1872761703125 0.30657634843750003 0.16861274375 0.284359771875 0.149111090625 0.301333334375
1 0.11577775625 0.22800000156250003 0.1237315890625 0.24170391875 0.14594996875 0.2248193421875 0.134396384375 0.2092677375 0.11577775625 0.22800000156250003
1 0.003555534375 0.23355555625000002 0 0.254589540625 0.0126396875 0.245258584375 0.003555534375 0.23355555625000002
1 0.0524444234375 0.21466666874999998 0.0624088453125 0.20704608124999999 0.04863345625 0.1883841375 0.0339693125 0.2012697578125 0.0524444234375 0.21466666874999998
1 0.0602222015625 0.1791111125 0.07396243125 0.195049109375 0.0837385046875 0.1874954875 0.07307370937499999 0.1666119359375 0.0602222015625 0.1791111125
1 0.0802222015625 0.16466666875 0.09484769531250001 0.1808305140625 0.10817872343749999 0.16883359375 0.0930702515625 0.1483943171875 0.0802222015625 0.16466666875
1 0.9513333125000001 0.00355555625 0.96314203125 0.0208429359375 0.9746956156250001 0.0061799984375 0.96314203125 0 0.9513333125000001 0.00355555625