0 0 0.5220000015624999 0.0282479875 0.48317075468750004 0.0629087421875 0.5044987484375001 0.086238040625 0.45984334843749997 0.062242149999999996 0.43784891875 0.086238040625 0.40119156875 0 0.3398738375 0 0.5220000015624999
0 0.160891778125 0.2818885453125 0.29820130625 0.3751981640625 0.356191359375 0.29855097656249996 0.27487200624999997 0.24189870781249997 0.322863790625 0.17458249374999998 0.24687686874999998 0.1285941703125 0.26754000312500004 0.0992683046875 0.12289836875 0.01662263125 0.1175659375 0.0252870921875 0.0942366375 0.029952578125 0.08157210000000001 0.0532799828125 0.08023901875 0.0832724109375 0 0.1970000015625 0.0002528484375 0.32254486875 0.0882376140625 0.3845291359375 0.160891778125 0.2818885453125
0 0.800114534375 1 0.864103509375 0.9137279859375 0.6734697671875 0.7824280421875 0.613480140625 0.8677397140625001 0.5268284578125 0.8097543703125 0.476837103125 0.8824026343750001 0.5668215437499999 0.9457198765625 0.530161215625 1 0.800114534375 1
0 0.62681116875 0.6071392375 0.6088143015624999 0.62913366875 0.588817759375 0.6198026453125001 0.57148738125 0.6484620484375 0.6736666359375 0.715333334375 0.6954660859375 0.6831198875 0.668803928125 0.66779053125 0.68013528125 0.6477956125000001 0.62681116875 0.6071392375
0 1 0.5831453453125001 0.8374414531250001 0.47050729531249996 0.6936666359375 0.6986666687499999 0.754122528125 0.7377727453125 0.7801179921875 0.6977829078125 0.9294254656250001 0.7937584765625 1 0.694450421875 1 0.5831453453125001
0 0.8021143093750001 0.3285433546875 0.757455284375 0.3925270828125 0.8687694515625 0.462509296875 0.9120952921875001 0.4018580546875 0.8021143093750001 0.3285433546875
0 0.9640862203125 0.4218529734375 1 0.36353657968749997 0.8581045875 0.2518961671875 0.8121125812500001 0.31121443437499996 0.9640862203125 0.4218529734375
0 1 0.2242386375 0.9584178984375 0.2935543640625 1 0.3328777140625 1 0.2242386375
0 0.43050920625 0.0509493703125 0.45783785625 0 0.341799271875 0.00504725625 0.43050920625 0.0509493703125
0 0.29519925156250004 0.0736102625 0.3330822453125 0.005426415625 0.1905507015625 0.0116260203125 0.29519925156250004 0.0736102625
1 0.1386666359375 0.06366666875 0.1265617265625 0.0856072328125 0.14789145312500002 0.0982707171875 0.1585562140625 0.0856072328125 0.1386666359375 0.06366666875
1 0.0965669125 0.24490009375000002 0.0859021515625 0.2602295 0.1038990203125 0.2735594453125 0.111897615625 0.254231015625 0.0965669125 0.24490009375000002
1 0.250540328125 0.1602549078125 0.21054724375 0.2255716625 0.24254173125 0.24090106875 0.28320130625 0.1895807984375 0.250540328125 0.1602549078125
1 0.27033330312500004 0.25700000156249997 0.254539678125 0.28155744375 0.2785354671875 0.2955538765625 0.29786551875 0.2735594453125 0.27033330312500004 0.25700000156249997
1 0.7837815531250001 0.6348433484375 0.7703333031249999 0.6520000015625 0.7891138828125001 0.6741666484375 0.80577766875 0.64950626875 0.7837815531250001 0.6348433484375
1 0.8203333031250001 0.6353333343750001 0.7864477187500001 0.6175143796875 0.777782428125 0.62951135 0.80577766875 0.6528387546875 0.8203333031250001 0.6353333343750001
1 0.800333303125 0.595333334375 0.79111345625 0.6168478921875 0.8204418796875 0.6321773484375 0.825774209375 0.6128489187499999 0.800333303125 0.595333334375
1 0.8603333031249999 0.615333334375 0.8790983234375 0.6275118375 0.8917627593749999 0.6141818921875 0.872432809375 0.5981859984375 0.8603333031249999 0.615333334375
1 0.59028131875 0.8620945062500001 0.58919998125 0.8642000015625 0.5662854687500001 0.9048836203124999 0.5854821609374999 0.9148810796875001 0.6118776203125 0.8744913499999999 0.59028131875 0.8620945062500001
1 0.6766663453125 0.9368754890625001 0.6682678953125001 0.950072146875 0.6850649171875001 0.96006960625 0.6942633984375 0.9468729484375 0.6766663453125 0.9368754890625001
1 0.7211999812500001 0.8952000015625 0.706261325 0.9144812171875 0.7262578671875 0.9248785375 0.7394555359375 0.905683465625 0.7211999812500001 0.8952000015625
1 0.73819998125 0.8772000015625 0.7310569640625 0.8892876078124999 0.7442547546875 0.8952860828125001 0.7514534609375 0.8836890859375 0.73819998125 0.8772000015625