0 0.4168474765625 0 0.2042176203125 0.10659981562500001 0.2188817296875 0.1452566015625 0 0.25700000156249997 0 0.4298509703125 0.2968682234375 0.271891084375 0.28420378749999997 0.2412322203125 0.58615159375 0.087271359375 0.5368267296875 0 0.4168474765625 0
0 1 0.2518961671875 0.8854332359375 0.30188346250000003 0.712796259375 0.3891945953125 0.7581218765625 0.501832646875 0.5101646734374999 0.613804209375 0.62481149375 0.8550762046875 0.6334766828125 0.85241025625 0.6621384140625 0.9170604718750001 1 0.7571011249999999 1 0.2518961671875
0 0.5294947249999999 1 0.40351644843749995 0.7131122640625 0.0236666359375 1 0.5294947249999999 1
0 0.6448080375 0.1192632234375 0.8734351874999999 0 0.5786666359375 0.0020000015625 0.6448080375 0.1192632234375
1 0.291735909375 0.845088409375 0.24814341093749998 0.863083834375 0.3177314140625 1 0.354125084375 0.9910513125 0.291735909375 0.845088409375
1 0.38731935625 0.8062982796875 0.35119998125 0.8212000015625 0.41251501093750004 0.9606590734375 0.451308290625 0.94386329375 0.38731935625 0.8062982796875
1 0.55928961875 0.621545215625 0.54819998125 0.6272000015625 0.556890009375 0.650337915625 0.57048769375 0.6431397328124999 0.55928961875 0.621545215625
1 0.8388413140625 0.4855543765625 0.8016476718750001 0.39597713749999996 0.76419998125 0.41520000156250003 0.80324749375 0.5043495874999999 0.8540386375000001 0.5911275375 0.8884327140625 0.5699329421875 0.8388413140625 0.4855543765625
1 0.9316251953125001 0.465559459375 0.9220268796875001 0.449163615625 0.9091999812499999 0.42720000156250004 0.8952315875 0.43476728124999997 0.90243029375 0.452362815625 0.9164278734375 0.47235771875 0.9316251953125001 0.465559459375
1 0.945622775 0.6103226703125 1 0.58792836875 0.9748178 0.516746446875 0.88719998125 0.5612000015625 0.91442821875 0.61552133125 0.942023421875 0.605523871875 0.945622775 0.6103226703125
1 0.9280258437500001 0.47915599374999995 0.90419998125 0.4922000015625 0.921626925 0.5219451375 0.9436231203125001 0.5123475703125 0.9280258437500001 0.47915599374999995
1 0.868036215625 0.7222942140625 1 0.6595101515625 0.9960140859375001 0.6187205296875 0.9292257078124999 0.6491127999999999 0.93242510625 0.668307934375 0.860837509375 0.7030990796875 0.868036215625 0.7222942140625