0 0.3281961203125 0 0.24366663593750001 0.110333334375 0.4535078046875 0.2645596265625 0.46217299375 0.254562165625 0.50283266875 0.27988908281249997 0.5601560296875 0.198576384375 0.622811921875 0.2398992453125 0.6927997171875 0.143257165625 0.642141871875 0.089937384375 0.6328101937499999 0.10393376562500001 0.49616715468750006 0 0.45817364375 0.0412830375 0.40618271562499997 0 0.3281961203125 0
0 0.8132457640625 0.55306096875 0.9500886 0.3645342171875 0.856771403125 0.2885535171875 0.8021143093750001 0.3578692453125 0.76765355 0.33551625 0.8294427546875 0.25056319375 0.7614546343749999 0.2032418953125 0.7227945296875 0.25056319375 0.6914667375 0.2299017875 0.666804253125 0.258561140625 0.6561394921875 0.2538956796875 0.5504911515625001 0.39710060468749997 0.6724700593749999 0.48147918437500004 0.6860676828125001 0.46068451250000003 0.8132457640625 0.55306096875
0 1 0.01928863125 0.8687694515625 0.2125728171875 1 0.3158798953125 1 0.01928863125
0 0.52016294375 1 0.6321436015625 0.85307669375 0.44684229062499997 0.7137788015625001 0.27699996875 0.9686666687500001 0.3268630375 1 0.52016294375 1
0 0.09290355624999999 0.655793559375 0.044245282812499995 0.62313513125 0.13422972187499999 0.5051651328125 0.000333303125 0.390333334375 0.000919440625 0.7397721546875 0.016916634375 0.7531021015625 0.09290355624999999 0.655793559375
0 0.1575590203125 0.845745284375 0.11699996875 0.905333334375 0.219548321875 0.9783782015625 0.2628741625 0.9277244703124999 0.1575590203125 0.845745284375
1 0.47570409687500004 0.047913123437499996 0.47650394531250007 0.050712400000000005 0.5028993453124999 0.06910771875 0.5200963828125 0.041514725 0.4992999921875 0.0239192203125 0.47570409687500004 0.047913123437499996
1 0.51719998125 0.0832000015625 0.5468917375 0.105098571875 0.5668882796875 0.0747063015625 0.5448920828125 0.05671087500000001 0.51719998125 0.0832000015625
1 0.56619998125 0.1052000015625 0.57728650625 0.111496940625 0.592483890625 0.0915020203125 0.579686115625 0.08390397656250001 0.56619998125 0.1052000015625
1 0.543292384375 0.1526865453125 0.53619998125 0.1632000015625 0.5536906109374999 0.1774802015625 0.5624890765624999 0.16548325 0.543292384375 0.1526865453125
1 0.00419998125 0.5512000015625 0.0181831765625 0.563509134375 0.0289813265625 0.549912615625 0.016183521875000002 0.53991515625 0.00419998125 0.5512000015625
1 0.43219998125 0.8612000015625 0.4433096734375 0.8682825265625 0.4493086375 0.8598846671875 0.43731071093749996 0.84988720625 0.43219998125 0.8612000015625