0 0.6438888890625 0.9533333328125 0.5488888890625 0.8961111109375001 0.51944444375 0.9416666671874999 0.4566666671875 0.8988888890625001 0.48555555625 0.857222221875 0.40222222187499995 0.8088888890625 0.3866666671875 0.8316666671874999 0.34722222187499996 0.83055555625 0.2633333328125 0.962777778125 0.3266666671875 0.9994444437500001 0.612222221875 1 0.6438888890625 0.9533333328125
0 1 0.73055555625 0.577777778125 0.46944444374999994 0.45722222187500006 0.657222221875 0.5616666671874999 0.7233333328125 0.5900000000000001 0.6738888890625 0.61555555625 0.69055555625 0.5822222218750001 0.7383333328125 0.6433333328125 0.777222221875 0.635 0.7977777781250001 0.667222221875 0.817222221875 0.68555555625 0.8211111109375 0.7216666671875 0.7588888890625001 0.76555555625 0.7855555562500001 0.6972222218749999 0.89 0.752777778125 0.9238888890625001 0.79 0.8711111109375 0.8400000000000001 0.89944444375 0.8738888890625001 0.8461111109375 0.9161111109375 0.8733333328124999 0.8855555562499999 0.922222221875 1 0.992777778125 1 0.73055555625
0 0.765 0.9994444437500001 0.82444444375 0.9994444437500001 0.782222221875 0.972777778125 0.765 0.9994444437500001
0 0.061111110937500004 0.66555555625 0.132222221875 0.56555555625 0.0761111109375 0.532222221875 0.0411111109375 0.5816666671874999 0.00055555625 0.55444444375 0 0.837777778125 0.08777777812500001 0.8933333328125 0.21777777812500002 0.6950000000000001 0.1266666671875 0.637777778125 0.095 0.68555555625 0.061111110937500004 0.66555555625
0 0 0.37284444375 0.0266666671875 0.38839999999999997 0.06 0.3384 0.10944444375 0.37117777812499997 0.075 0.42173333281250003 0.1838888890625 0.490622221875 0.21444444375 0.440622221875 0.25555555625 0.46617777812499994 0.222222221875 0.50895555625 0.3061111109375 0.56555555625 0.4233333328125 0.37444444374999997 0 0.1117333328125 0 0.37284444375
0 0.9116666671875 0.18055555625 0.8605555562499999 0.14777777812499998 0.89055555625 0.102777778125 0.8361111109375001 0.0688888890625 0.71555555625 0.2511111109375 0.9983333328124999 0.42944444375 1 0.16944444375 0.93944444375 0.1311111109375 0.9116666671875 0.18055555625
0 0.3188888890625 0 0.46666666718750005 0.092222221875 0.56555555625 0.1566666671875 0.6616666671875 0 0.3188888890625 0
1 0.2438888890625 0.3738888890625 0.2311111109375 0.365 0.21833333281249998 0.3811111109375 0.23333333281250002 0.39 0.2438888890625 0.3738888890625
1 0.546 0.5953333328125 0.5506666671875 0.5853333328125 0.5366666671875 0.5786666671875 0.532 0.5873333328125 0.546 0.5953333328125
1 0.515 0.6463333328124999 0.5203333328124999 0.6376666671875 0.506 0.6306666671875 0.5003333328124999 0.637 0.515 0.6463333328124999
1 0.8800000000000001 0.755 0.8676666671875 0.7776666671875 0.8923333328125 0.7923333328125 0.9029999999999999 0.769 0.8800000000000001 0.755