0 0.21254959062499998 0.59147664375 0.2729391109375 0.6662576265625 0.3769211296875 0.5918765046875001 0.4381105609375 0.5298922890625 0.5816857703125 0.4203201296875 0.640475590625 0.3915274296875 0.7076639234375001 0.3231448140625 0.5716874984375 0.15198831562499998 0.2973349171875 0.3527373 0.3033338796875 0.35913566874999997 0.18295467031249998 0.45711076874999995 0.1737563109375 0.4511122921875 0.11119998125 0.4982000015625 0.162558234375 0.56548325 0.22214790624999997 0.5158958453125 0.25734183125 0.5574852515625001 0.21254959062499998 0.59147664375
0 0.5888844765625 0.0003506046875 0.5741999812499999 0.0112000015625 0.7844506953125 0.22549338125 1 0.011947678125 0.99921360625 0 0.5888844765625 0.0003506046875
0 1 0.5679334500000001 0.9676189718750001 0.5199456453125 1 0.4927525453125 0.998013740625 0.276756609375 0.726860678125 0.49915091250000004 1 0.819869390625 1 0.5679334500000001
1 0.2107999875 0.47613333437499994 0.22624725156249997 0.49806707031249997 0.233979253125 0.4900691015625 0.2185152515625 0.46740819531250005 0.2107999875 0.47613333437499994
1 0.26090792500000004 0.5201947875 0.2534666546875 0.512133334375 0.24437745937500002 0.51992819375 0.25077633593750004 0.5284593906249999 0.26090792500000004 0.5201947875
1 0.280371234375 0.54712129375 0.27397231718750004 0.5356575125 0.26090792500000004 0.54712129375 0.2667735703125 0.5548526453125 0.280371234375 0.54712129375
1 0.309432859375 0.584445140625 0.2921025234375 0.559651434375 0.277971625 0.570315390625 0.2953019625 0.5932428734374999 0.309432859375 0.584445140625
1 0.4467424484375 0.494867890625 0.4251462078125 0.5081978359375 0.43367805625000005 0.5207279765624999 0.45474106562500005 0.5060650375 0.4467424484375 0.494867890625
1 0.5000665609375 0.44821308125000003 0.4801333203125 0.46480000156249995 0.4880686359375 0.4786053609375 0.5109980203125 0.45941022656249997 0.5000665609375 0.44821308125000003
1 0.5616559265625 0.4020914609375 0.540592878125 0.41782080156249995 0.5475250296875 0.4316839375 0.5680548046875 0.41008942968750006 0.5616559265625 0.4020914609375
1 0.49606725156250003 0.25357892656250003 0.48546665468750005 0.2628000015625 0.5032659984375 0.286903790625 0.51633043125 0.279705628125 0.49606725156250003 0.25357892656250003
1 0.5013996640625 0.32875982187499997 0.493401046875 0.3164962765625 0.4721333203125 0.3328000015625 0.4739377375 0.333292015625 0.48246962812499994 0.34368935624999997 0.5013996640625 0.32875982187499997
1 0.3755547671875 0.41113889062500003 0.3656898140625 0.41620427343750005 0.3739550265625 0.42873441406249996 0.38222028125 0.4207364453125 0.3755547671875 0.41113889062500003
1 0.3107659625 0.399675128125 0.29823480468749997 0.4087394953125 0.3176981125 0.4340663921875 0.331029140625 0.426601634375 0.3107659625 0.399675128125
1 0.34142732656249997 0.390344165625 0.3584910671875 0.3772808359375 0.34479998749999996 0.35746666718750003 0.3451600390625 0.3570193015625 0.32782970312500004 0.37274864218750003 0.34142732656249997 0.390344165625
1 0.3987507484375 0.3463553453125 0.41208177656249995 0.3348916046875 0.39981725468749996 0.3199620703125 0.3838200203125 0.333292015625 0.3987507484375 0.3463553453125
1 0.45079998750000005 0.304133334375 0.464339421875 0.2933021890625 0.45287472968750003 0.276773034375 0.4371441328125 0.289036590625 0.45079998750000005 0.304133334375
1 0.7664857656249999 0.510094509375 0.7859490328125001 0.492232390625 0.7696852046875 0.4767696453125 0.7472890515625 0.4946317859375 0.7664857656249999 0.510094509375
1 0.8251422890625 0.427715453125 0.8080785484374999 0.44717717031250004 0.82060970625 0.46610569062499996 0.8406062484374999 0.44504438124999995 0.8251422890625 0.427715453125
1 0.8917974296875 0.406654134375 0.8767999874999999 0.3874666671875 0.8632689953125 0.3986561671875 0.87766653125 0.4146521015625 0.8917974296875 0.406654134375
1 0.8254666546875 0.5814666671875 0.8112779874999999 0.59300676875 0.8262087546875 0.60713651875 0.8366069406250001 0.5964725625 0.8254666546875 0.5814666671875
1 0.8683348109375 0.59887195625 0.8510044750000001 0.6146012953125 0.8686014078125 0.6364624390625 0.8851319156249999 0.6223326484375 0.8683348109375 0.59887195625
1 0.9560529593749999 0.47996885625 0.9379227546875001 0.49329879062500004 0.953920028125 0.5135603046874999 0.9760495015625 0.49516497499999995 0.9560529593749999 0.47996885625
1 0.9605855421875 0.5242242609375001 0.9397891296875001 0.542619590625 0.9496540828125 0.555416325 0.9725834671875001 0.541553190625 0.9605855421875 0.5242242609375001
1 0.9205924171875 0.66738786875 0.9037953546875 0.683383803125 0.9160598765625 0.696180559375 0.9328569796874999 0.6804512390624999 0.9205924171875 0.66738786875
1 0.945121540625 0.6967137484375 0.9461880062500001 0.6985799328125 0.9277912046875001 0.7129762984375 0.9491208500000001 0.7380365796875 0.9651180437500001 0.7223072593750001 0.945121540625 0.6967137484375
1 0.9816485500000001 0.7401693796875 0.9629851109375 0.7582981140625 0.9843147562500001 0.783625009375 0.9989788875000001 0.7670958859375 0.9816485500000001 0.7401693796875
1 0.9371229234375 0.3503848296875 0.922725390625 0.3591825921875 0.928591034375 0.37437873125 0.9440550343749999 0.363181575 0.9371229234375 0.3503848296875
1 0.9552531312499999 0.37331233125 0.943255165625 0.379710709375 0.9504539515625 0.3933072703125 0.9629851109375 0.3863756828125 0.9552531312499999 0.37331233125
1 0.9667999875 0.3234666671875 0.9797821734375001 0.3367882796875 0.9901804406249999 0.3258577234375 0.9776492421875 0.3138607765625 0.9667999875 0.3234666671875