0 1 0.8749610625 0.8773790015625 0.984266575 0.9013749609374999 1 1 1 1 0.8749610625
0 1 0.73721825625 0.8693804406250001 0.59058885625 0.7424444234375 0.7157777796875 0.7778406859375 0.7505482031249999 0.7236279203125 0.7954256796875 0.7662871015625 0.8376371734375001 0.7773962921875001 0.84385785625 0.7796181296875 0.8740724125 0.793837946875 0.8909569562499999 0.82805430625 0.8931786140625 0.8711578828125001 0.8536331359375 0.9071516859375001 0.8931786140625 1 0.81675360625 1 0.73721825625
0 0.42101348749999995 0.6030301515625001 0.4578960125 0.6452416453125001 0.4902222015625 0.6224444453125 0.6143133953125 0.75454719375 0.8351640796875 0.5559310171875 0.6680819703124999 0.3719777609375 0.42101348749999995 0.6030301515625001
0 0.705853215625 0.7052264015625 0.6679999796875 0.7413333343749999 0.6929664468750001 0.7683214640625 0.7311820875 0.734552275 0.705853215625 0.7052264015625
0 0.5680991921875 0.4376541453125 0.55076888125 0.42254686875 0.6396423343750001 0.34345584375 0.46688886875 0.156888890625 0.2899250453125 0.32123926875 0.4770038328125 0.521632809375 0.5680991921875 0.4376541453125
0 0.0010861375 0 0 0.015927065625 0.0890709015625 0.1234552796875 0.144616853125 0.0719128296875 0.2192706234375 0.1510038546875 0.16550211718750002 0.19588133125 0.25577775625 0.286888890625 0.4370107484375 0.122178784375 0.32280828906250003 0 0.0010861375 0
0 1 0.00034723125 0.822277446875 0 0.80577775625 0.0180000015625 0.97336243125 0.2038510796875 1 0.1736365234375 1 0.00034723125
1 0.05974268125 0.012344168749999999 0.0502222015625 0.00022222343749999998 0.0273037984375 0.0132328515625 0.039301745312500004 0.0287844546875 0.05974268125 0.012344168749999999
1 0.075295546875 0.02300813125 0.05441025000000001 0.045224775 0.066852521875 0.0572216453125 0.08818218125 0.038559734375 0.075295546875 0.02300813125
1 0.08596034375 0.0865475515625 0.0746666453125 0.09800000156250001 0.0877377859375 0.11365176875 0.099735765625 0.1065424703125 0.08596034375 0.0865475515625
1 0.11688886875 0.0880000015625 0.1259534265625 0.0821042375 0.1166216796875 0.0687742921875 0.10506816249999999 0.0758835890625 0.11688886875 0.0880000015625
1 0.313032215625 0.152336828125 0.2979999796875 0.1680000015625 0.30592230625 0.179885403125 0.32458573125 0.1647781234375 0.313032215625 0.152336828125
1 0.6325325625 0.48167117031249995 0.61209155625 0.4963341921875 0.6298663296875 0.5136630609374999 0.6467522437500001 0.5007775078125001 0.6325325625 0.48167117031249995
1 0.6147577906249999 0.7558237390625 0.65919461875 0.7136122453125 0.4943341421875 0.5367682859375 0.42101348749999995 0.6065283203125 0.46100657187499994 0.648295525 0.4872243015625 0.61808096875 0.6147577906249999 0.7558237390625
1 0.6320881671875 0.61719231875 0.6138690687499999 0.6340769296875 0.6280888859375 0.65140583125 0.6467522437500001 0.6362985875 0.6320881671875 0.61719231875
1 0.7111855453125 0.5767581234375 0.6979999796875 0.5591111125 0.683190440625 0.5798684296875 0.69429963125 0.5914210765625 0.7111855453125 0.5767581234375
1 0.74762374375 0.6149706609375001 0.7346666453124999 0.5968888906250001 0.71873985 0.6145263015625 0.729849040625 0.6300779046875 0.74762374375 0.6149706609375001
1 0.8271655171875001 0.7007266578125 0.8102796031249999 0.7176112015625 0.8333866375 0.7398277765625 0.8502726875000001 0.7260535406249999 0.8271655171875001 0.7007266578125
1 0.9800279453125 0.078161709375 0.9680301015625 0.0963792953125 0.9800279453125 0.11104224843749999 0.9969139953124999 0.09282462968750001 0.9800279453125 0.078161709375
1 0.9024444234375 0.01355555625 0.9191496656249999 0.028840934375 0.93248069375 0.014622287500000001 0.9209271093750001 0 0.9024444234375 0.01355555625
2 0.1917198453125 0.012844971875 0.1410618984375 0.0674977453125 0.212160715625 0.13725778125000002 0.27081729375 0.086604015625 0.1917198453125 0.012844971875