0 0.1909532875 1 0.2825374875 0.8655086265625 0.2265471703125 0.829917696875 0.1857542359375 0.887902959375 0.08417176562499999 0.8263186062500001 0.1237649546875 0.7683333421875 0.0693743359375 0.7335421656250001 0.00319998125 0.8352000015625001 0 0.9814791843749999 0.0333805609375 1 0.1909532875 1
0 0.7020649171875 0.9854781687499999 0.5880846265625 0.9502871 0.5720873937500001 0.9958754890625 0.5228958875 0.98227896875 0.5340939625 0.936690609375 0.46619998125000006 0.9192000015625 0.43731071093749996 1 0.6992654734375 0.9982749046875 0.7020649171875 0.9854781687499999
0 0.44850878749999995 0.5155467390624999 0.4781036453125 0.464759659375 0.31719998125000004 0.3622000015625 0.21694879375 0.5271437984375 0.438510515625 0.6623094593750001 0.500499796875 0.5499380234375 0.44850878749999995 0.5155467390624999
0 0.60048250625 0.2555619984375 0.6652713515625 0.29715142031249997 0.7332595953125 0.1783816015625 0.5292948046875 0.0507886234375 0.35919998125 0.3232000015625 0.561289271875 0.4491128 0.6240784015624999 0.3423399484375 0.568887934375 0.3063490953125 0.60048250625 0.2555619984375
0 0.8180448609375001 0.055536576562499995 0.8496393734375 0.081130078125 0.8992308953125001 0.0107479703125 0.8956314203125 0.005949203125 0.8992308953125001 0 0.64019998125 0.0012000015625000002 0.7176621953125 0.05913566875 0.682868284375 0.11032267031250001 0.7440576546875 0.15511127656249998 0.8180448609375001 0.055536576562499995
0 1 0.24068959374999999 0.9161999812499999 0.1852000015625 0.8768347437499999 0.25508586875 0.9960140859375001 0.3254680046875 0.99921360625 0.31667025312499997 1 0.24068959374999999
0 0.0581762609375 0 0 0.0011504046875 0.00319998125 0.0912000015625 0.0581762609375 0
0 0.928825753125 0.8222942140624999 0.8568382015625 0.7755060859375 0.8912322781249999 0.7267184984374999 0.9552212125 0.7731067015625 0.9872156796875 0.7239192203125 0.99321464375 0.7267184984374999 0.9984136953125 0.7179207453124999 1 0.43396751250000004 0.9316251953125001 0.397976628125 0.87163556875 0.496751528125 0.9228267906250001 0.529143290625 0.8568382015625 0.6343165734375 0.88963245625 0.66310924375 0.8568382015625 0.7098973703125 0.8364417046874999 0.69470128125 0.8140455531249999 0.7326916265625 0.8204444703125 0.7350909484375 0.8168451171875001 0.746288115625 0.7736525125 0.71949490625 0.79204935625 0.6875030375 0.7452575203125 0.6551112765625 0.6872675484374999 0.7398897484375 0.7392585578124999 0.7742810015625 0.69619998125 0.8342000015625001 0.85363868125 0.933465971875 0.8968312859375001 0.8582850671875001 0.9056296906249999 0.863083834375 0.928825753125 0.8222942140624999
0 0.36932246874999997 0.8523119984375 0.33119998125 1 0.420513628125 0.9990746875 0.45410779375 0.8779055015624999 0.36932246874999997 0.8523119984375
1 0.5983636203125 0.9774545453125001 0.59280200625 0.9995200640625 0.6171614734374999 1 0.621887884375 0.9795251453124999 0.5983636203125 0.9774545453125001
1 0.653818165625 0.99018181875 0.6538824187500001 0.9991564984375 0.674606040625 0.9991564984375 0.6753332328125 0.9929762609375 0.653818165625 0.99018181875
1 0.7927674265625 0.81593033125 0.7898588828124999 0.8177480515625 0.7764066203125 0.8362888156249999 0.8000388968750001 0.8526482937500001 0.8145818359374999 0.8297450124999999 0.7927674265625 0.81593033125
1 0.8647272562499999 0.73018181875 0.8538478406250001 0.74722054375 0.8651185296874999 0.7537643171874999 0.87857079375 0.7388590203125001 0.8647272562499999 0.73018181875
1 0.91472725625 0.4874545453125 0.9058388046875001 0.504575009375 0.9211089359375 0.509664659375 0.9316525453125 0.49584997656249996 0.91472725625 0.4874545453125
1 0.9338181656250001 0.4547272734375 0.9240174796874999 0.4754914921875 0.9400146906250001 0.482762371875 0.946922565625 0.4674935359375 0.9338181656250001 0.4547272734375
1 0.9474545296875 0.42654545468749994 0.938924015625 0.44749861874999997 0.9578297703124999 0.4565872171875 0.9661920265624999 0.43731937500000007 0.9474545296875 0.42654545468749994
1 0.5683636203125 0.3065454546875 0.534630246875 0.36063475624999997 0.59280200625 0.394807840625 0.62225148125 0.3435481453125 0.5683636203125 0.3065454546875
1 0.6674545296875001 0.1756363640625 0.628795759375 0.2315765921875 0.660426696875 0.2501173296875 0.693875503125 0.1984940953125 0.6674545296875001 0.1756363640625
1 0.4284667984375 0.4453404296875 0.40628879375000004 0.48387611250000007 0.4430097375 0.509324190625 0.46845988125 0.4696979203125 0.4284667984375 0.4453404296875
1 0.41574172656249997 0.5703995890625 0.37902078125 0.6252946953125 0.43901040625 0.6649210203125 0.4724592125 0.6013008265625001 0.41574172656249997 0.5703995890625