0 0 0.43866666875 0.26820649375 0.5258265390625 0.3368613078125 0.2972180015625 0.270872759375 0.274557084375 0.25087621875 0.3285433546875 0.1682237828125 0.30188346250000003 0.19088659218749998 0.24456470624999999 0.11556626249999999 0.22323681562500003 0.10823415624999999 0.23190124843749998 0 0.195910384375 0 0.43866666875
0 0.6092809734375 0.60707265625 0.622878659375 0.6162703296875 0.6884672921874999 0.545088409375 0.525295496875 0.3987256125 0.44610917812500006 0.48430386875 0.45690729843750005 0.494301328125 0.39019998125 0.5732000015625001 0.4785036 0.60067431875 0.5348938125 0.644263215625 0.5752868515625 0.643063509375 0.6092809734375 0.60707265625
0 0.28919998125 0.5272000015625 0.36052400156250003 0.54668806875 0.4245129375 0.46750811875 0.36772276875 0.42391922031249996 0.28919998125 0.5272000015625
0 0.0889709546875 0 0.056199981249999996 0.056200001562500004 0.156959165625 0.11389635468749999 0.16855719687499998 0.111097046875 0.20775043124999998 0.13629065625 0.2429442984375 0.0855035453125 0.22134805625 0.0719070265625 0.24494395156249998 0.0387154484375 0.34532661875000004 0.1070980640625 0.390918709375 0.0419146484375 0.3417272640625 0 0.0889709546875 0
0 0.7016649609375001 0.5338404265625 0.8764347875 0.3326407796875 0.726860678125 0.2054730875 0.70486448125 0.23306605 0.6096809296875 0.155485759375 0.580086009375 0.18827744531249999 0.519296534375 0.1358907640625 0.49210122343749996 0.1658831125 0.5512910015625 0.2186697453125 0.48819998125 0.29420000156250004 0.5820856640625001 0.372281509375 0.5504911515625001 0.4046733015625 0.7016649609375001 0.5338404265625
0 0.8872329703125 0.321043690625 0.9768174546875 0.213870915625 1 0.2326661875 0.9996134390625 0.0655086265625 0.918027571875 0 0.74719998125 0.0002000015625 0.676869321875 0.08390397656250001 0.76765355 0.157085359375 0.738858603125 0.1962754125 0.8872329703125 0.321043690625
0 1 0.050712400000000005 0.9960140859375001 0 0.9484223406250001 0.0031244874999999997 1 0.050712400000000005
1 0.5148972703125 0.5838531296875 0.49850014218750005 0.568657040625 0.4917013296875 0.579454284375 0.5048989984375 0.5938505890625 0.5148972703125 0.5838531296875
1 0.568887934375 0.46788260312499996 0.5476916484375 0.4942759203125 0.5628889703125 0.5058729484375 0.58328546875 0.4834786765625 0.568887934375 0.46788260312499996
1 0.11696608125 0.2623348671875 0.1365627296875 0.26713363437500004 0.1457611515625 0.2467388234375 0.1253646546875 0.2407403484375 0.11696608125 0.2623348671875
1 0.15719998125 0.2522000015625 0.150560309375 0.27273221875 0.169357046875 0.27753098593750003 0.175755965625 0.2567362828125 0.15719998125 0.2522000015625
1 0.00419998125 0.23720000156249998 0.023382290625 0.24553911718750002 0.03178083125 0.2239446296875 0.010984440625 0.2163465546875 0.00419998125 0.23720000156249998
1 0.61119998125 0.3692000015625 0.592883784375 0.3923018359375 0.605281665625 0.40109958749999997 0.6248783125 0.385103653125 0.61119998125 0.3692000015625
1 0.65919998125 0.3742000015625 0.67486966875 0.3831041625 0.69286655625 0.36590855 0.6788689765625 0.3523119984375 0.65919998125 0.3742000015625
1 0.7201999812500001 0.2512000015625 0.7016649609375001 0.26753352656249996 0.7100635343749999 0.2767312015625 0.7300600765625 0.2607352671875 0.7201999812500001 0.2512000015625
1 0.70119998125 0.3212000015625 0.6908669015625 0.3335167578125 0.7080638796875001 0.3451138171875 0.7160624953125 0.333116865625 0.70119998125 0.3212000015625
1 0.79519998125 0.1582000015625 0.7780517765625 0.1783308015625 0.796048665625 0.19272713749999998 0.8108461546875001 0.17393192500000001 0.79519998125 0.1582000015625
1 0.85919998125 0.1612000015625 0.8704358265625001 0.1499380234375 0.8528388937500001 0.1347418734375 0.8448402765624999 0.14633893125 0.85919998125 0.1612000015625
1 0.90619998125 0.2082000015625 0.9236265796875 0.22311940625 0.9352246703124999 0.2067235796875 0.917627615625 0.1955264125 0.90619998125 0.2082000015625
1 0.9581999812499999 0.1592000015625 0.940823678125 0.1831295703125 0.9544213031250001 0.19192735156250001 0.97001858125 0.1683333421875 0.9581999812499999 0.1592000015625
1 0.8691999812500001 0.1232000015625 0.8860331046875001 0.13434198125000002 0.9020303375 0.11554673906249999 0.8832336609375 0.09995074375 0.8691999812500001 0.1232000015625