0 0.47973068281250003 0 0.42301319531250003 0.07958286249999999 0.40919739218749995 0.069040109375 0.34520849062500003 0.1624709 0.3572063703125 0.167924059375 0.029626659374999996 0.6464865093750001 0.039443159374999995 0.6526667734375 0 0.7156363640625 0 1 0.0034493796875000003 1 0.0343531265625 0.9616560218749999 0.07234733125000001 0.9895149812499999 0.11433929375 0.9264384640625 0.075800509375 0.9002633093749999 0.2081412390625 0.70856015625 0.24631645624999998 0.735098878125 0.2877638671875 0.68093079375 0.24886151406249998 0.654392071875 0.3197583453125 0.5573258437499999 0.3579335625 0.582410409375 0.4037437890625 0.5191075296875 0.2921267375 0.43912785625 0.32448475625 0.3955025796875 0.435374671875 0.47330102187499995 0.47027775 0.42167773437499995 0.4550076734375 0.40822661875 0.47645848749999997 0.4078631078125 0.4993636296875 0.3838691828125 0.491001428125 0.3595117484375 0.46809628593749997 0.33769910937500003 0.5095436984374999 0.2766237125 0.5480824546874999 0.30607079531250003 0.5829855312500001 0.2559016890625 0.53899311875 0.22972659062499998 0.5451739109375 0.22536401874999998 0.475004215625 0.1744678625 0.50263576875 0.13993118437500002 0.5135429734375 0.14538434375 0.537902440625 0.11084766718750001 0.6371580156250001 0.17773973437499999 0.6756968296875 0.12102688125000001 0.638975884375 0.0959423421875 0.7091455234375 0 0.47973068281250003 0
0 0.79840366875 1 0.8365788843749999 0.9538414656249999 0.82458089375 0.945843509375 0.947832284375 0.783679778125 0.9045670625 0.751687896875 0.9154742656250001 0.7371461390625 0.9929154875 0.7349649078125 0.98891615625 0.618630809375 0.9176557296875 0.620084990625 0.91983719375 0.7164241437500001 0.7874545296875 0.6138181828125 0.5853495234375 0.8760661765625001 0.731142571875 1 0.79840366875 1
0 0.599165328125 1 0.5555365078125 0.9691333984374999 0.5319999828124999 1 0.599165328125 1
0 0.6365454374999999 0.96018181875 0.6057097734375 0.997489840625 0.6918765687499999 1 0.6365454374999999 0.96018181875
1 0.27109089218750004 0.4383636375 0.25667910781250003 0.46194336406250003 0.2675863125 0.4677600625 0.27776638125 0.44958286249999996 0.27109089218750004 0.4383636375
1 0.17305720468750002 0.5313802562500001 0.16215 0.5448314 0.17851080625 0.5561012578125 0.18832727968750002 0.54374075625 0.17305720468750002 0.5313802562500001
1 0.345636346875 0.53018181875 0.3304845375 0.550284559375 0.34648175000000003 0.559736696875 0.35666181875 0.54374075625 0.345636346875 0.53018181875
1 0.3592727109375 0.5020000015625 0.35048108125 0.5204739375 0.36575115625 0.53101671875 0.3766583609375 0.5168384984375 0.3592727109375 0.5020000015625
1 0.6383636203124999 0.839272728125 0.6315233453125 0.849937190625 0.6515198875 0.8622976625 0.6573370859375001 0.8495736234375 0.6383636203124999 0.839272728125
1 0.6556363468749999 0.8183636375000001 0.6478841531249999 0.8332141453125 0.6642449609375001 0.84193920625 0.6718800265625 0.829942271875 0.6556363468749999 0.8183636375000001
1 0.6810908921875 0.78018181875 0.6686078875 0.797586853125 0.687513753125 0.81103796875 0.7024201765625 0.79213369375 0.6810908921875 0.78018181875
1 0.7401818015625 0.711090909375 0.7195081765625 0.7365114546875 0.7365961750000001 0.74923549375 0.7536840625 0.723787415625 0.7401818015625 0.711090909375
1 0.783818165625 0.6520000015625 0.7631369953125 0.67798088125 0.7827699421875 0.6899778296875 0.8002215359375 0.666711015625 0.783818165625 0.6520000015625
1 0.7407499890625 0.9626250000000001 0.7258989046875 0.9805573624999999 0.7388966875 0.9900549375000001 0.752644309375 0.9710598062500001 0.7407499890625 0.9626250000000001
2 0.7351249890625 0.8963749999999999 0.7189001453125 0.9200727234375 0.7503946375 0.943066890625 0.767641715625 0.918823040625 0.7351249890625 0.8963749999999999
2 0.8157499890625 0.88575 0.7951369609375 0.9153239265625001 0.8156333703125 0.932569546875 0.8363798296875 0.9028271015625 0.8157499890625 0.88575