0 0.10423490937499999 0.6771214515625 0.1428949109375 0.7644326359375 0.2115496234375 0.73643966875 0.1968855125 0.6951168578125 0.2642072453125 0.6564599953125 0.22688032656249998 0.5751473484375 0.0515772875 0.651794534375 0.0715738296875 0.6931173453125 0.10423490937499999 0.6771214515625
0 0 0.44984589062499997 0.00558528125 0.45917681093749996 0.077572853125 0.42785145937499997 0.11090042343749999 0.49716718593750003 0.1795552375 0.463175834375 0.14756075 0.39519308125 0.1622248609375 0.387195134375 0.086238040625 0.2225702765625 0 0.2625601125 0 0.44984589062499997
0 0.3501923359375 0.1072662515625 0.16199996875 0.18700000156250002 0.22554724375 0.35920221875 0.4221799078125 0.267225625 0.3501923359375 0.1072662515625
0 0.584818409375 0 0.450175046875 0.0626109546875 0.5214960265624999 0.2239033015625 0.5388264046875 0.219904328125 0.5634887859375 0.2818885453125 0.6294774359375 0.2518961671875 0.6221453296874999 0.2385662203125 0.677469115625 0.21190632968749998 0.658139065625 0.1692505203125 0.68213495625 0.1579200609375 0.6121470578125 0 0.584818409375 0
0 0.1488938328125 0.77842901875 0.083571775 0.8070884203125 0.130896965625 0.9143945234374999 0.1922196734375 0.8877346328125 0.1488938328125 0.77842901875
0 0.0769062609375 0.843745771875 0.032913929687499996 0.862407715625 0.020915984375 0.8184188546875 0.0022525234375 0.8110874453125 0 1 0.14689415781249998 0.9990396578125 0.0769062609375 0.843745771875
0 0.6888006734375 1 0.6048149515625 0.81641934375 0.45199996875000004 0.8820000015625 0.478836778125 0.9417208515625 0.46950509843750005 0.9443869015624999 0.4908347234375 1 0.6888006734375 1
0 0.5448253265624999 0.6591260453125 0.5981494374999999 0.6337991296875 0.5554901890624999 0.54915394375 0.3336666359375 0.640333334375 0.4161809859375 0.8290828515625 0.5841519203125001 0.7597670734374999 0.5448253265624999 0.6591260453125
0 1 0.43584940625 0.895333303125 0.47533333437499997 0.974084490625 0.6684569671875 0.9967471984375 0.66179199375 1 0.43584940625
0 0.9194271953125 0.197243409375 0.8967644874999999 0.1532546265625 0.9707517343750001 0.1132647890625 0.9134282734375001 0 0.78878328125 0.0012932 0.740333303125 0.01866666875 0.81677831875 0.1905784375 0.8314425312499999 0.183246978125 0.8501058890625 0.2259027625 0.9194271953125 0.197243409375
1 0.5441588359375 0.13126017031249998 0.5186666359375 0.14200000156249998 0.528161540625 0.1659180328125 0.5528240234374999 0.151921575 0.5441588359375 0.13126017031249998
1 0.8987642640625 0.146589653125 0.830333303125 0.1820000015625 0.8494392968750001 0.2305682734375 0.9160944375 0.1952438984375 0.8987642640625 0.146589653125
1 0.5781528953125 0.9370553906250001 0.5828188375 0.9577168468749999 0.6061481359374999 0.9437203640625 0.5988160296875 0.9257249562500001 0.5781528953125 0.9370553906250001