0 0.537493321875 1 0.562155703125 0.9843767375000001 0.4315115875 0.8664066390625 0.462839584375 0.8297492875 0.4948339703125 0.8617411781250001 0.5381598125 0.8650736640625001 0.57748640625 0.8184188546875 0.5734870562500001 0.765765609375 0.55082435 0.7431046421875 0.6181459796875 0.673788965625 0.5528240234374999 0.6038067515625001 0.5874846765624999 0.5744809625 0.6674708453125 0.6471290734374999 0.7681201484375 0.5358239984375001 0.4888350484375 0.274557084375 0.44284304375000005 0.31921238125 0.409515471875 0.292552490625 0.3075330875 0.40652356562499997 0.342193740625 0.43784891875 0.3281961203125 0.45184535156249994 0.3788540671875 0.49450128906249996 0.3728551453125 0.5058316203125 0.11689934531249999 0.27322410937499997 0 0.4120000015625 0.0022525234375 0.4145215125 0 0.4798382671875 0.2188817296875 0.683786425 0.1582255125 0.7351066953125 0.2222144875 0.8184188546875 0.29620173437499997 0.8697391250000001 0.31286551875 0.8557427437499999 0.34819266249999997 0.8844021453125 0.28686995312499997 0.9437203640625 0.32019752343749996 0.973712740625 0.33419514375000003 0.9597162578124999 0.374188228125 1 0.537493321875 1
0 0.8947649156249999 0.0792733875 0.8527720546875001 0.0399500375 0.898097671875 0.0032926875 0.6694705203125 0 0.6236666359374999 0.05866666875 1 0.4158544875 0.9987469734375001 0.0652769296875 0.954754540625 0.02195460625 0.8947649156249999 0.0792733875
0 0.95742070625 0.96904728125 0.9660857937499999 0.9643818203125001 0.800114534375 0.8104209078125001 0.6936666359375 0.9370000015625 0.78278415625 1 0.988748703125 0.9997060937500001 0.95742070625 0.96904728125
1 0.1929529421875 0.3775309859375 0.16619998125 0.35420000156250003 0.1433615421875 0.371932434375 0.1701568953125 0.39752590468750004 0.1929529421875 0.3775309859375
1 0.10736776562499999 0.520294721875 0.09019998125 0.5382000015624999 0.11256687968750001 0.5566855281249999 0.12976391874999998 0.54068959375 0.10736776562499999 0.520294721875
1 0.274138915625 0.44711330781249997 0.25294256875 0.466708334375 0.27573867500000004 0.49070229843749996 0.2953352625 0.47230691875 0.274138915625 0.44711330781249997
1 0.2165488984375 0.6142708375 0.19719998125 0.6332000015625 0.218548553125 0.655060459375 0.23934494375 0.6362652484375 0.2165488984375 0.6142708375
1 0.27373902031249997 0.67425559375 0.25214271875 0.6930508046875 0.2697397125 0.715045215625 0.2905361046875 0.6942505125 0.27373902031249997 0.67425559375
1 0.389718965625 0.5926763515625 0.4133148609375 0.5686824484375 0.3929183625 0.5458882234375 0.36652296406249996 0.5662830343749999 0.389718965625 0.5926763515625
2 0.7436577 0.9491128 0.776452078125 0.9103226703124999 0.7428579109375 0.88192989375 0.7104634890625 0.9179207453125 0.7436577 0.9491128
2 0.7812512968750001 0.99470128125 0.86483681875 1 0.8164451625 0.9551112765625 0.7812512968750001 0.99470128125