0 0 0.6804539375 0.0935700453125 0.6004742656250001 0 0.45866666875 0 0.6804539375
0 0.19555243125 0.5971417781249999 0.3488592546875 0.497833775 0.308199578125 0.4531783765625 0.41351472031250003 0.385862109375 0.4221799078125 0.39852556875 0.476837103125 0.36653372968750003 0.3501923359375 0.1919114125 0.0336666359375 0.40866666875 0.109567340625 0.5058316203125 0.1242314515625 0.498500159375 0.19555243125 0.5971417781249999
0 0.7494565875 0.256561678125 0.7027979875 0.183246978125 0.7874500984374999 0.1279276828125 0.6974656578125 0 0.6461412203125 0.0019596875 0.370188878125 0.18991195156250001 0.47550402031249994 0.3418733 0.6408087890624999 0.22790227500000002 0.6901335515625 0.3058824375 0.7494565875 0.256561678125
0 1 0.05994500625 0.8919999687500001 0.08200000156250001 0.9274258937500001 0.28122205624999996 0.8934317296875 0.2878870296875 0.9294254656250001 0.4691742703125 1 0.45517783749999996 1 0.05994500625
0 0.86199996875 0.000333334375 0.8774345374999999 0.0719419015625 0.9707517343750001 0.05994500625 0.9607534624999999 0 0.86199996875 0.000333334375
0 1 0.48033333437500003 0.9660857937499999 0.4918351875 0.9867489265625 0.6124712359375 0.9180942140624999 0.6251346437499999 0.9414235124999999 0.7331071828125 1 0.7171112890625 1 0.48033333437500003
0 0.9647528124999999 0.8898187875 0.98199996875 0.98366666875 0.99608060625 0.9837948937500001 1 0.8764888421875 0.9647528124999999 0.8898187875
1 0.24911109062499998 0.5135555562499999 0.2366009328125 0.5212166828125 0.24682140156250001 0.53898994375 0.263707384375 0.5327692953125001 0.24911109062499998 0.5135555562499999
1 0.2739278515625 0.49100215937499997 0.25688886875 0.5057777796875 0.27526096875 0.523438340625 0.292591278125 0.5172176937499999 0.2739278515625 0.49100215937499997
1 0.298812396875 0.4776722140625 0.28577775625 0.48466666875 0.298812396875 0.5078867375 0.3134765421875 0.4981114578125 0.298812396875 0.4776722140625
1 0.9586983546875001 0.0870201078125 0.9378130234375 0.09324075625 0.9413680453125 0.1079036765625 0.9604757984375001 0.1074593515625 0.9586983546875001 0.0870201078125
1 0.9889152984375 0.21365459062499997 0.9668888687500001 0.22022222343750003 0.9809167343749999 0.2554217265625 0.99824704375 0.25320006875 0.9889152984375 0.21365459062499997
1 0.9280370171874999 0.3291807859375 0.9298144609375001 0.3265147703125 0.923593340625 0.2994105875 0.9084847343750001 0.3034095453125 0.910706571875 0.32829213749999997 0.9280370171874999 0.3291807859375
1 0.9378130234375 0.3527303703125 0.91577775625 0.356888890625 0.9280370171874999 0.38294492812500003 0.9444785375 0.3811675609375 0.9378130234375 0.3527303703125
1 0.99958009375 0.8975936984375 0.98688886875 0.9002222234374999 0.9920259250000001 0.92114328125 0.9986914390624999 0.9206989906249999 0.99958009375 0.8975936984375