0 0.000333303125 0.66366666875 0.43684401875 0.4385154046875 0.339527575 0.240565734375 0 0.41852048750000004 0.000333303125 0.66366666875
0 0.8374414531250001 0 0.5581563546874999 0.1452566015625 0.6434749546874999 0.3405403265625 0.9347579984375001 0.1879124375 0.8374414531250001 0
0 0.870333303125 0 0.962086646875 0.1852464390625 1 0.162585546875 1 0 0.870333303125 0
0 0.7994479421875 1 0.7207949578124999 0.8410798234374999 0.54549191875 0.9303904187500001 0.53082780625 0.898398528125 0.42533330312500006 0.9620000015624999 0.425512665625 0.9677143062500001 0.450175046875 0.9997060937500001 0.7994479421875 1
0 1 0.66779053125 0.9047631859375 0.7211103125 0.9160944375 0.7477702046875 0.846106540625 0.7817615046874999 0.8327755124999999 0.7577676624999999 0.72307928125 0.8122867859375 0.821444259375 0.9963736078125001 1 0.9070630124999999 1 0.66779053125
0 0.12356485937499999 0.9990396578125 0.2175486484375 1 0.1982185953125 0.96371528125 0.12356485937499999 0.9990396578125
0 0.38551958124999997 0.9257249562500001 0.33033330312500003 0.9536666687500001 0.352858603125 1 0.42151331562500005 0.9983731203125 0.38551958124999997 0.9257249562500001
0 0.0736666359375 0.105333334375 0.128897290625 0.06461044218749999 0.08090560937499999 0 0.020915984375 0.0352845515625 0.0736666359375 0.105333334375
1 0.0147201515625 0.6286035812499999 0.0027222437499999997 0.60679094375 0.0005407796875 0.6369651046875 0.0147201515625 0.6286035812499999
1 0.2815831296875 0.4668264875 0.25927271093750004 0.48018181875000004 0.26885805625 0.50209026875 0.293581009375 0.49154754375 0.2815831296875 0.4668264875
1 0.7851323609375 0.2247062078125 0.7583636203124999 0.23381818281250003 0.771680209375 0.2577887171875 0.79567608125 0.2439740359375 0.7851323609375 0.2247062078125