0 0.40530194062499997 0.2210707078125 0.34359830625 0.3090483578125 0.25332818437500004 0.2416369015625 0.2853226875 0.20164706406250002 0.14077623749999998 0.0993873515625 0 0.28314285781250004 0.30417649999999996 0.49300158906249997 0.466434209375 0.26563082968749996 0.40530194062499997 0.2210707078125
0 0.0002856875 0.06885714375 0 0.24335076875 0.0802152453125 0.1296653671875 0.0002856875 0.06885714375
0 0.6012679828125 0.431874284375 0.574986865625 0.4787195046875 0.4818600953125 0.4107367734375 0.5258524703125 0.34561050312499997 0.4692908578125 0.2987652390625 0.3202856875 0.5231428578124999 0.6206932484375 0.732940609375 0.76124040625 0.538704259375 0.6012679828125 0.431874284375
0 1 0.7980669687499999 0.82351531875 0.6678143390625 0.8006621265625 0.696378509375 0.717819309375 0.6381076203125 0.641714259375 0.7474285734375 0.9446372999999999 0.9740221796874999 1 0.8986127906249999 1 0.7980669687499999
1 0.611714259375 0.4631428578125 0.6012679828125 0.4787195046875 0.614408584375 0.49300158906249997 0.6304058375 0.47357794531249997 0.611714259375 0.4631428578125
1 0.6412610671875 0.4821471953125 0.6309772015624999 0.5009996531249999 0.6475457296875 0.5129965078125001 0.661257609375 0.4924304015625 0.6412610671875 0.4821471953125
1 0.6745714015625001 0.5017142875 0.66068633125 0.5221370328125 0.6761123062500001 0.5318488765625 0.6892528203125 0.514710375 0.6745714015625001 0.5017142875
1 0.7001080515625 0.5227083515625 0.689824184375 0.5358478437499999 0.7046787937500001 0.5529863453125 0.7189620390625 0.53527665625 0.7001080515625 0.5227083515625
1 0.6435464390625001 0.6055443984375 0.63383385 0.618683934375 0.652116384375 0.6306809203125 0.6618291484375 0.618112703125 0.6435464390625001 0.6055443984375
1 0.21171425937500002 0.1731428578125 0.19276719375 0.20107579062499997 0.223047690625 0.21935686250000003 0.23504565 0.194220428125 0.21171425937500002 0.1731428578125
1 0.160201415625 0.13823461875 0.14599997343749999 0.1560000015625 0.169914003125 0.1787957296875 0.18419724843750002 0.161657228125 0.160201415625 0.13823461875