0 0 0.35920221875 0.1348962125 0.5211611796875 0.2762051921875 0.39719259375 0.233545840625 0.3365413515625 0.24687686874999998 0.3258773546875 0.17888864531249998 0.24989670625 0.1695569671875 0.257228165625 0.12089869375 0.1939109234375 0 0.292552490625 0 0.35920221875
0 0 0.2132393546875 0.0049186890625 0.2172383296875 0.043578690625 0.181913953125 0 0.12992722031249998 0 0.2132393546875
0 0 0.997706684375 0.1936666359375 0.99866666875 0.4868353734375 0.7231097234375 0.3635233640625 0.58581129375 0.34286033125 0.6084722124999999 0.311532334375 0.5724813484375 0.19088659218749998 0.6871189109375 0.23621210625 0.7337737203125 0.19555243125 0.77376355625 0.1548927546875 0.7391057187500001 0.0842383671875 0.8084213953124999 0.11423317968749999 0.8470782578125 0.059575984375 0.900398040625 0.0215824734375 0.8664066390625 0 0.8877346328125 0 0.997706684375
0 0.8367748609375001 1 0.89209875 0.9663812296875 0.7087971140625 0.7437711796875 0.450175046875 1 0.6861343046874999 0.9963736078125001 0.70546435625 0.9783782015625 0.7327928015625 1 0.8367748609375001 1
0 1 0.334541840625 0.73745874375 0 0.68013528125 0.0446155234375 0.638142521875 0.0032926875 0.448175371875 0.14392360312500002 0.6901335515625 0.43518291875 0.5581563546874999 0.5538194546875 0.6836666359375 0.6820000015625001 1 0.391194109375 1 0.334541840625
0 0.5554901890624999 0 0.3986666359375 0.00866666875 0.47550402031249994 0.09593581875 0.5441588359375 0.042616035937500005 0.5234957015624999 0.02195460625 0.5554901890624999 0
1 0.0136666359375 0.355333334375 0.0409125265625 0.3378743265625 0.02491523125 0.316546434375 0 0.3385408125 0.0136666359375 0.355333334375
1 0.0336666359375 0.385333334375 0.046911448437499996 0.4025245421875 0.0769062609375 0.3811966484375 0.060909068749999996 0.3672002171875 0.0336666359375 0.385333334375
1 0.06557490625 0.4165210265625 0.060333303125 0.420333334375 0.083571775 0.444513890625 0.1129000984375 0.417854 0.0975693953125 0.40319107968749995 0.06557490625 0.4165210265625
1 0.0986666359375 0.47033333437499997 0.11689934531249999 0.48317075468750004 0.1435614015625 0.46517529687500003 0.12489794218750001 0.446513403125 0.0986666359375 0.47033333437499997
1 0.326196546875 0.66379150625 0.310333303125 0.65366666875 0.292202384375 0.6711230171875 0.3055334125 0.683786425 0.326196546875 0.66379150625