0 0.42617925625 1 0.44750888125 0.96838074375 0.3635233640625 0.92305890625 0.3488592546875 0.9503853359375001 0.294202059375 0.9183934468749999 0.3101992515625 0.8837356078124999 0.23621210625 0.8384137734375001 0.206883784375 0.8777371734375 0.1808883203125 0.8670731765624999 0.18955350937499998 0.845745284375 0.16755729218749998 0.8344148499999999 0.1868872421875 0.8044224734375 0.106234584375 0.749103178125 0.082905284375 0.77576306875 0.0335804203125 0.73843918125 0.048911121875000005 0.7097797781249999 0.0049186890625 0.683786425 0 1 0.42617925625 1
0 0.25954140625 0.66312496875 0.1868872421875 0.77509653125 0.55415710625 1 0.5794860796875 0.9603827953125 0.25954140625 0.66312496875
0 0.5288281328125 0.39852556875 0.524828784375 0.3845291359375 0.5668215437499999 0.3378743265625 0.44350953281249994 0.2032418953125 0.18488756875 0.4798382671875 0.183554484375 0.492501675 0.1408952359375 0.541822484375 0.26620692031250004 0.6604590203125 0.3141986015625 0.6044732890625 0.3221971984375 0.613137671875 0.5288281328125 0.39852556875
0 0.0236666359375 0.28033333437499997 0.1582255125 0.13059365625 0.00158593125 0 0 0.2652261125 0.0236666359375 0.28033333437499997
0 0.4528413140625 0.0992683046875 0.5468250015625 0 0.350333303125 0.0020000015625 0.4528413140625 0.0992683046875
0 1 0.39519308125 0.79199996875 0.63366666875 0.9287590765625 0.7544351765624999 0.9687521609375 0.7091133421875 0.9794168203125 0.714445340625 1 0.6917843718750001 1 0.39519308125
0 1 0.013290145312500001 0.9880821109375001 0 0.7636666359375 0.00366666875 0.954754540625 0.1779149796875 1 0.1272611703125 1 0.013290145312500001
1 0.3761333203125 0.4474666671875 0.3899522609375 0.46207621718749997 0.4019501859375 0.4506124765625 0.3872860546875 0.43488313593749994 0.3761333203125 0.4474666671875
1 0.9164999765624999 0.0577500015625 0.90405504375 0.06996760937499999 0.9225517546875001 0.087963028125 0.9315502890625 0.0744664734375 0.9164999765624999 0.0577500015625
1 0.9827499765625 0.0790000015625 0.9955391625000001 0.089962528125 1 0.07546620468750001 0.9940394828124999 0.064469015625 0.9827499765625 0.0790000015625
2 0.7715779515625 0 0.85656325625 0.0699041078125 0.8915572046875001 0.02741490625 0.8635620156250001 0 0.7715779515625 0