0 0.46217299375 0.28722054375 0.48750196562500003 0.25589514062499996 0.46150640000000004 0.21923779062499998 0.46683883125000003 0.21190632968749998 0.4208468265625 0.1532546265625 0.4335112625 0.14059111562499998 0.3368613078125 0.0139566328125 0 0.2805555703125 0.000333303125 0.490333334375 0.3708554703125 0.18724595156249998 0.42484607343749997 0.24723070625000002 0.4268457484375 0.24656421874999998 0.46217299375 0.28722054375
0 0.8101128046875001 0.6044732890625 0.5448253265624999 0.2692250859375 0.67147009375 0.1652515203125 0.57748640625 0.0439490109375 0.548824675 0.012623659374999999 0.427512340625 0.105933278125 0.44950855624999997 0.13792514218750002 0.435333303125 0.1520000015625 0.52416229375 0.2632266515625 0.43417785468750003 0.3398738375 0.708130521875 0.6884518843749999 0.8101128046875001 0.6044732890625
0 0.93699996875 0 1 0.087271359375 0.99808038125 0 0.93699996875 0
0 0.36699996874999996 0.9953333343749999 0.5628222953125 1 0.47350434531249996 0.8977744390625 0.36699996874999996 0.9953333343749999
0 0 0.5545282890625 0.0022525234375 0.8204607140625001 0.07511064218749999 0.904272959375 0.201551353125 0.8011323328125 0 0.5545282890625
1 0.0365799890625 0.6702992953125 0.0581762609375 0.6519039765625 0.049199981250000004 0.6372000015625 0.047778065625 0.63390855 0.022182484375 0.6519039765625 0.0365799890625 0.6702992953125
1 0.0761731484375 0.660701790625 0.049199981250000004 0.6832000015624999 0.060975795312500004 0.7010914578125 0.0869713 0.6802967546875001 0.0761731484375 0.660701790625
1 0.163758040625 0.7762723625 0.1441613921875 0.791068590625 0.1549595125 0.8094639406249999 0.1765558140625 0.7902688062500001 0.163758040625 0.7762723625
1 0.05857618437499999 0.840656025 0.04019998125 0.8572000015624999 0.06177564375 0.8778465234375 0.0789726828125 0.8662494953125 0.05857618437499999 0.840656025
1 0.00919998125 0.8082000015625 0.022582409375 0.7966672046875 0.01378394375 0.784670253125 0.00098616875 0.7970670656250001 0.00919998125 0.8082000015625
1 0.0485779140625 0.3982667734375 0.033199981249999996 0.41120000156250003 0.0537770265625 0.43025864374999995 0.06697475625 0.41746190624999996 0.0485779140625 0.3982667734375
1 0.57019998125 0.11320000156250001 0.580485965625 0.10514125625 0.5724873484375 0.0963435046875 0.561689228125 0.10314176562499999 0.57019998125 0.11320000156250001
1 0.516097075 0.203916171875 0.5092982625 0.21151421718750002 0.5176968343749999 0.22231149062500002 0.524895540625 0.211114325 0.516097075 0.203916171875
1 0.45450775 0.9330833265624999 0.4337113578125 0.9518785375000001 0.450508440625 0.969474103125 0.4745042921875 0.95347816875 0.45450775 0.9330833265624999