0 0.05840956562500001 0.34081809375 0.1197323078125 0.347483065625 0.1166216796875 0.40258018125 0.24682140156250001 0.41279978437500003 0.2770384125 0.1755267640625 0.0024444234375 0.14355555625 0.0010861375 0.3688109921875 0.05441025000000001 0.3799192796875 0.05840956562500001 0.34081809375
0 0.352136509375 0.5674272359375 0.7214060812499999 0.40702349531250004 0.6436417515625 0.21773829218750002 0.578319659375 0.24084350156249998 0.5672104703125 0.215516634375 0.3312512453125 0.315491209375 0.3414717140625 0.33992944375 0.28911109062499996 0.3602222234375 0.3170314953125 0.421686415625 0.294813115625 0.4310174046875 0.352136509375 0.5674272359375
0 0.712074334375 0.2537291046875 0.781395709375 0.259505428125 0.78050691875 0.29181574062500004 0.8578268546875 0.295940615625 0.8822670734375 0.030993101562499997 0.8351640796875 0.0256610859375 0.8338310312500001 0.002111553125 0.6471966375 0 0.6347544 0.1439792328125 0.6858566734375 0.1497555390625 0.680524209375 0.189301034375 0.71918424375 0.191967034375 0.712074334375 0.2537291046875
1 0.1802222015625 0.21355555625 0.1752782578125 0.240339890625 0.19394168437499998 0.24122854062500002 0.19305296249999998 0.21101401718749999 0.1802222015625 0.21355555625
1 0.01688886875 0.3591111125 0.03707990625 0.36297541718750004 0.038857384375 0.33809282500000004 0.017527725 0.33809282500000004 0.01688886875 0.3591111125
1 0.153555534375 0.3602222234375 0.14772741250000002 0.3883023 0.16461339531250002 0.3896353078125 0.16994579375000002 0.36430835625 0.153555534375 0.3602222234375
1 0.1948304046875 0.36386406718750003 0.1912754515625 0.39141260624999996 0.2148269484375 0.3945229140625 0.21616006406250002 0.366530015625 0.1948304046875 0.36386406718750003
1 0.3694668875 0.3767496546875 0.378798565625 0.393634265625 0.397462059375 0.3896353078125 0.3854640796875 0.36741873125 0.3694668875 0.3767496546875
1 0.399683896875 0.5393750171875 0.3913333125 0.52355555625 0.370800003125 0.5273780796875001 0.3810204046875 0.5473729984375 0.399683896875 0.5393750171875
1 0.46989392343749997 0.49716352343750003 0.4624444234375 0.47577777968749996 0.44367626250000003 0.48516658437500004 0.45211922031249996 0.5033841375 0.46989392343749997 0.49716352343750003
1 0.482780625 0.4731695796875 0.49122358281249995 0.490054190625 0.5076651703125 0.48205620937500004 0.497889096875 0.46295000937499997 0.482780625 0.4731695796875
1 0.5102222015625 0.3702222234375 0.5178856390625 0.38563628437499997 0.5374378546874999 0.3763053625 0.52810610625 0.36119805 0.5102222015625 0.3702222234375
1 0.4846666453125 0.3080000015625 0.4925566984375 0.3234298703125 0.508553959375 0.3154319234375 0.500110934375 0.29543700624999997 0.4846666453125 0.3080000015625
1 0.608980996875 0.2465605390625 0.58577775625 0.2524444453125 0.5929838046875 0.2785524625 0.61831274375 0.263445115625 0.608980996875 0.2465605390625
1 0.62577775625 0.276888890625 0.6369762375 0.294548321875 0.6547509421875 0.28477304375 0.6454191953125 0.2652225171875 0.62577775625 0.276888890625
1 0.63577775625 0.39911111250000003 0.6174240234374999 0.40829721875 0.6280888859375 0.4282921375 0.6436417515625 0.42207145468749996 0.63577775625 0.39911111250000003
1 0.6624444234375 0.391333334375 0.6756361375 0.41274053437499997 0.688967165625 0.40429819375 0.680524209375 0.3816373265625 0.6624444234375 0.391333334375
1 0.5729872625 0.42562612031249997 0.55432376875 0.43629011875 0.5680991921875 0.4522860125 0.5854295015625001 0.44650968906250005 0.5729872625 0.42562612031249997
1 0.8224444234374999 0.21911111249999998 0.82361063125 0.23411924375 0.8493838984375 0.23722954999999998 0.848939503125 0.219900646875 0.8224444234374999 0.21911111249999998
1 0.8302222015625 0.111333334375 0.8307204046875001 0.139032290625 0.8533831796875001 0.139476615625 0.8560494125 0.1097346484375 0.8302222015625 0.111333334375