0 0.0275814984375 0.0019596875 0 0.035333334375 0.11023383125 0.1392581421875 0.1682237828125 0.0879378453125 0.0689076640625 0 0.0275814984375 0.0019596875
0 0.2722058421875 0 0.195333303125 0.125333334375 0.40018369218750005 0.3052159484375 0.4188471515625 0.30321648749999996 0.4568405609375 0.2538956796875 0.457507153125 0.22923524843749998 0.43484434375000003 0.20790735625 0.47350434531249996 0.146589653125 0.44150985781249996 0.1272611703125 0.5154971046875 0.0012932 0.554823596875 0.01862211875 0.5668215437499999 0 0.2722058421875 0
0 0 0.50866666875 0.077572853125 0.42785145937499997 0.10156864218749999 0.39652610625 0.046244956250000004 0.3398738375 0.024248740625 0.3578692453125 0 0.3365413515625 0 0.50866666875
0 0.23021308437500002 0.8750711234375 0.4101819625 0.7011153953125 0.3141986015625 0.5978083671875 0.31753135781249997 0.54582145625 0.29620173437499997 0.5298255625 0.256875140625 0.53315805 0.25087621875 0.5404895093750001 0.2082168671875 0.4998331859375 0.3068664953125 0.3925270828125 0.210333303125 0.3020000015625 0.0895707984375 0.426518484375 0.17222313125 0.50916410625 0.0335804203125 0.6464625359375 0.23021308437500002 0.8750711234375
0 0.3095327625 0.8830690703125 0.40018369218750005 0.995040634375 0.6414752796875 0.9997060937500001 0.6814683640625 0.9537178234375 0.618812571875 0.8970655546874999 0.5981494374999999 0.9277244703124999 0.485333303125 0.8236666687499999 0.5134974296875 0.7937584765625 0.45817364375 0.7411052312499999 0.3095327625 0.8830690703125
1 0.2148269484375 0.7247205328125 0.2013333125 0.7413333343749999 0.21616006406250002 0.7518247812500001 0.23037981406250002 0.74071649375 0.2148269484375 0.7247205328125
1 0.19705224375 0.61319329375 0.1824444234375 0.626888890625 0.1921641734375 0.6340769296875 0.2041621515625 0.6211912749999999 0.19705224375 0.61319329375
1 0.21022220156250002 0.6491111125 0.2201593453125 0.6371872375 0.212160715625 0.62741195625 0.1974966375 0.6411861937500001 0.21022220156250002 0.6491111125
1 0.31036598125000003 0.545210659375 0.29170255625 0.5305476375 0.263707384375 0.5336579796875001 0.25348691562500003 0.546987925 0.2050508734375 0.4963341921875 0.167279628125 0.5301033125 0.2654848265625 0.62918925625 0.31925333437500003 0.581645796875 0.31036598125000003 0.545210659375
1 0.38688886875 0.04355555625 0.37257744531250003 0.0612488671875 0.3903521515625 0.06791383906250001 0.401905734375 0.0563612265625 0.38688886875 0.04355555625
1 0.34458227343750003 0.1732204296875 0.32636324375000003 0.1887720328125 0.33880548125 0.2012132953125 0.35346962656250003 0.18788335 0.34458227343750003 0.1732204296875
1 0.2646666453125 0.15355555625 0.2717060140625 0.1621121421875 0.2881476015625 0.1465605390625 0.2765940171875 0.136785225 0.2646666453125 0.15355555625
1 0.39577775625 0.02355555625 0.38990775625 0.032811642187500004 0.4081268546875 0.045252939062500004 0.41479236875 0.035477659375 0.39577775625 0.02355555625