0 0.25354238281249997 0.5704818875 0.50283266875 0.3938601078125 0.505498834375 0.331209353125 0.5594895375 0.332542328125 0.5528240234374999 0.1652515203125 0.49150121406249997 0.1679175203125 0.49883332031250005 0.26855859843749996 0.44017677656250004 0.3072154625 0.39618444375 0.23923270937500002 0.3501923359375 0.2652261125 0.3148650921875 0.219904328125 0.2722058421875 0.24989670625 0.24554378593749998 0.24656421874999998 0.2235475703125 0.2612271390625 0.2208814046875 0.28722054375 0.2588748140625 0.3405403265625 0.1968855125 0.3831961625 0.1548927546875 0.32521086875 0.11156691249999999 0.35387027031249996 0.09090388125 0.32321140625 0.0136666359375 0.38200000156249997 0.128897290625 0.5391564843750001 0.1922196734375 0.4898357265625 0.25354238281249997 0.5704818875
0 0.204884109375 1 0.3388609828125 0.9350558796874999 0.2008848625 0.6457961 0.1962190234375 0.6511280984375001 0.17422280625 0.6031402124999999 0.078905934375 0.5744809625 0.0602424765625 0.617803234375 0.015333303125 0.6370000015625 0.064241825 0.766432046875 0.01625014375 0.7844275546875 0.0495777140625 0.8657402015625 0.066907990625 0.8570757171875 0.10023555937499999 0.9323899296875 0.13422972187499999 0.917727009375 0.166224209375 1 0.204884109375 1
0 0.9420901046875001 0.521827565625 0.8801007015625 0.426518484375 0.8261099984375001 0.46984080781250004 0.7401249078125 0.347871784375 0.74812360625 0.3472052984375 0.6808018734375 0.2525626546875 0.6001491125 0.3072154625 0.6294774359375 0.3472052984375 0.55699996875 0.405333334375 0.7061307453125 0.6298001046875 0.844773559375 0.5258265390625 0.8767679453125 0.5618174015624999 0.9420901046875001 0.521827565625
0 0.9987469734375001 0.6864523734375 0.9760840640625 0.7071138296874999 0.8734351874999999 0.5631504265625 0.7814511765625001 0.62646761875 0.80611345625 0.6664574546875001 0.75699996875 0.700333334375 0.9134282734375001 0.919059984375 1 0.8517437187500001 0.9987469734375001 0.6864523734375
0 1 0.901731015625 0.9314252421875 0.9643818203125001 0.9834161703125 1 1 1 1 0.901731015625
1 0.079111090625 0.6168888906250001 0.0988469765625 0.66032069375 0.130397103125 0.6425474328125 0.11306679374999999 0.6052236453125001 0.079111090625 0.6168888906250001
1 0.15688886875000002 0.64355555625 0.16416906874999998 0.6656526578124999 0.18594305312499998 0.6563217703124999 0.17394514218749998 0.635438134375 0.15688886875000002 0.64355555625
1 0.7246666453125 0.47355555625 0.7338483203124999 0.491474715625 0.75562230625 0.47503442968750004 0.7494011875 0.46081583437500007 0.7246666453125 0.47355555625
1 0.049111090625 0.8091111124999999 0.05840956562500001 0.8380533015625 0.0846272265625 0.8265006546875 0.06996308125 0.80072948125 0.049111090625 0.8091111124999999
1 0.0979999796875 0.91466666875 0.11128928281249999 0.90606426875 0.10595688437499999 0.8949559812500001 0.08951529687500001 0.901620953125 0.0979999796875 0.91466666875
1 0.10240193125 0.8878466484375 0.0979999796875 0.8702222234375 0.081072271875 0.8794043765625 0.0877377859375 0.894511621875 0.10240193125 0.8878466484375
2 0.28414832031250004 0.84385785625 0.257486265625 0.784317425 0.20466664531249998 0.811333334375 0.21971501875000002 0.8460795125 0.2490432390625 0.834971225 0.257486265625 0.8567434437499999 0.28414832031250004 0.84385785625
2 0.173500746875 0.9340571687500001 0.1921641734375 0.9229488796875 0.146838690625 0.8291949015625001 0.10577775625000001 0.851333334375 0.1566147640625 0.965604665625 0.1801662609375 0.9553850265625 0.173500746875 0.9340571687500001