0 0.203551028125 1 0.2415444375 0.9577168468749999 0.1962190234375 0.9157274984375 0.288203034375 0.8210849046875 0.324196871875 0.8590752296874999 0.39018542031250003 0.77842901875 0.22699996875 0.6203333343749999 0.0002528484375 0.8484112312500001 0 0.997706684375 0.11823242656249999 0.9957071718750001 0.136229396875 0.9823772265624999 0.15289318125 1 0.203551028125 1
0 0.350333303125 0.9970000015625 0.60948089375 1 0.46417266718750005 0.8817360953125 0.350333303125 0.9970000015625
0 0.5881511671874999 0.559817940625 0.62681116875 0.5184950796875001 0.5981494374999999 0.4898357265625 0.6428084640625 0.43784891875 0.6748028500000001 0.46517529687500003 0.7287936562499999 0.4018580546875 0.69946523125 0.3771976765625 0.8421073937499999 0.2272357875 0.70546435625 0.11459773749999999 0.37699996874999997 0.4620000015625 0.5121643484375 0.5711484765625 0.55082435 0.5351575109375 0.5881511671874999 0.559817940625
0 0.9427564937499999 0.62646761875 0.9734178984374999 0.58714431875 0.856771403125 0.4911688015625 0.8261099984375001 0.5318250234375 0.792782428125 0.50916410625 0.6768025234375 0.6497950234375 0.8454401515625 0.787760040625 0.96808556875 0.653127509375 0.9427564937499999 0.62646761875
0 1 0.6704564796875 0.862770325 0.805755446875 1 0.916393934375 1 0.6704564796875
0 0.8314425312499999 0.17058349374999998 0.9434230859375001 0.2592276265625 0.9794168203125 0.2065743828125 1 0.2225702765625 0.9994133625 0 0.7324142046875 0.00033029375 0.826776590625 0.087271359375 0.8434403749999999 0.061944442187500004 0.887432809375 0.10393376562500001 0.8314425312499999 0.17058349374999998
1 0.1692388859375 0.974062746875 0.1529090734375 0.991090909375 0.17032961875 1 0.1834182859375 0.9882409390625 0.1692388859375 0.974062746875
1 0.6165454375 0.2938181828125 0.60516348125 0.30391260781249996 0.6157072015625 0.318090828125 0.628795759375 0.3035490703125 0.6165454375 0.2938181828125
1 0.6564273671875 0.3079115859375 0.645156565625 0.31918144375 0.6557002859375001 0.334086740625 0.6691524390625 0.3199085484375 0.6564273671875 0.3079115859375
1 0.6644260281250001 0.2461091109375 0.651337359375 0.2595602265625 0.6629717562499999 0.26937593125000003 0.6749696375 0.25810607343749997 0.6644260281250001 0.2461091109375
1 0.745636346875 0.24472727343749998 0.7538651296875 0.2326579953125 0.73895859375 0.219570390625 0.7302328515625 0.23047670937500003 0.745636346875 0.24472727343749998