0 0.014916959375 1 0.791449446875 0.057278981250000006 0.7307932296875 0.0019596875 0.6128136515625 0 0.000333303125 0.7370000015625 0.000919440625 1 0.014916959375 1
0 0.6974656578125 1 0.622811921875 0.9457198765625 0.7107966875 0.8377473375 0.79744836875 0.9070630124999999 0.8574379953125 0.8317488000000001 0.7701197203125 0.7624331234375 0.8587711796875 0.6611255578125 0.9160944375 0.712445828125 0.9700851421875001 0.6317996156250001 0.908762534375 0.58981031875 0.997413790625 0.485170215625 1 0.4145215125 0.9000972453125 0.32521086875 0.350333303125 1 0.6974656578125 1
0 1 1 0.9954142171875 0.8264168015625 0.865333303125 1 1 1
0 0.054243554687499994 0 0 0.0519469828125 0 0.3470000015625 0.0409125265625 0.387861621875 0.098235884375 0.2998840015625 0.047578040625 0.2652261125 0.048911121875000005 0.2432317328125 0.11090042343749999 0.1599195984375 0.13689588749999998 0.1579200609375 0.2342124328125 0.235233734375 0.2935354671875 0.1692505203125 0.1988851875 0.0892708453125 0.20621729375000003 0.061277954687500004 0.2608744890625 0 0.054243554687499994 0
0 0.30699996875 0 0.38351990625 0.05861195625 0.43884369375 0 0.30699996875 0
1 0.046999968749999996 0.125333334375 0.066907990625 0.1392581421875 0.0769062609375 0.1259281953125 0.060909068749999996 0.1099323015625 0.046999968749999996 0.125333334375
1 0.06699996875 0.10366666875 0.086238040625 0.11659727499999999 0.0962363125 0.1032673296875 0.0769062609375 0.0912703328125 0.06699996875 0.10366666875
1 0.045333303125 0.2870000015625 0.0349135015625 0.30055048906250004 0.0495777140625 0.315213409375 0.060909068749999996 0.29855097656249996 0.045333303125 0.2870000015625
1 0.07199996875 0.330333334375 0.077572853125 0.31121443437499996 0.059575984375 0.2992174640625 0.0515772875 0.315213409375 0.07199996875 0.330333334375
1 0.12033330312499999 0.2120000015625 0.14422799375 0.17658200468750002 0.1348962125 0.17191649375 0.11023383125 0.20457487031250002 0.12033330312499999 0.2120000015625
1 0.19355275624999999 0.15458757343750001 0.1786666359375 0.14200000156249998 0.1682237828125 0.1532546265625 0.184221078125 0.1679175203125 0.19355275624999999 0.15458757343750001
1 0.160333303125 0.16866666875 0.1768889703125 0.179247953125 0.183554484375 0.16858400625 0.164224534375 0.15458757343750001 0.160333303125 0.16866666875
1 0.581485653125 0.8804031218749999 0.5988160296875 0.88840106875 0.610147384375 0.8717386375 0.5928171078125 0.8630741515624999 0.581485653125 0.8804031218749999