0 0.11256687968750001 0.9646834656250001 0.1533598125 0.8911021296875001 0.0661748765625 0.845513709375 0.0753732984375 0.82751828125 0.00319998125 0.7852000015625 0 0.9482876078125001 0.0169834015625 0.9130965390625001 0.11256687968750001 0.9646834656250001
0 0.9016303828125001 1 0.9916148218749999 0.9070472484375 0.9052298578125001 0.8170701156250001 0.8640369078125 0.855060459375 0.8244437796874999 0.8138201 0.8664365171874999 0.773030478125 0.7760521234375 0.6762550843749999 0.7240611125 0.727042165625 0.7592551000000001 0.7638328046875 0.727660465625 0.793025396875 0.6880673374999999 0.751435990625 0.6836680734375 0.7562347593750001 0.66287174375 0.737039625 0.7556556249999999 0.647462415625 0.593283740625 0.4818282296875 0.60208220625 0.4746301078125 0.528095 0.399449203125 0.4341112515625 0.48542735156249994 0.42491283125 0.477429384375 0.4509083359375 0.454635190625 0.440110215625 0.44223831562499993 0.5316944140625 0.355060459375 0.46570582656250004 0.2826788921875 0.42091352187500003 0.323868375 0.3209308125 0.22149439843750002 0.3673228140625 0.1811046703125 0.2997345265625 0.10872307031249999 0.248543365625 0.157510659375 0.273339065625 0.1807047765625 0.23934494375 0.2102972625 0.20375112343750001 0.172706809375 0.2181485984375 0.159110259375 0.1841544765625 0.122319621875 0.10819998125000001 0.1922000015625 0.139362234375 0.22397002187499998 0.1205654953125 0.24396497031250003 0.36932246874999997 0.5267693140625 0.3553248890625 0.54076575625 0.3937182734375 0.5799558234375 0.3825201984375 0.5911529453125001 0.5180967296875 0.7427144328125 0.5020994953125 0.7563109828125001 0.6340766734375001 0.9014741031250001 0.6504738624999999 0.8882774453125 0.758455190625 1 0.9016303828125001 1
0 0.14616104531250002 0.9590848515625 0.09217038125 0.9982749046875 0.1457611515625 0.9990746875 0.1649577828125 0.9842784609375 0.14616104531250002 0.9590848515625
0 0 0.08820000156249999 0.09257030625 0.19030234375 0.2729391109375 0.0239446296875 0.24534390625000002 0 0.211349784375 0.0003506046875 0.1929529421875 0.0163465546875 0.176955709375 0 0 0.0007505125 0 0.08820000156249999
1 0.30467655 0.2739278375 0.286571415625 0.287285715625 0.3035338640625 0.3053484234375 0.3186741125 0.291637634375 0.30467655 0.2739278375
1 0.4697908625 0.31106125625000003 0.45228570156250003 0.32728571562500003 0.46264924062499996 0.34105365625 0.48036045468750005 0.3270571875 0.4697908625 0.31106125625000003
1 0.4423670171875 0.39218350156250004 0.43014284375 0.4037142859375 0.4426526984375 0.414749221875 0.45465061562500003 0.40675124531250006 0.4423670171875 0.39218350156250004
1 0.49435801718750005 0.434172821875 0.46728570156250004 0.454428571875 0.493215375 0.4755908671875 0.5140689203125001 0.45759547500000003 0.49435801718750005 0.434172821875
1 0.459221228125 0.48187501875 0.4535079296875 0.49158681875 0.46379188281249994 0.49929913593749997 0.471790509375 0.49530017031250007 0.459221228125 0.48187501875
1 0.5971973765625 0.48221507968750005 0.5558571296875 0.5165714296874999 0.6009110734374999 0.57390608125 0.6449034484375 0.5359157265625 0.5971973765625 0.48221507968750005
1 0.5052132921875 0.607040490625 0.49014284375 0.619428571875 0.5012140015625 0.6327482437499999 0.5154972453125 0.617323609375 0.5052132921875 0.607040490625
1 0.5537763234375 0.6536000953125 0.53514284375 0.6694285718749999 0.5460633796875001 0.684735065625 0.5643459156249999 0.67045298125 0.5537763234375 0.6536000953125
1 0.014846149999999999 0.9130353546875 0.1107100875 0.9653077921875 0.15510758281249998 0.8907552937500001 0.057981521875 0.8401967234375001 0.014846149999999999 0.9130353546875