0 0.030914254687499997 0.5664829140625 0.068241071875 0.5918097796875 0.121565184375 0.5184950796875001 0.136229396875 0.5271595640625 0.17422280625 0.47717226874999996 0.12489794218750001 0.4385154046875 0.14489448437500002 0.41385502656249995 0.0749065859375 0.35986875625 0.1668907 0.2512296796875 0.0762397703125 0.179914490625 0.0629087421875 0.198576384375 0.0229156578125 0.17058349374999998 0.012917387499999999 0.181247465625 0.000333303125 0.170333334375 0.00158593125 0.559151403125 0.0215824734375 0.5704818875 0.030914254687499997 0.5664829140625
0 0.26820649375 0.805088909375 0.3608572 0.6817869125 0.46017331875 0.7597670734374999 0.590817434375 0.5844784203125 0.514164021875 0.524493665625 0.50083299375 0.5404895093750001 0.38152023125 0.4491793515625 0.393518178125 0.4298509703125 0.3086666359375 0.3720000015625 0.17755556249999999 0.55048696875 0.2755385984375 0.62180215625 0.19155308124999998 0.746437128125 0.26820649375 0.805088909375
0 0.7321264125 1 0.7501231796875001 0.9823772265624999 0.7701197203125 0.9990396578125 0.9147614562499999 1 0.99808038125 0.8924000937500001 0.7794514 0.7344402578125 0.7787850109375001 0.729108259375 0.6969999687499999 0.6620000015625 0.5608226203125 0.8390803109375 0.6594722484375 0.916393934375 0.5928171078125 1 0.7321264125 1
0 0.9954142171875 0 0.70699996875 0.000333334375 0.9194271953125 0.1492556015625 0.90809594375 0.15592057343750002 1 0.22790227500000002 0.9954142171875 0
1 0.06472725625 0.3938181828125 0.0405338640625 0.42138349062499997 0.07252834375 0.4461044921875 0.09470632031250001 0.41883869375 0.06472725625 0.3938181828125
1 0.3106690078125 0.38975517656249997 0.3019432109375 0.40356985781250004 0.3186676140625 0.4155667921875 0.3277569515625 0.3995708515625 0.3106690078125 0.38975517656249997
1 0.253224384375 0.48173181249999997 0.2455893203125 0.4802776296875 0.2361364421875 0.4937287453125 0.24849791875 0.5057257078124999 0.2626772625 0.4882755875 0.253224384375 0.48173181249999997
1 0.27290907343750004 0.53018181875 0.264131590625 0.5395352812499999 0.2761295265625 0.5471697265625 0.2801288015625 0.539898846875 0.27290907343750004 0.53018181875
1 0.3074545296875 0.5483636375 0.2983074765625 0.5591666609375 0.31212327968750003 0.568255259375 0.31939475 0.55771250625 0.3074545296875 0.5483636375
1 0.3374545296875 0.571090909375 0.3288476828125 0.5824335078125 0.3430270265625 0.5929762609375 0.348844225 0.57988865625 0.3374545296875 0.571090909375
1 0.3619999828125 0.4347272734375 0.35357063593750004 0.44465030937499994 0.3677500359375 0.4581014546875 0.37902078125 0.44174197499999995 0.3619999828125 0.4347272734375
2 0.6364308249999999 0.84716276875 0.6557002859375001 0.8235324390625 0.7338685875000001 0.8769734187499999 0.7502293953125 0.853706571875 0.66406243125 0.7915406140625 0.6484288171875 0.8166250984375001 0.6386122875 0.8108084 0.6207972093749999 0.8337116531250001 0.61534360625 0.830803290625 0.6135257390625 0.83116685625 0.59472725625 0.8210909093750001 0.577168334375 0.8446179734375001 0.7145991265625 0.952227009375 0.7356864546875 0.9205986953125 0.6364308249999999 0.84716276875
1 0.6364308249999999 0.7577078875 0.6306136265625 0.7722496453125001 0.6433386984375 0.7802476031250001 0.651337359375 0.7671599984374999 0.6364308249999999 0.7577078875
1 0.6974545296875 0.6847272734375001 0.6898761734375001 0.7002679296875 0.7000561859375 0.708265884375 0.7105997953125 0.6897252046875 0.6974545296875 0.6847272734375001
1 0.743818165625 0.7238181828125 0.7316871234375 0.737349403125 0.7502293953125 0.7475286453125001 0.7582279453125 0.7275337265624999 0.743818165625 0.7238181828125
1 0.6519999828125 0.8301818187500001 0.6418844265625 0.8435042312500001 0.6644260281250001 0.8576824796875 0.67097030625 0.8435042312500001 0.6519999828125 0.8301818187500001
1 0.702964840625 0.8693158750000001 0.692784715625 0.8842212 0.712054178125 0.8951275203125 0.71968913125 0.8816763484375001 0.702964840625 0.8693158750000001
1 0.6719999828125001 0.941090909375 0.6626081609375001 0.9573397015625 0.68005964375 0.9718814609375 0.68914898125 0.9533407515625001 0.6719999828125001 0.941090909375
1 0.896385871875 0.053384609375 0.8843879906250001 0.071561809375 0.906565996875 0.0871942109375 0.9174732015625 0.06792636875 0.896385871875 0.053384609375
1 0.9474545296875 0.0774545453125 0.9316525453125 0.09919114531249999 0.9552848218750001 0.114823546875 0.9705548437499999 0.0941015234375 0.9474545296875 0.0774545453125