0 0 0 0.000333303125 0.195333334375 0.0935700453125 0.22194613593749998 0.1515599984375 0.0036359734375 0.12223177656249999 0 0 0
0 0.24354411250000002 0.1822572640625 0.30220065625000003 0.1855897515625 0.3141986015625 0.1722598046875 0.308199578125 0.1096090515625 0.450175046875 0.11094202500000001 0.45217472187499996 0.024963942187499998 0.393518178125 0.023630890625 0.3921850953125 0 0.1815548109375 0.0016365375000000001 0.17822205468750002 0.1162740234375 0.235545515625 0.1116085625 0.2382116796875 0.16759429374999998 0.24354411250000002 0.1822572640625
0 0.418180559375 0.2569049390625 0.41351472031250003 0.3628780171875 0.46883850625 0.366876990625 0.46883850625 0.37020947656250003 0.6728032765624999 0.37687444999999997 0.6721366843750001 0.0749512375 0.55699996875 0.082033334375 0.5554901890624999 0.176925265625 0.47483742968750003 0.1822572640625 0.46950509843750005 0.2602374265625 0.418180559375 0.2569049390625
0 0.6386666359375 0.0087000015625 0.7314598203125 0.1002780796875 0.8187780953124999 0.009634459375 0.8127789703125 0.0009699984375 0.6386666359375 0.0087000015625
0 0.42199996874999995 0.452033334375 0.32952930468749997 0.5501637421875001 0.4241795828125 0.6354754140625001 0.516163696875 0.5401662828125 0.42199996874999995 0.452033334375
0 0.5001664015625 0.62014595625 0.5228292109375 0.6408074125 0.5468250015625 0.6394744390625 0.5708208921875 0.6174800078125 0.65014046875 0.6954601703125001 0.74412425625 0.58948714375 0.6541398171874999 0.5048419578125001 0.6748028500000001 0.4848470390625 0.6294774359375 0.443524178125 0.5041657515625 0.5614941765625 0.5121643484375 0.5701586609375 0.4994999125 0.5881540671875001 0.5001664015625 0.62014595625
0 0.67699996875 0.6903666687500001 0.57748640625 0.7934352484375 0.6841346296874999 0.88541189375 0.7774518265625 0.77344033125 0.67699996875 0.6903666687500001
0 1 0.9893855109375 0.9987469734375001 0.9014077875 0.890333303125 0.8037000015625001 0.8067800484375001 0.9094058374999999 0.9160944375 0.9973834578125 0.9954142171875 1 1 0.9893855109375
0 1 0.6637000015625001 0.9474224343750001 0.73345049375 0.9667523843750001 0.7507794640625 0.9294254656250001 0.7967677359375 1 0.8640840015625001 1 0.6637000015625001
0 0.3928516875 0.9987164312499999 0.379520659375 0.9907184843750001 0.427512340625 0.9200697312499999 0.41951374374999995 0.8907438937500001 0.370188878125 0.8547529796875001 0.33019579375 0.8627510265625 0.308199578125 0.895409353125 0.22954659375 0.842756109375 0.204884109375 0.876747409375 0.12199996875 0.8937000015625 0.048911121875000005 0.916070809375 0.06757458125 1 0.3928516875 0.9987164312499999
1 0.42151331562500005 0.8847453562500001 0.36752271406250003 0.8527535687500001 0.3275296296875 0.8647504375 0.28866663593749997 0.9287000015625001 0.379520659375 0.990051946875 0.42484607343749997 0.92740124375 0.42151331562500005 0.8847453562500001
1 0.1988851875 0.9693905921875 0.18699996875 0.987033334375 0.2055507015625 0.9973834578125 0.216215565625 0.9787215125 0.1988851875 0.9693905921875
1 0.250333303125 0.987033334375 0.265540328125 0.9960504828125 0.27687168125 0.9800544875 0.2615409796875 0.9680575156250001 0.250333303125 0.987033334375
1 0.292202384375 0.0662867265625 0.26199996875 0.067033334375 0.26820649375 0.09294661875 0.29153579218750003 0.09094710624999999 0.292202384375 0.0662867265625
1 0.28287070625 0.1735927796875 0.28199996875 0.15536666875 0.2648737359375 0.158263371875 0.2648737359375 0.17492580468750002 0.28287070625 0.1735927796875
1 0.1129000984375 0.045625296875 0.12033330312499999 0.02036666875 0.10023555937499999 0.011633995312500001 0.0975693953125 0.0396268359375 0.1129000984375 0.045625296875
1 0.0089180375 0.009634459375 0.02691490625 0.0103009453125 0.0275814984375 0.0016365375000000001 0.0089180375 0 0.0089180375 0.009634459375