0 0 0.9183934468749999 0.075333303125 0.9403333343750001 0.15289318125 0.66379150625 0 0.615803721875 0 0.9183934468749999
0 0.02691490625 0 0.14822724062499998 0.067276440625 0.19555243125 0 0.02691490625 0
0 0.6781356062499999 0.0892708453125 0.7001318234375 0 0.43817710156249995 0.0012932 0.394851259375 0.150588575 0.7061307453125 0.2259027625 0.7407915 0.10926576406249999 0.6781356062499999 0.0892708453125
0 0.7547891203125 1 0.7994479421875 0.8717386375 0.4936666359375 0.7820000015625 0.43284477031249996 1 0.7547891203125 1
0 0.9987469734375001 0.9990396578125 0.9994133625 0.936388853125 0.8274431812499999 0.8844021453125 0.807446640625 0.8804031218749999 0.7734524781250001 0.9983731203125 0.9987469734375001 0.9990396578125
1 0.49210122343749996 0.9482621999999999 0.49850014218750005 0.9206692375 0.47994563125 0.917190515625 0.47210468125 0.943063509375 0.49210122343749996 0.9482621999999999
1 0.51819998125 0.9292000015624999 0.5144973765625 0.9550604593750001 0.5356937234375 0.9562601671875001 0.5368934671875001 0.9338658343749999 0.51819998125 0.9292000015624999
1 0.5596895734375 0.9394644484375 0.5528907000000001 0.96465805625 0.5732871984375 0.969456825 0.57808635625 0.9450630015625 0.5596895734375 0.9394644484375
1 0.59419998125 0.9452000015625 0.6048817093750001 0.94946190625 0.6096809296875 0.9362652484374999 0.59608324375 0.9314664796875001 0.59419998125 0.9452000015625
1 0.5741999812499999 0.0532000015625 0.5716874984375 0.0703074265625 0.6032820109375 0.080304884375 0.6064814703125 0.0587103671875 0.5741999812499999 0.0532000015625
1 0.64919998125 0.0202000015625 0.66127204375 0.0267184984375 0.6728700140625 0.0007251046875 0.6520735609375 0 0.64919998125 0.0202000015625
1 0.6120804765625001 0.0119222703125 0.6160797859375 0 0.5948834390625 0.0047240875 0.6120804765625001 0.0119222703125