0 0.4121816375 0.3052159484375 0.3221971984375 0.23123476250000002 0.2622075703125 0.2992174640625 0.201551353125 0.24656421874999998 0.0036666359375 0.4620000015625 0.00158593125 0.5971417781249999 0.0882376140625 0.6724559906249999 0.4121816375 0.3052159484375
0 0.43551093593749995 0 0.2836666359375 0.16866666875 0.4541743953125 0.3298763796875 0.62681116875 0.12126270937500001 0.5794860796875 0.069275928125 0.6428084640625 0.1032673296875 0.676136034375 0.0552794703125 0.6001491125 0 0.5721539734375 0 0.546158509375 0.0446155234375 0.4928343984375 0 0.43551093593749995 0
0 0.8734351874999999 0.10193427968749999 0.7847839328124999 0.188578925 0.8534386453125 0.2518961671875 0.9427564937499999 0.1659180328125 0.8734351874999999 0.10193427968749999
0 0 0.8650736640625001 0.01199996875 0.8620000015624999 0.06957425625 0.803089396875 0.018916309375000002 0.7577676624999999 0.068241071875 0.69978231875 0 0.6411306390625 0 0.8650736640625001
0 1 0.6971163703125 0.9686666359375 0.665333334375 0.8607707515625 0.7770960437500001 0.8281097734375 0.749769615625 0.7207949578124999 0.8677397140625001 0.8261099984375001 0.9610493343750001 0.8161117265625 0.9723797671875 0.7787850109375001 0.9410544156249999 0.768786740625 0.9577168468749999 0.7234611234375 0.9197264203125 0.6454746296875 1 0.9567541140625 1 1 0.9590498203125 1 0.6971163703125
1 0.8979999796874999 0.7580000015625 0.8862663546875 0.7705431203125 0.902263615625 0.7838730671875 0.9120397562500001 0.7696545390625 0.8979999796874999 0.7580000015625
1 0.9400348609375 0.7118914421875 0.9289256703125 0.7225553375 0.9435898843749999 0.738995590625 0.956032121875 0.7221110125 0.9400348609375 0.7118914421875
1 0.4624444234375 0.25688889062500003 0.44767554374999996 0.277250440625 0.46633903749999994 0.2950237015625 0.48144750937499997 0.2750287828125 0.4624444234375 0.25688889062500003
2 0.44811993906250003 0.222597684375 0.425901559375 0.24614723437500002 0.44723121718750003 0.26658651093749997 0.5098870093750001 0.191050153125 0.49122358281249995 0.1741655421875 0.479670065625 0.1861624796875 0.44234314531249996 0.15061597499999999 0.4213333125 0.1724444453125 0.4378994703125 0.1919388015625 0.42901211874999995 0.20704608124999999 0.44811993906250003 0.222597684375
1 0.4979999796875 0.25355555625 0.5169969171875 0.2350389453125 0.49877781875 0.21859869375000002 0.4810031140625 0.2363719546875 0.4979999796875 0.25355555625
2 0.3965732703125 0.22792964843750002 0.41212613593749997 0.20704608124999999 0.371688725 0.17549855 0.357468975 0.191050153125 0.3401385984375 0.1737212171875 0.3179999796875 0.19577777968750001 0.3947958265625 0.2608101875 0.41212613593749997 0.23814928750000003 0.3965732703125 0.22792964843750002
0 1 0.5324444453125 0.946700375 0.5945878453125 1 0.6425756640625 1 0.5324444453125