0 0.6911890046875 1 0.79872601875 0.8656018421875 0.5983162015625 0.7118631765625001 0.5569900015625 0.76562725 0.6138690687499999 0.8069500953125001 0.5258842687499999 0.918032975 0.4392325875 0.8500502390625 0.4045719 0.8531605453125 0.3903521515625 0.8771544890625 0.3952402203125 0.9060360375000001 0.48144750937499997 0.9753517140625 0.4721157625 0.9744630640624999 0.514330684375 0.99845700625 0.6911890046875 1
0 0.201051525 0.5501264625 0.051744017187500005 0.440820915625 0 0.5159129484375 0.0010861375 0.7127518265624999 0.045078503125 0.7429663828125 0.201051525 0.5501264625
0 0.25688886875 0.546888890625 0.41257053125 0.353731928125 0.2366009328125 0.2128788578125 0.0766285953125 0.392833115625 0.25688886875 0.546888890625
0 0.2712616203125 0.5310202281249999 0.2202222015625 0.5957777796875 0.28148208750000003 0.6461020640624999 0.331695640625 0.5758977046875 0.2712616203125 0.5310202281249999
0 0.45688886875 0.306888890625 0.4072381328125 0.37017219687499997 0.4623396890625 0.42260332968750003 0.52144059375 0.3532876375 0.45688886875 0.306888890625
0 0.4107930875 0 0.27244442343749997 0.1780000015625 0.405460621875 0.281750234375 0.5685435859375 0.0683779265625 0.471227040625 0 0.4107930875 0
0 0.4943341421875 0 0.48766862812499995 0.0057271875 0.549435765625 0.05460365625 0.561433678125 0.037719078125 0.5872070125 0.0639346109375 0.589111090625 0.06577777968750001 0.6125359515625 0.0865955453125 0.61609090625 0.077708915625 0.66141645625 0.1114781046875 0.73295953125 0.0226117828125 0.7738414046875 0.0523819984375 0.808057765625 0.014169493750000001 0.781395709375 0 0.7369589484375 0 0.729849040625 0.012836503125 0.709408103125 0 0.4943341421875 0
0 0.76006598125 0.51948734375 0.816500721875 0.5639204953125 0.732515271875 0.6678940765625 0.6765249265625 0.62390525 0.6279999796875 0.681333334375 0.8249436796875 0.8367400546875 1 0.6123526375 0.8076133703125 0.4621686203125 0.76006598125 0.51948734375
0 1 0.3186495015625 0.9378130234375 0.40929314687499996 0.879600840625 0.37152495 0.8346666453125 0.42911111249999995 1 0.5625875203125 1 0.3186495015625
0 0.9735555343750001 0.2524444453125 0.9618088468750001 0.26444106093749997 1 0.2871019703125 0.9973582546875001 0.21836455312499997 0.9735555343750001 0.2524444453125
1 0.3952402203125 0.8716045796874999 0.3965732703125 0.9027077859375 0.4279999796875 0.93466666875 0.469449596875 0.87604789375 0.44545370625 0.854275609375 0.4099042984375 0.85383131875 0.3952402203125 0.8716045796874999
1 0.24688886875 0.4824444453125 0.2366009328125 0.4996990765625 0.25482003125 0.5161393296875 0.2663736171875 0.4970330953125 0.24688886875 0.4824444453125
1 0.2846666453125 0.3602222234375 0.290813834375 0.3441830453125 0.2739278515625 0.32952010781249996 0.268151059375 0.338851096875 0.2846666453125 0.3602222234375
1 0.30799997968750004 0.3291111125 0.31792021875 0.312635496875 0.2974793484375 0.29974989375 0.29170255625 0.312635496875 0.30799997968750004 0.3291111125
1 0.28948071875000003 0.4414916546875 0.28548136875 0.43838131406249997 0.2739278515625 0.45793190624999996 0.29303567343750003 0.471261853125 0.304589190625 0.45437727499999997 0.28948071875000003 0.4414916546875
1 0.68688886875 0 0.6187570703125 0.0779155328125 0.6645269484375 0.11568371250000001 0.740069440625 0.025484434374999997 0.7067418703125 0 0.68688886875 0
1 0.62577775625 0.053555556250000004 0.6347544 0.038370020312499996 0.6147577906249999 0.025040076562500003 0.6005380406249999 0.0401473546875 0.62577775625 0.053555556250000004
1 0.6325325625 0 0.64688886875 0.011333334375 0.656083990625 0.0028235 0.6476410328125 0 0.6325325625 0