0 0.0839999765625 0.3590000015625 0.1096923625 0.457885553125 0.23167123906249998 0.4293927703125 0.195677478125 0.324919353125 0.0839999765625 0.3590000015625
0 0 0.7793038812499999 0.10869247500000001 0.7528105984375 0.10569303906250001 0.73281568125 0.1691820453125 0.713320665625 0.09069563124999999 0.42389417656250006 0 0.44650000156249997 0 0.7793038812499999
0 0.43513604062500005 0.6153455343750001 0.4521331453125 0.66133383125 0.55235830625 0.63364245625 0.5003673281250001 0.433693309375 0.481870465625 0.37820738125000003 0.4148820796875 0.395702934375 0.42338059531249994 0.42919444531249995 0.2964025828125 0.46168618749999996 0.28690425625 0.42969431093750005 0.216416415625 0.4481895953125 0.2334134453125 0.5186717125 0.21141727968750001 0.5231705390625 0.2274144984375 0.5906534265625 0.1952499765625 0.6040000015625 0.22567229218749998 0.7168197609375 0.376146225 0.6833282875 0.367647709375 0.6333409921875 0.43513604062500005 0.6153455343750001
0 0.46002497656249997 0.3653000015625 0.52336338125 0.3447159078125 0.49036905624999994 0.2417420671875 0.435878434375 0.257238140625 0.46002497656249997 0.3653000015625
0 0.577353984375 0.5701586046875 0.594850959375 0.64214035625 0.7683210234375 0.595152253125 0.7733201578125 0.5736577390625001 0.788317565625 0.5691588734375 0.741325721875 0.395702934375 0.61734706875 0.42819467656250004 0.6023496625 0.37020942031250004 0.5462749765625 0.3878000015625 0.547859115625 0.389204609375 0.5933512796875 0.5701586046875 0.577353984375 0.5701586046875
0 0.9997809375 0.5356673625 1 0.21974766875 0.9725183046874999 0.23124477968749999 0.986015878125 0.2967281109375 0.9620200890625 0.29822770625 0.98001700625 0.3762079203125 0.7750249765625 0.42905000156249995 0.8468073593750001 0.6751319265625 0.9127960093749999 0.6501382796875 0.8902998984374999 0.562160721875 0.9997809375 0.5356673625
0 1 0.0946341484375 0.9590205765625001 0.068140865625 0.9650196015624999 0.061642540625 0.8790344078125001 0 0.5599999765625 0.0002500015625 0.8640370015625001 0.21160442812500002 0.8975312703125 0.16361663125 0.9670192234374999 0.2161032546875 1 0.16611599531250001 1 0.0946341484375
1 0.017641409375 0.622418709375 0.000999984375 0.6251666671875 0.0033105687500000003 0.65274433125 0.02264054375 0.6490786015625 0.017641409375 0.622418709375
1 0.0476666515625 0.6160000015625 0.0543017359375 0.640414115625 0.076297953125 0.63374914375 0.067966059375 0.6087554953125001 0.0476666515625 0.6160000015625
1 0.01933331875 0.6001666671875 0.0393043296875 0.5947590625 0.0319722734375 0.5694321703125 0.012309003124999999 0.57476414375 0.01933331875 0.6001666671875
1 0.902566665625 0.4544660140625 0.8945680046875 0.42792729375 0.8469398546875 0.43628881562500005 0.8571199796875 0.46573587187500004 0.902566665625 0.4544660140625
1 0.9229268046874999 0.44828575 0.96364696875 0.4359252484375 0.9567390937500001 0.40865945156250005 0.913110275 0.4210199515625 0.9229268046874999 0.44828575