0 0 0.5651498875 0.0895707984375 0.5191615656249999 0.10290182656249999 0.5411560984375 0.3981840171875 0.4151880015625 0.3035337375 0.17658200468750002 0.35419168437500004 0.1492556015625 0.3955178515625 0.259894165625 0.5821522453125 0.1772484921875 0.5228292109375 0.0026262 0.44217645 0.0012932 0.2642072453125 0.0732749515625 0.29820130625 0.16125254687499999 0 0.28366666875 0 0.5651498875
0 1 0.3652007046875 0.9203333031250001 0.39866666875 1 0.6937838843749999 1 0.3652007046875
1 0.43817710156249995 0.1739159796875 0.44950855624999997 0.2059078453125 0.47350434531249996 0.1965769234375 0.46417266718750005 0.164585034375 0.43817710156249995 0.1739159796875
1 0.23033330312500003 0.28033333437499997 0.2515427078125 0.32654389375 0.27687168125 0.3172129203125 0.25954140625 0.2678921125 0.23033330312500003 0.28033333437499997
1 0.2628741625 0.349204759375 0.2802044390625 0.39719259375 0.3055334125 0.38519562343749997 0.2875365453125 0.3392073 0.2628741625 0.349204759375
1 0.1942193484375 0.3751981640625 0.1622248609375 0.390527621875 0.185554159375 0.43451643124999995 0.2175486484375 0.4218529734375 0.1942193484375 0.3751981640625
1 0.11533330312500001 0.26866666875 0.13422972187499999 0.3092149234375 0.1542262640625 0.296551515625 0.14022864375 0.25789465312500004 0.11533330312500001 0.26866666875
1 0.166224209375 0.371199190625 0.185554159375 0.3645342171875 0.16489102656250001 0.3098814609375 0.1415617265625 0.3172129203125 0.166224209375 0.371199190625
1 0.0349135015625 0.5004996734375 0.026248415625 0.47517275625 0 0.4911688015625 0.0042521984375 0.51449620625 0.0349135015625 0.5004996734375
1 0.10490139843749999 0.41252200156249996 0.07866663593749999 0.42866666875000004 0.0955697203125 0.47117378125 0.12289836875 0.463175834375 0.10490139843749999 0.41252200156249996
1 0.0735735046875 0.34253978749999997 0.044245282812499995 0.36120173125 0.068241071875 0.41385502656249995 0.098235884375 0.4038575671875 0.0735735046875 0.34253978749999997
1 0.044245282812499995 0.28655405625 0.018666635937500002 0.29866666875000003 0.041579015625 0.349204759375 0.06557490625 0.3378743265625 0.044245282812499995 0.28655405625
0 0.3715219609375 1 0.3136666359375 0.8836666687499999 0.126897615625 0.95775919375 0.1415617265625 0.9964159546875001 0.3715219609375 1
0 0.46199996875 0.740333334375 0.5188298625 0.8791124953124999 0.7327928015625 0.7744724421875 0.70546435625 0.6744979015625 0.46199996875 0.740333334375