0 0.0495777140625 1 0.0855714484375 0.904397065625 0.0255818234375 0.88840106875 0.066907990625 0.7517691265625001 0.002919115625 0.7324407453124999 0 1 0.0495777140625 1
0 0.27887135625 0.9303904187500001 0.26620692031250004 0.9723797671875 0.22421416249999998 0.957050309375 0.2402113546875 0.9157274984375 0.19021999843749998 0.8977320921875 0.1735562140625 0.9423873890625 0.15089350625 0.9337229046875001 0.125333303125 0.99866666875 0.400850284375 1 0.41084855468750003 0.9723797671875 0.27887135625 0.9303904187500001
0 1 0.55315296875 0.997413790625 0.2778895703125 0.9794168203125 0.2692250859375 0.9607534624999999 0.3012169765625 0.8647701015625 0.23123476250000002 0.8134455624999999 0.28722054375 0.7714529046874999 0.2532291921875 0.745457440625 0.2818885453125 0.7607880421875 0.2912195171875 0.7327928015625 0.3258773546875 0.7654539828125 0.3485382734375 0.7607880421875 0.35920221875 0.8574379953125 0.43518291875 0.7921160390625 0.5198281046875 0.704797765625 0.446513403125 0.6458977203125 0.5147080171875 0.6022130234375 0.4774867125 0.55615678125 0.5411560984375 0.6001491125 0.5738143734375 0.6894670625 0.6511280984375001 0.6548063078124999 0.6877854484375 0.5634887859375 0.62180215625 0.48750196562500003 0.7197772375 0.5781528953125 0.7904259890625001 0.5236666359375 0.875333334375 0.6328101937499999 0.9623823078125 0.6888006734375 0.8957325796875001 0.7287936562499999 0.9250584187499999 1 0.55315296875
0 0.9314252421875 0.1385916296875 1 0.2019088703125 0.997413790625 0.054612981250000005 0.9314252421875 0.1385916296875
1 0.523444434375 0.7106666671874999 0.510720296875 0.7271872265625 0.5284950015625001 0.7400728296875 0.540715109375 0.7227439109375 0.523444434375 0.7106666671874999
1 0.5496024625 0.7342965234375 0.539604190625 0.7476264687499999 0.553823940625 0.758068253125 0.565377490625 0.7429609921875 0.5496024625 0.7342965234375
1 0.5775976 0.7540692796874999 0.5673771999999999 0.7680657125 0.580708228125 0.7785075124999999 0.5913730234375 0.7642889015625001 0.5775976 0.7540692796874999
1 0.64677776875 0.8001111125 0.6364763078125 0.8138318734375 0.6500295328125001 0.8240514937500001 0.6573616390625 0.809166378125 0.64677776875 0.8001111125
1 0.6909113390625 0.737629009375 0.6806909390625 0.7500702890625 0.6962438046874999 0.760512090625 0.7064642046875 0.7491816234375 0.6909113390625 0.737629009375
1 0.707797321875 0.8700398 0.7189065125 0.8555990250000001 0.703896028125 0.8447835203125 0.6918001296875 0.8591536906250001 0.707797321875 0.8700398
1 0.728444434375 0.8106666671875 0.7193509062500001 0.8240514937500001 0.73290413125 0.834715440625 0.7451242406249999 0.8189416749999999 0.728444434375 0.8106666671875
1 0.718444434375 0.7006666671875 0.7277938640625 0.68608656875 0.7160181484375 0.6767555890625 0.7053532859375 0.691418534375 0.718444434375 0.7006666671875
1 0.7384444343750001 0.6762222234374999 0.7484569984375 0.658982328125 0.734681575 0.651873021875 0.724238909375 0.6665359671875 0.7384444343750001 0.6762222234374999
1 0.6049262484375 0.5698373984375 0.6466967765625 0.514295959375 0.6009268999999999 0.479860265625 0.554934859375 0.539622859375 0.6049262484375 0.5698373984375
1 0.8349642515625 0.5706196343750001 0.8239999906250001 0.581777778125 0.8376304843750001 0.5935027140625 0.8462956390624999 0.58083925625 0.8349642515625 0.5706196343750001
1 0.8676252968749999 0.5528463734375 0.85677776875 0.5428888890625 0.8465178359375001 0.55462370625 0.85718263125 0.56284383125 0.8676252968749999 0.5528463734375