0 0 0 0 0.0726084140625 0.152226590625 0.21657184218749997 0.25220929999999997 0.10460027812499999 0.2415444375 0.09526930624999999 0.24687686874999998 0.0892708453125 0.192886265625 0.041949523437500004 0.18955350937499998 0.047948009375 0.16889037499999998 0.0266200921875 0.2002182703125 0 0 0
0 0.2382116796875 1 0.0042521984375 0.712445828125 0.000919440625 0.9537178234375 0.0362466859375 0.9983731203125 0.2382116796875 1
0 0.25699996875000003 0.99866666875 0.33619481875 1 0.30020098125 0.9643818203125001 0.25699996875000003 0.99866666875
0 0.8454401515625 1 0.7254608984375001 0.8931088765625 0.6961324734375001 0.8697814718749999 0.636809440625 0.95909216875 0.7094635015625 1 0.8454401515625 1
0 0.9167610296875001 0.99574951875 0.9987469734375001 1 1 0.8997738484375001 0.9167610296875001 0.99574951875
0 0.41084855468750003 0.4605098359375 0.6308105187499999 0.219904328125 0.535493646875 0.13259316875 0.44350953281249994 0.23256773593750002 0.38351990625 0.1752489796875 0.3921850953125 0.164585034375 0.3141986015625 0.0906038203125 0.16699996875 0.25866666875 0.3608572 0.43584940625 0.3695223875 0.42785145937499997 0.41084855468750003 0.4605098359375
0 0.6034818703125 0 0.599482621875 0.0059586859375 0.60748121875 0.010624146875 0.530333303125 0.09866666874999999 0.679468790625 0.235900221875 0.745457440625 0.2398992453125 0.8694358390625 0.113931225 0.7387919265625 0 0.6034818703125 0
0 1 0.05927846875 0.924759728125 0.1412576296875 0.9594202796875001 0.17058349374999998 0.8386666359375001 0.29866666875000003 0.9400903296875001 0.3938601078125 1 0.33587481406249997 1 0.05927846875
1 0.45683331875000005 0.3576666671875 0.4390937375 0.377051165625 0.457757196875 0.3923805734375 0.475754065625 0.37205243593750004 0.45683331875000005 0.3576666671875
1 0.49575060625 0.3147336796875 0.47642065625 0.3347285984375 0.494084228125 0.3540569796875 0.514414065625 0.3347285984375 0.49575060625 0.3147336796875
1 0.6817184593750001 0.1224492 0.663721590625 0.1454433359375 0.6850512156249999 0.1624390375 0.7040479703125 0.13977811874999999 0.6817184593750001 0.1224492
1 0.70683331875 0.101833334375 0.6960493750000001 0.1164507140625 0.711713271875 0.128447659375 0.720378459375 0.11578422656250001 0.70683331875 0.101833334375
1 0.751373059375 0.0851253375 0.730999984375 0.066833334375 0.7140462421875 0.0897908234375 0.7347092749999999 0.10378725625 0.751373059375 0.0851253375
1 0.721045053125 0.15943979375 0.7137129453125 0.1641052796875 0.7040479703125 0.1781017125 0.7270439734374999 0.1957639015625 0.736375653125 0.177435225 0.721045053125 0.15943979375
1 0.79536549375 0.128447659375 0.7700365203125 0.1064532546875 0.7577053796875 0.11878344375000001 0.78170116875 0.1437770921875 0.79536549375 0.128447659375
1 0.011049765625000001 0.06977473125 0.0176666515625 0.0626666671875 0.026713739062500002 0.053112298437500004 0.0133827109375 0.042448353125 0 0.056778029687499995 0.011049765625000001 0.06977473125
1 0.024399984375 0.0826666671875 0.042044415625 0.0654424890625 0.028380117187499998 0.0564447859375 0.011049765625000001 0.07477346093750001 0.024399984375 0.0826666671875
1 0.0410666515625 0.096833334375 0.055708715625 0.078105946875 0.043377523437499996 0.068774975 0.027047009374999997 0.08743691875000001 0.0410666515625 0.096833334375
1 0.08736993125 0.1237610015625 0.1013675015625 0.1370909453125 0.11936436875 0.1157630546875 0.10570009531249999 0.1027663515625 0.08736993125 0.1237610015625
1 0.10773331875 0.156833334375 0.1206975015625 0.17008256718749998 0.13702799062499998 0.1524204046875 0.1216972875 0.1394237015625 0.10773331875 0.156833334375
1 0.1310666515625 0.1835000015625 0.14935918125 0.16408410625 0.139027665625 0.153086890625 0.1216972875 0.17008256718749998 0.1310666515625 0.1835000015625
1 0.151025559375 0.194743021875 0.1660229671875 0.1784137828125 0.1533584796875 0.1690828359375 0.138027828125 0.18307932031250002 0.151025559375 0.194743021875