0 0.1395621546875 0.43918189218750003 0.17488929687500002 0.43651594375 0.22954659375 0.3818631375 0.2082168671875 0.3672002171875 0.41151504531249994 0.162585546875 0.3141986015625 0.0652769296875 0.22954659375 0.1572535484375 0.204884109375 0.13126017031249998 0.22688032656249998 0.113931225 0.14422799375 0.0352845515625 0.0036666359375 0.1770000015625 0.1035683171875 0.271891084375 0.0322473375 0.34253978749999997 0.1395621546875 0.43918189218750003
0 0.000919440625 0.0032926875 0 0.12366666875000001 0.08690453125 0.02262111875 0.06957425625 0.0159561453125 0.08490485625000001 0 0.000919440625 0.0032926875
0 0.5134974296875 0.6444631265625 0.551490840625 0.6457961 0.5688212171875 0.6204691828125 0.57748640625 0.5804793453125 0.666804253125 0.6591260453125 0.7701197203125 0.54982048125 0.69080014375 0.4691742703125 0.7094635015625 0.448512865625 0.652806734375 0.4025245421875 0.670137009375 0.389861134375 0.4955005625 0.240565734375 0.42951201406250006 0.31321394687500004 0.5101646734374999 0.3865286484375 0.46617234218750003 0.387861621875 0.44550920625 0.40918951562499994 0.4548408859375 0.43718243125 0.3136666359375 0.5820000015625 0.40018369218750005 0.66712399375 0.46550575 0.599807778125 0.5134974296875 0.6444631265625
0 0.17888864531249998 1 0.08490485625000001 0.9143945234374999 0 1 0.17888864531249998 1
0 0.3975175265625 1 0.47817018593749994 0.9223924703125 0.3975175265625 0.843745771875 0.38751925625 0.8570757171875 0.36752271406250003 0.8344148499999999 0.358857525 0.841746259375 0.25954140625 0.7477702046875 0.10556799218749999 0.898398528125 0.21699996875 1 0.30086757343750004 0.917727009375 0.3728551453125 1 0.3975175265625 1
1 0.5728872421875 0.6210690984375 0.5708875875 0.5850782453125001 0.528095 0.541889240625 0.46619998125000006 0.5962000015625 0.5200963828125 0.64346343125 0.5496913015625 0.6446631390625 0.5728872421875 0.6210690984375
1 0.1749560546875 0.43751574218749995 0.22134805625 0.38432927656250004 0.15919998125 0.3362000015625 0.0985692703125 0.40152488750000004 0.1409619328125 0.43551624999999994 0.1749560546875 0.43751574218749995
1 0.4833027578125 0.3127474625 0.469705134375 0.29995074375 0.457707209375 0.3163465546875 0.4685053296875 0.3283435046875 0.4833027578125 0.3127474625
1 0.5060988046875 0.33434198125000003 0.49019998124999997 0.3232000015625 0.48130310468750004 0.337941071875 0.4905015265625 0.34753860937500003 0.5060988046875 0.33434198125000003
1 0.50019998125 0.3572000015625 0.5152972265625 0.3707327265625 0.5272951515625001 0.35673628281249997 0.5140974203125 0.348738315625 0.50019998125 0.3572000015625
1 0.0765730734375 0.9718815875000001 0.05919998125 0.9832000015625001 0.07577322343750001 0.993476134375 0.08657134375 0.9830787546875 0.0765730734375 0.9718815875000001