0 0 0.6198026453125001 0.22621383593750002 0.5744809625 0.1922196734375 0.4025245421875 0.018916309375000002 0.43384994531250004 0 0.43384994531250004 0 0.6198026453125001
0 0.2528758921875 0.78109506875 0.31286551875 0.789093015625 0.34086065625 0.6098051859375 0.206883784375 0.6024737765625 0.1948858390625 0.7231097234375 0.25820822187500003 0.731107771875 0.2528758921875 0.78109506875
0 0.501499484375 0.6811204765625 0.48416920937499996 0.7724305828125 0.6308105187499999 0.8070884203125 0.6981322515625 0.5271595640625 0.6234784125 0.50916410625 0.6121470578125 0.5178286937500001 0.50283266875 0.4918351875 0.4828361265625 0.4678412953125 0.400850284375 0.445180378125 0.33219546875 0.7331071828125 0.41418131249999995 0.7551016125000001 0.44284304375000005 0.66712399375 0.501499484375 0.6811204765625
0 0.792782428125 0.7337737203125 0.660333303125 0.6986666687499999 0.6308105187499999 0.8277498781249999 0.766120371875 0.858408690625 0.792782428125 0.7337737203125
0 1 0.613137671875 0.8807672953125 0.575813834375 0.8721022078124999 0.5918097796875 0.8534386453125 0.5844784203125 0.7814511765625001 0.8604082046875 0.7874500984374999 0.8604082046875 0.7694531296875 0.9217259328124999 0.83610826875 0.9410544156249999 0.8814338875000001 0.803089396875 0.9500886 0.823084315625 0.9407569203125 0.8550762046875 1 0.8677397140625001 1 0.613137671875
1 0.4686153703125 0.5070769234375 0.46285249687499996 0.5297616171875 0.47946499062500003 0.5334529296875 0.485617771875 0.5097666984375 0.4686153703125 0.5070769234375
1 0.4739999859375 0.5870769234375001 0.46992815937500004 0.60851078125 0.4954622140625 0.6168163546875001 0.5019226546875 0.5928224906249999 0.4739999859375 0.5870769234375001
1 0.5139205609374999 0.5491412453125 0.4883865046875 0.543604253125 0.48192611249999995 0.5562163796874999 0.5080754375 0.5645219515625 0.5139205609374999 0.5491412453125
1 0.5124615234375 0.7040000015625 0.5089983625000001 0.7208290296875 0.5296101734375 0.7275965296875 0.5323789078125001 0.7094473156250001 0.5124615234375 0.7040000015625
1 0.5323789078125001 0.7457457921875 0.5253031984375001 0.7700472890625 0.54714559375 0.7752767203125 0.55299071875 0.75128285625 0.5323789078125001 0.7457457921875
1 0.5840622875 0.758973209375 0.579755359375 0.7829670734375 0.59913663125 0.78788891875 0.603135903125 0.7675863671875 0.5840622875 0.758973209375
1 0.7878461406249999 0.858615384375 0.7698763375000001 0.92016299375 0.8372492843750001 0.94077313125 0.8544770937499999 0.88017315625 0.7878461406249999 0.858615384375
1 0.8686153703124999 0.69630769375 0.8627832921874999 0.7153701546875 0.89293198125 0.7233681187500001 0.894777834375 0.7046036609375 0.8686153703124999 0.69630769375
1 0.9421542390625 0.7249061890624999 0.9390022546875001 0.740594515625 0.9470008906249999 0.7430554265625 0.953931990625 0.7282899515625 0.9421542390625 0.7249061890624999
1 0.9690062875000001 0.669823721875 0.9680833140624999 0.6845892203124999 0.979158340625 0.6867424984375 0.9803888781250001 0.6725922421874999 0.9690062875000001 0.669823721875
1 0.9231680796875 0.6233739875000001 0.9154461406250001 0.6455384625 0.9280902296875 0.6507516437499999 0.93547364375 0.6267577375 0.9231680796875 0.6233739875000001
1 0.8668700656249999 0.6562886953125 0.894676909375 0.6624615390625 0.8994798296875001 0.6409079890625 0.8785604078125001 0.63475570625 0.8668700656249999 0.6562886953125