0 0.7621212265625 0.8310823640624999 0.78878328125 0.805755446875 0.7527893437500001 0.767765121875 0.72479430625 0.7924255015624999 0.6028153796875 0.6551270203125 0.47199996874999994 0.76866666875 0.63614295 0.955050796875 0.7667869640625 0.8450787453125 0.7621212265625 0.8310823640624999
0 1 0.2885535171875 0.7794514 0.485170215625 0.8494392968750001 0.577146859375 0.8994306515625 0.5358239984375001 0.9707517343750001 0.62446820625 1 0.5991412406250001 1 0.2885535171875
0 1 1 0.8774345374999999 0.8730716109375001 0.8574379953125 0.89106711875 0.8221108515625 0.8590752296874999 0.798781553125 0.8857351203125001 0.7707863125000001 0.8650736640625001 0.690333303125 0.945333334375 0.73745874375 0.9890421984375 0.8134455624999999 0.9103954999999999 0.8281097734375 0.921059496875 0.7414580921875 1 1 1
0 0 0.22456978906249997 0.175356009375 0.42351929843749997 0.41751406874999997 0.2239033015625 0.3668561203125 0.159253059375 0.273538925 0.2412322203125 0.19021999843749998 0.1399246796875 0.2222144875 0.1119317375 0.1755558890625 0.0639439546875 0.25954140625 0.0006266875 0 0 0 0.22456978906249997
1 0.0236666359375 0.050333334375000004 0.0362466859375 0.069275928125 0.066907990625 0.047281496875 0.0515772875 0.0252870921875 0.0236666359375 0.050333334375000004
1 0.92719998125 0.47120000156249997 0.9128285187499999 0.48590346875 0.92642614375 0.5002998046875 0.942023421875 0.48790295937500006 0.92719998125 0.47120000156249997
1 0.97619998125 0.5632000015624999 0.9672191375000001 0.577080278125 0.9788171078125 0.5950757046875 0.9944143875 0.5774802015625 0.97619998125 0.5632000015624999
1 0.14319998125 0.07320000156249999 0.1533598125 0.08710314531249999 0.18015516874999998 0.069907534375 0.1613584296875 0.0579105828125 0.14319998125 0.07320000156249999
1 0.07819998125 0.1012000015625 0.064975103125 0.111097046875 0.07577322343750001 0.131091965625 0.0945699609375 0.11949490625 0.07819998125 0.1012000015625
1 0.1101672703125 0.0779055015625 0.08919998125 0.09020000156249999 0.10776772187500001 0.105098571875 0.1189657359375 0.09630082031250001 0.1101672703125 0.0779055015625
0 0.5752868515625 0.0391407484375 0.62527826875 0 0.54219998125 0.0042000015625 0.5752868515625 0.0391407484375
1 0.3673228140625 0.16273475937499998 0.31819998125 0.2012000015625 0.3705222734375 0.2671082265625 0.421313478125 0.227118390625 0.3673228140625 0.16273475937499998