0 0 0.0406165234375 0.0036666359375 0.375333334375 0.16889037499999998 0.2625601125 0.109567340625 0.1759154671875 0.07823934375 0.20257535781249997 0 0.0406165234375
0 0.503499159375 0.691117934375 0.394851259375 0.7577676624999999 0.36219028125 0.691117934375 0.551490840625 0.5811459343750001 0.46883850625 0.45451135000000004 0.2835371953125 0.559151403125 0.2608744890625 0.5251600515625 0.105333303125 0.61866666875 0.3308623859375 0.9997060937500001 0.6808018734375 0.9937076593749999 0.503499159375 0.691117934375
0 0.7121298703125001 0.51316313125 0.7954487953125 0.4605098359375 0.8327755124999999 0.5211611796875 0.76012145 0.568482375 0.8221108515625 0.6971163703125 0.9194271953125 0.6404641015625 0.9487556187499999 0.70444788125 0.8807672953125 0.7517691265625001 0.9167610296875001 0.8084213953124999 0.8367748609375001 0.8590752296874999 0.8654366937500001 0.9110620375 0.9427564937499999 0.8577422546875001 0.956087521875 0.8737381484375 0.9994133625 0.8470782578125 1 0.45451135000000004 0.8319999687499999 0.215333334375 0.6888006734375 0.30854843593750003 0.71412944375 0.3465388109375 0.63614295 0.39652610625 0.7121298703125001 0.51316313125
1 0.1501818015625 0.6701818187499999 0.17469248906249998 0.6559386453125 0.1663302875 0.638852090625 0.1379716265625 0.65193966875 0.1501818015625 0.6701818187499999
1 0.2819999828125 0.6174545453125 0.29067246562500004 0.6319447499999999 0.306669678125 0.6214019687500001 0.30012534375 0.6083143921875 0.2819999828125 0.6174545453125
1 0.21018180156250002 0.7647272734375 0.228864971875 0.7537319796874999 0.22086631093750003 0.7359183203125 0.19977909375 0.7482788203124999 0.21018180156250002 0.7647272734375
1 0.36047856562499997 0.7737268984375001 0.33472725625 0.7874545453125 0.348117034375 0.802810415625 0.3702950390625 0.7911770203125 0.36047856562499997 0.7737268984375001
1 0.34193629531249997 0.9318685265625 0.3201818015625 0.9465454546875 0.3303019546875 0.9656781265625 0.3521163640625 0.9514999328125 0.34193629531249997 0.9318685265625
1 0.4474545296875 0.921090909375 0.467005609375 0.90896524375 0.4524626703125 0.888606815625 0.4339204 0.9038756515624999 0.4474545296875 0.921090909375
1 0.4928192953125 0.9525905203124999 0.4729090734375 0.9701818187500001 0.48445709375 0.9867636875000001 0.503362959375 0.9718583625000001 0.4928192953125 0.9525905203124999
1 0.848757721875 0.4061146546875 0.8383636203125 0.3938181828125 0.8211262265625001 0.4061146546875 0.8298519671875001 0.4199293375 0.848757721875 0.4061146546875
0 0.35466136875 0.14427065781249998 0.350298496875 0.1344549265625 0.4731863484375 0.0003071953125 0.2070505625 0.0003071953125 0.1719999828125 0.0374545453125 0.20668696718750001 0.07083473125 0.1794189546875 0.09991825 0.29030887031249997 0.192621934375 0.35466136875 0.14427065781249998