0 0.47017158906249995 0.9497611453125 0.31086584375 0.8304581734375001 0.2895362203125 0.86045055 0.1988851875 0.7871358500000001 0.09699996875 0.91866666875 0.1948858390625 0.9990820046875 0.4221799078125 1 0.47017158906249995 0.9497611453125
0 0.155333303125 0.4620000015625 0.10423490937499999 0.5351998578125 0.155559346875 0.5745232062500001 0.21221621562499998 0.4952100203125 0.155333303125 0.4620000015625
0 0 0.245333334375 0.0389128515625 0.28592989062499996 0.0895707984375 0.22927762187499998 0.187553834375 0.323920215625 0.1348962125 0.3759069984375 0.1942193484375 0.42989331875000003 0.36752271406250003 0.23594259375 0.326196546875 0.19995173125000001 0.33619481875 0.191287271875 0.216215565625 0.0786492203125 0.210883134375 0.0886466796875 0.17222313125 0.047323856250000004 0.1488938328125 0.061986789062500006 0.1262311265625 0.038659384375 0 0.1666268671875 0 0.245333334375
0 0.109567340625 0.0026262 0.00158593125 0.0012932 0.00199996875 0.115333334375 0.109567340625 0.0026262
0 0.47550402031249994 0.2652261125 0.482169534375 0.258561140625 0.4188471515625 0.2065743828125 0.27033330312500004 0.4120000015625 0.4015167734375 0.51316313125 0.54349224375 0.32521086875 0.47550402031249994 0.2652261125
0 0.63614295 0.74243820625 0.784117340625 0.5538194546875 0.77811841875 0.5264930765625 0.554823596875 0.34320632500000003 0.4161809859375 0.527826153125 0.54349224375 0.62446820625 0.524828784375 0.653127509375 0.63614295 0.74243820625
0 1 0.7744300953125001 0.9767506562499999 0.749769615625 0.815333303125 0.9620000015624999 0.8727685953125001 1 1 1 1 0.7744300953125001
0 1 0.0012932 0.7461238296875 0.0046256859375 0.8607707515625 0.12992722031249998 0.954754540625 0.0506139828125 0.997413790625 0.1026007921875 1 0.0012932
1 0.47319998124999996 0.5032000015625 0.463306215625 0.51949490625 0.48410260781250003 0.5378902562500001 0.49570063906249995 0.5198948296875 0.47319998124999996 0.5032000015625
1 0.206150671875 0.2627601671875 0.1933528984375 0.27835619375 0.2173487484375 0.3023500953125 0.23454578593750003 0.281955315625 0.206150671875 0.2627601671875
1 0.556307678125 0.4740000015625 0.5480685203125 0.4873108109375 0.5600664265625 0.49900020468750006 0.5708337953125 0.48361945000000006 0.556307678125 0.4740000015625
1 0.6348227875 0.51130476875 0.646205378125 0.518687465625 0.6572804046875 0.5045372203125 0.6452824984375 0.49561640625000003 0.6348227875 0.51130476875
1 0.5963678984375 0.6014356484375 0.5788324312500001 0.5875930125 0.5616046234375001 0.6103564859375 0.577601846875 0.625429559375 0.5963678984375 0.6014356484375
1 0.5447692171875 0.580923078125 0.5563747671875 0.56513721875 0.5366858828125001 0.5509869484375 0.5253031984375001 0.5672905078125 0.5447692171875 0.580923078125
1 0.34594963437500004 0.9789564000000001 0.3332307546875 0.9916923078125001 0.3481031 0.9974132484375 0.357024615625 0.987877190625 0.34594963437500004 0.9789564000000001
1 0.35887046875 0.9608071390624999 0.3493336375 0.9715736328125001 0.3597933953125 0.98480105 0.36902256875 0.9728041187500001 0.35887046875 0.9608071390624999
1 0.03485239375 0.1709857765625 0.023777390625 0.16021928125 0.0090107046875 0.17067814375 0.02131626875 0.1857512640625 0.03485239375 0.1709857765625
1 0.04395383125 0.1570769234375 0.057925326562500004 0.146991865625 0.0440815671875 0.13284166718749998 0.0326989296875 0.1463766453125 0.04395383125 0.1570769234375
1 0.0609230625 0.1378461546875 0.0721508046875 0.12607411875000002 0.062306362500000004 0.118691375 0.0502343484375 0.12730455624999998 0.0609230625 0.1378461546875