0 0 0.8490777703125 0.818111503125 0.6184696703125 0.6468077109375 0.0006266875 0 0 0.007584954687500001 0.163252084375 0.08490485625000001 0.20924033125000002 0.3788540671875 0.1232622484375 0.50283266875 0.5724813484375 0.4548408859375 0.58714431875 0.44684229062499997 0.5644835031250001 0.23754519062499999 0.6204691828125 0.24221102968750002 0.64313005 0.185554159375 0.6584595078125 0.0749065859375 0.24589768125 0 0.2020000015625 0 0.8490777703125
0 0.9200937874999999 1 0.8121125812500001 0.6337991296875 0 0.87366666875 0.0002528484375 1 0.9200937874999999 1
1 0.27303913125 0.8787454625000001 0.2424444234375 0.8846666687500001 0.25348691562500003 0.924511621875 0.27926025 0.9169579999999999 0.27303913125 0.8787454625000001
1 0.3205864515625 0.877412521875 0.28911109062499996 0.8813333343749999 0.2979236765625 0.9076270109375001 0.3259188484375 0.9022950453125 0.3205864515625 0.877412521875
1 0.3724444234375 0.8935555562499999 0.40235006249999994 0.8858547937499999 0.3907965453125 0.8471979656249999 0.35924641875 0.8556402359374999 0.3724444234375 0.8935555562499999
1 0.41577775624999996 0.8824444453125 0.448564334375 0.8725248484374999 0.4370107484375 0.837422684375 0.40412757343749994 0.849419621875 0.41577775624999996 0.8824444453125
1 0.4863355796875 0.8640825765625 0.5134419625 0.8547515875 0.50322149375 0.8209823640625 0.4730045515625 0.8276473375 0.4863355796875 0.8640825765625
1 0.55688886875 0.8435555562499999 0.5467695328125 0.8094297515625 0.5152194734375 0.8183163812500001 0.524551153125 0.8511969203125 0.55688886875 0.8435555562499999
1 0.5303279453124999 0.9200683062499999 0.4979999796875 0.9280000015625 0.508109565625 0.9600581437500001 0.5374378546874999 0.9525045203125 0.5303279453124999 0.9200683062499999
1 0.573875984375 0.9058497125 0.5454364171874999 0.9151807015625 0.551213209375 0.9502828640625 0.5832076625 0.9413962328125001 0.573875984375 0.9058497125
1 0.4413333125 0.9780000015624999 0.47344887968749994 0.9693891328124999 0.46367280468749994 0.93606426875 0.4339001890625 0.94317353125 0.4413333125 0.9780000015624999
1 0.3979999796875 0.9935555562499999 0.42901211874999995 0.9858293843749999 0.4183473234375 0.940951875 0.38190919375 0.9533931703125 0.3979999796875 0.9935555562499999
1 0.268151059375 1 0.3028117453125 0.9996036890625 0.2992567921875 0.9840520859374999 0.268151059375 1
1 0.329111090625 0.9980000015625 0.34813722812500003 0.998714971875 0.341916109375 0.9720550812500001 0.3196977296875 0.9787200546875001 0.329111090625 0.9980000015625