0 0 0.9593840515625001 0.11040056093749999 0.8371364203124999 0.10506816249999999 0.8335817546875001 0.14150629374999998 0.79359191875 0.134396384375 0.78870424375 0.171278909375 0.7496031249999999 0.1832768203125 0.7598226953125 0.350359065625 0.5789797812499999 0.3410273203125 0.5727591656250001 0.37568800625 0.5332136546874999 0.29392439375 0.46212061093749995 0.28148208750000003 0.47678353125 0.2054952015625 0.40213585625 0.14817180624999998 0.46700825156250003 0.11217800468750001 0.4327947046875 0.09262585625 0.4354607203125 0.0646666453125 0.46466666874999996 0.062853240625 0.484393665625 0.101513209375 0.5203844953125001 0.05041093437500001 0.5714826203125 0.0059741734375 0.5288268015625001 0 0.53904640625 0 0.6439086374999999 0.0579651703125 0.6972284203125 0.033080590625 0.7212223296875 0 0.6941181125 0 0.9593840515625001
0 0.6116472296875 0.28838695937500003 0.80939088125 0.0634462046875 0.802280971875 0.05633690625 0.8444958953124999 0.0127924203125 0.8236105625000001 0 0.53788218125 0.001239790625 0.4361220265625 0.10876805625 0.5254399421875 0.1909693703125 0.483669346875 0.23318086562499998 0.4112374140625 0.1718631015625 0.3672450484375 0.2189622359375 0.40057261874999994 0.248288109375 0.31747589062500003 0.33448843125 0.28948071875000003 0.31049452187500004 0.24326644687500001 0.358038015625 0.40266681406249993 0.501333334375 0.5707654234375 0.32348915625 0.56276679375 0.315491209375 0.5978718062499999 0.2772786890625 0.6116472296875 0.28838695937500003
0 1 0.6977151265625 0.9791392921875 0.7225976843749999 0.9671413125000001 0.7163770359375 0.9640306843750001 0.7199317015625 0.9049298484375001 0.66750056875 0.868047390625 0.7034914156250001 0.8546666453125 0.6924444453125 0.6347544 0.9376541453125 0.703631378125 0.9998605250000001 0.8982643343750001 1 0.9884709031250001 0.8989972843749999 0.9795835515625001 0.8896663968749999 1 0.8678940765625001 1 0.6977151265625
1 0.1768057703125 0.4537753984375 0.163499984375 0.46683333437499996 0.1814716609375 0.48243480156249996 0.1934695546875 0.47043783125000005 0.1768057703125 0.4537753984375
1 0.24512728906249998 0.4541086671875 0.23433331875 0.46850000156249993 0.2441274515625 0.480435290625 0.2584583171875 0.46510585625 0.24512728906249998 0.4541086671875
1 0.543499984375 0.0285000015625 0.5354104453125 0.043461634375 0.5504078515625 0.0577913234375 0.563405584375 0.043128390625 0.543499984375 0.0285000015625
1 0.5259999843750001 0.0560000015625 0.511081309375 0.07045476875 0.5284116359375 0.0847844703125 0.537743365625 0.0694550390625 0.5259999843750001 0.0560000015625
1 0.500999984375 0.081833334375 0.489751684375 0.09611492968749999 0.5034159578125 0.11044460625000001 0.5157471484375 0.097114659375 0.500999984375 0.081833334375
1 0.52433331875 0.14600000156249998 0.5130809843749999 0.1600986578125 0.527078553125 0.1714291171875 0.537743365625 0.158765659375 0.52433331875 0.14600000156249998
1 1 0.75328465 0.990999984375 0.736833334375 0.9472453453125 0.7776117859375 1 0.839262784375 1 0.75328465
1 0.9339143171875 0.8709214046874999 0.9142510203124999 0.8925825671875 0.9295817234375001 0.9075787546875 0.949578265625 0.8875838375 0.9339143171875 0.8709214046874999
1 0.953499984375 0.921833334375 0.959243240625 0.9112444843749999 0.9472453453125 0.898247809375 0.93957999375 0.90691226875 0.953499984375 0.921833334375
0 1 0.5401666671875 0.936913778125 0.60896680625 1 0.6699513171875 1 0.5401666671875
0 0.620968403125 1 0.59263996875 0.9705416046875 0.56683331875 1 0.620968403125 1