0 0.9136283078125 1 0.8624372093750001 0.918269821875 0.8296428312499999 0.9330660500000001 0.80924645625 0.907872440625 0.7684534609375 0.9322662656249999 0.7428579109375 0.896675334375 0.79124956875 0.8690823109375 0.7668537625 0.830692134375 0.7148627515625 0.856285575 0.7076639234375001 0.8382901484374999 0.7876500937500001 0.792701790625 0.7272606328125 0.689927859375 0.6440749453125 0.73231708125 0.610480778125 0.68472916875 0.6912668562500001 0.6363414734374999 0.666071140625 0.5979512515625001 0.5836854234375 0.64473933125 0.5708875875 0.615146846875 0.6504738624999999 0.56755895 0.5768865515625 0.447538609375 0.49690038124999997 0.49032775156249997 0.4833027578125 0.46793345000000003 0.5604894234375 0.4271437984375 0.53449391875 0.37475711875 0.45330794531249996 0.4159466625 0.43891040937500003 0.389953284375 0.516097075 0.3451646328125 0.48690211093749997 0.2959771375 0.44890868125 0.3199710390625 0.395717928125 0.21997103906249998 0.43051189843750004 0.199576228125 0.40491628906250005 0.1607860765625 0.3297293390625 0.20357521250000002 0.3129321953125 0.17598221875 0.390118859375 0.12914329062500002 0.3649232046875 0.0895533609375 0.2813376828125 0.135141765625 0.2729391109375 0.11554673906249999 0.32053091875 0.09035314531250001 0.31013269062500004 0.07555691875000001 0.339727609375 0.054762200000000004 0.3181313078125 0.0111478625 0.2429442984375 0.0527373 0.224947409375 0.0279436125 0.272539215625 0 0.02119998125 0.0012000015625000002 0.627277921875 1 0.80924645625 1 0.9136283078125 1
0 0.064975103125 0.8402388234375 0.0765730734375 0.8670320031250001 0.035780140625 0.8898261968750001 0.06577495312500001 0.9390137093750001 0.1421617375 0.8950248875 0.26534044843750004 0.8138201 0.0025858671875 0.37713109375 0.00098616875 0.6498872062500001 0.094969915625 0.814645353125 0.064975103125 0.8402388234375
0 0.4321115984375 0 0.42971205 0.00032521249999999997 1 0.9753571890625 1 0.5946539234375 0.6460745984375 0 0.4321115984375 0
1 0.191876728125 0.0506378484375 0.1836470484375 0.034235295312500004 0.16465594374999998 0.042639878125 0.173056453125 0.057459665625 0.191876728125 0.0506378484375
1 0.20949410624999998 0.1165882359375 0.21876421562499998 0.1334702375 0.2340556890625 0.123590384375 0.2255865875 0.1085353828125 0.20949410624999998 0.1165882359375
1 0.2506705765625 0.1930588234375 0.26322713750000004 0.20780428281250002 0.2806358765625 0.19792444843749998 0.2684027046875 0.18216375468749998 0.2506705765625 0.1930588234375
1 0.3573285109375 0.3266275140625 0.3488593734375 0.3099258625 0.326745565625 0.31910002187500003 0.3352146671875 0.33744830625 0.3573285109375 0.3266275140625
1 0.3765529296875 0.3983529421875 0.387205690625 0.4155610453125 0.405555465625 0.4066221328125 0.39473379375 0.38992048125 0.3765529296875 0.3983529421875
1 0.44601905000000003 0.47109127187500005 0.43802044687499997 0.4605057265625 0.4177886375 0.46920942656250003 0.424846240625 0.48261777656250004 0.44601905000000003 0.47109127187500005
1 0.49118770156249997 0.54898374375 0.4838948671875 0.5329878015625 0.46530982343750005 0.540750540625 0.4744847296875 0.556511234375 0.49118770156249997 0.54898374375
1 0.58011354375 0.70026931875 0.5697623359375 0.6812153234375 0.55188313125 0.6892133125 0.5643515359375 0.7070911 0.58011354375 0.70026931875
1 0.603168353125 0.780043634375 0.620341825 0.7699285515625001 0.611637490625 0.75628500625 0.6111669546875 0.753462165625 0.5946992140625 0.7649886515625 0.603168353125 0.780043634375
1 0.6596291765625 0.8263847921874999 0.6398679031250001 0.839793178125 0.6572766437500001 0.8614347296875 0.67421491875 0.8501434734375 0.6596291765625 0.8263847921874999
1 0.7065529296874999 0.8995294125 0.686918590625 0.9127307671875 0.7005632609375 0.9282562125 0.7175015375 0.91696495625 0.7065529296874999 0.8995294125
1 0.751851734375 0.984402234375 0.7383636203124999 0.991090909375 0.74421666875 0.9996711265625 0.7620318593750001 0.997489840625 0.751851734375 0.984402234375