0 0 0.6104717234375 0.0621273015625 0.6551275953125 0.201551353125 0.4298509703125 0 0.3045494625 0 0.6104717234375
0 0.2635406546875 0.8004234484375001 0.26820649375 0.7857605296875 0.31886444062499997 0.8224178796875 0.47283785624999997 0.5724813484375 0.35419168437500004 0.48916918750000005 0.3195310328125 0.5478210703124999 0.284870278125 0.5258265390625 0.3281961203125 0.4578438375 0.284870278125 0.4298509703125 0.25087621875 0.47050729531249996 0.20888345937500002 0.4405149171875 0.0736666359375 0.650333334375 0.12223177656249999 0.6917843718750001 0.11023383125 0.706447290625 0.2635406546875 0.8004234484375001
0 0.7521229546875 1 0.8347752875 0.8864439046875001 0.7174622015625001 0.8104632546874999 0.6921333296875 0.849786553125 0.636809440625 0.8171282265625001 0.6788021984375 0.757143471875 0.53282748125 0.65783546875 0.410333303125 0.8420000015625 0.44617579999999996 0.8717809843750001 0.436177528125 0.8824449812499999 0.613480140625 1 0.7521229546875 1
0 0.9387573484375 0.8597840124999999 0.8441069671875001 0.9944165437500001 0.9994133625 1 1 0.9137703328125 0.9387573484375 0.8597840124999999
1 0.09199996875000001 0.5220000015624999 0.0795725265625 0.54119834375 0.10290182656249999 0.5471968296874999 0.11023383125 0.530534396875 0.09199996875000001 0.5220000015624999
1 0.14199996875 0.58866666875 0.13556280468749998 0.6118470453125 0.1582255125 0.61851201875 0.164224534375 0.6011830984375 0.14199996875 0.58866666875
1 0.3101992515625 0.605848559375 0.29620173437499997 0.625176990625 0.313532009375 0.6398399609375 0.33219546875 0.61651255625 0.3101992515625 0.605848559375
1 0.288869628125 0.54053185625 0.290333303125 0.545333334375 0.297534815625 0.5292013718749999 0.2815375203125 0.5198704515625 0.269539678125 0.5318673703125001 0.288869628125 0.54053185625
1 0.355333303125 0.5220000015624999 0.3415271484375 0.53919883125 0.35352509374999996 0.548529803125 0.370188878125 0.531200884375 0.355333303125 0.5220000015624999
1 0.378187475 0.565192234375 0.393518178125 0.5471968296874999 0.3788540671875 0.53786585625 0.3681892046875 0.553195315625 0.378187475 0.565192234375
1 0.55415710625 0.69449281875 0.5421591609374999 0.7204861218749999 0.569487809375 0.73448265625 0.5828188375 0.7104886625 0.55415710625 0.69449281875
1 0.6136666359375 0.7320000015625 0.6028153796875 0.7584764453124999 0.6308105187499999 0.7744724421875 0.6408087890624999 0.7478126015625 0.6136666359375 0.7320000015625
1 0.7236666359374999 0.9236666687499999 0.754122528125 0.9437627093750001 0.76745355625 0.91976876875 0.734792578125 0.8944419515625001 0.7236666359374999 0.9236666687499999