0 0.02691490625 0.079939925 0 0.10060127968749999 0.0014929796875 0.23298972031249998 0.077572853125 0.188578925 0.02691490625 0.079939925
0 0.11423317968749999 0.6064726984375 0.1195656125 0.6198026453125001 0.21421589062500002 0.5731478859375 0.19155308124999998 0.5224940515625 0.24554378593749998 0.4965006984375 0.19021999843749998 0.3925270828125 0.1455610765625 0.41385502656249995 0.1375624796875 0.4045240546875 0.00199996875 0.45700000156250004 0.000919440625 0.6211357203125 0.018916309375000002 0.6497950234375 0.11423317968749999 0.6064726984375
0 0.2082168671875 0.35520324531249997 0.20699996875 0.36033333437500004 0.256875140625 0.48783631562499996 0.5748201390625 0.35586973125 0.52216261875 0.22323681562500003 0.2082168671875 0.35520324531249997
0 0.8634369171875 0.2912195171875 0.796115184375 0.13525914375 0.5403333031249999 0.2370000015625 0.586818084375 0.349204759375 0.636809440625 0.331209353125 0.6628050062499999 0.385862109375 0.8634369171875 0.2912195171875
0 0.57148738125 0.046615009375 0.65680598125 0 0.5495441296875 0.0039873265625 0.57148738125 0.046615009375
0 0.44750888125 0.0499474953125 0.538703234375 0.0043903234375 0.4236666359375 0.00866666875 0.44750888125 0.0499474953125
0 1 0.6437965875 0.54349224375 0.8410798234374999 0.617479490625 0.9957071718750001 0.68013528125 0.9963736078125001 1 0.8617411781250001 1 0.6437965875
0 0.11156691249999999 1 0.5601560296875 0.9997060937500001 0.49699996874999997 0.8420000015625 0.11156691249999999 1
1 0.11183331875 0.4510000015625 0.12548130625 0.4695909453125 0.1421450921875 0.45992675624999996 0.1314802796875 0.44159808125 0.11183331875 0.4510000015625
1 0.628499984375 0.23516666718749998 0.6403922921875 0.2556453296875 0.65472310625 0.24764735624999998 0.6483908875 0.2266526953125 0.628499984375 0.23516666718749998
1 0.7263773812500001 0.8398937 0.7243333187500001 0.841833334375 0.7367089484375 0.8675533468750001 0.7637043015625 0.8538901843750001 0.7520396515625001 0.8302295093750001 0.7263773812500001 0.8398937
1 0.626394671875 0.9135416703124999 0.6151666515625 0.8876666671875 0.5834021265625 0.89721250625 0.5973997468750001 0.924538884375 0.626394671875 0.9135416703124999
1 0.8901666515625 0.8101666671875 0.899347553125 0.8362279953125 0.9183442062499999 0.82456429375 0.9046798828125 0.80023713125 0.8901666515625 0.8101666671875