0 0 0.8657402015625 0.044245282812499995 0.901064578125 0.2042176203125 0.7057808546875 0.0086666359375 0.5520000015625001 0 0.5764803734374999 0 0.8657402015625
0 0.08591358437499999 0.5759852171875 0.210883134375 0.6797874 0.3728551453125 0.48916918750000005 0.19355275624999999 0.334541840625 0.0602424765625 0.4951676734375 0.11090042343749999 0.539823021875 0.08591358437499999 0.5759852171875
0 0.3501923359375 0.24856368125 0.322863790625 0.22790227500000002 0.23033330312500003 0.32366666875 0.428845421875 0.47917172968750005 0.588817759375 0.27322410937499997 0.43484434375000003 0.15458757343750001 0.3501923359375 0.24856368125
0 0.5448253265624999 0 0.45199996875000004 0.13366666875 0.5874846765624999 0.2332342734375 0.7474570140625 0.0372840375 0.6914667375 0 0.5448253265624999 0
0 0.7001318234375 0.9617157703125001 0.6828015484375001 0.9450533374999999 0.7494565875 0.8597416656249999 0.617479490625 0.748436640625 0.4555074796875 0.9457198765625 0.514164021875 1 0.6828015484375001 0.9970401453125 0.7001318234375 0.9617157703125001
0 0.615333303125 0.71866666875 0.8014477187500001 0.8697391250000001 0.952754765625 0.6731224265625 0.7734524781250001 0.5231605906250001 0.615333303125 0.71866666875
0 1 0.32654389375 0.9707517343750001 0.2992174640625 0.80199996875 0.5003333343749999 0.974084490625 0.6411306390625 1 0.5924762671875 0.9760840640625 0.55181994375 1 0.51249659375 1 0.32654389375
0 0.7901162625 0.8930665296875 0.7836666359375 0.88866666875 0.848106315625 0.9330563656249999 0.8794341093750001 0.89040058125 0.818111503125 0.8477447953125001 0.7901162625 0.8930665296875
1 0.12089869375 0.5004996734375 0.1036666359375 0.48533333437500004 0.0882376140625 0.4918351875 0.1089007484375 0.5111637203125 0.12089869375 0.5004996734375
1 0.1395621546875 0.48317075468750004 0.12033330312499999 0.46366666875 0.1069010734375 0.47517275625 0.121565184375 0.4951676734375 0.1395621546875 0.48317075468750004
1 0.0182497171875 0.6284671296875 0.000919440625 0.6171366968750001 0.0036666359375 0.65366666875 0.0182497171875 0.6284671296875
1 0.01699996875 0.590333334375 0.0069183625 0.6064726984375 0.02691490625 0.62180215625 0.043578690625 0.607805775 0.01699996875 0.590333334375
1 0.0255818234375 0.768431559375 0.00699996875 0.7453333343749999 0 0.763099559375 0.0062518734375 0.7817615046874999 0.0255818234375 0.768431559375
1 0.581485653125 0.9923746843749999 0.56699996875 0.9786666687500001 0.5528240234374999 0.9943741984375001 0.5721539734375 0.9997060937500001 0.581485653125 0.9923746843749999
1 0.5886666359375 0.9553333343749999 0.5981494374999999 0.96904728125 0.6114804656249999 0.9523848484374999 0.5961498656249999 0.936388853125 0.5886666359375 0.9553333343749999
1 0.65699996875 0.970333334375 0.65014046875 0.9870426875 0.666804253125 0.995040634375 0.674136359375 0.9843767375000001 0.65699996875 0.970333334375