0 0.012917387499999999 0.5171621046875 0.11823242656249999 0.40985605312500006 0.2762051921875 0.5631504265625 0.2588748140625 0.5778134484375 0.23954486406250003 0.560484428125 0.15289318125 0.655793559375 0.206883784375 0.7084468046875 0.22288107968749998 0.6971163703125 0.2628741625 0.7431046421875 0.324196871875 0.6871189109375 0.409515471875 0.749103178125 0.48416920937499996 0.6831198875 0.5094981828125 0.706447290625 0.50283266875 0.7191108015625 0.5168301875 0.73710620625 0.49150121406249997 0.765099071875 0.5388264046875 0.8090879328125 0.7101300937499999 0.6411306390625 0.514164021875 0.4505123765625 0.3941847703125 0.5671494015625 0.3335285515625 0.5251600515625 0.4488419640625 0.40319107968749995 0.25554205625000004 0.2159053046875 0.1435614015625 0.3285433546875 0.11823242656249999 0.3012169765625 0.0386666359375 0.3720000015625 0.00158593125 0.330542865625 0 0.507831234375 0.012917387499999999 0.5171621046875
0 0.00158593125 0 0.000333303125 0.310333334375 0.030914254687499997 0.3365413515625 0.19755210625 0.16725100625 0.0255818234375 0 0.00158593125 0
0 0.650807059375 0 0.74812360625 0.09260333125 0.8367748609375001 0 0.650807059375 0
0 1 0.0739414140625 0.9336666359375 0.0120000015625 0.8067800484375001 0.1472560890625 1 0.330542865625 1 0.0739414140625
0 0.62199996875 0.9936666687500001 0.7641207984375 1 0.6861343046874999 0.9251431125 0.62199996875 0.9936666687500001
0 1 1 0.9994133625 0.8531614375000001 0.9536666359374999 0.8086666687499999 0.9114286999999999 0.8571604109375001 0.9640862203125 0.9138126796874999 0.871435615625 1 1 1
0 0.77199996875 0.9953333343749999 0.8554384234375 1 0.8087798234375001 0.9611340265624999 0.77199996875 0.9953333343749999
1 0.062200575 0.3913916359375 0.05170235937499999 0.3818940421875 0.036704953125 0.3923914046875 0.05170235937499999 0.40688769062499996 0.062200575 0.3913916359375
1 0.39664271093750003 0.571941065625 0.3764999765625 0.5565000015625 0.31365703125 0.626927071875 0.3346534609375 0.6444226265624999 0.39664271093750003 0.571941065625
0 0.7327499765625001 0.6640000015624999 0.6660961624999999 0.7368991234375 0.717587196875 0.780887959375 0.7815762234375 0.7074066484375 0.7327499765625001 0.6640000015624999
0 0.5166219640625 0.8033822421875 0.42774997656249997 0.8965000015625 0.4786285046875 0.940347440625 0.562114128125 0.8493705390624999 0.5166219640625 0.8033822421875