0 1 0.8390803109375 0.8841000515624999 0.8370807984375 0.8767679453125 0.8477447953125001 0.7836666359375 0.84866666875 0.7594548578125 0.8677397140625001 0.7607880421875 0.9077295515625 0.7821177687499999 0.9277244703124999 0.826776590625 0.93105695625 0.824110425 0.9970401453125 1 1 1 0.8390803109375
0 0.2762051921875 0.694450421875 0.23621210625 0.6577930703125 0.2668734109375 0.6171366968750001 0.24621037812500002 0.5991412406250001 0.2742055171875 0.5931428046875 0.3161982765625 0.5378236125 0.345526496875 0.5618174015624999 0.3761879015625 0.558484915625 0.463506075 0.445180378125 0.21421589062500002 0.23923270937500002 0.000333303125 0.49866666875 0.00158593125 0.5378236125 0.2368785984375 0.74043869375 0.2762051921875 0.694450421875
0 0 0.6711230171875 0.053576962500000005 0.6124712359375 0 0.565333334375 0 0.6711230171875
0 0.551490840625 0.41718751249999997 0.57748640625 0.37853064999999997 0.5121643484375 0.33187584062500003 0.6041484625 0.200575896875 0.6428084640625 0.197243409375 0.6861343046874999 0.142590628125 0.4868353734375 0 0.3281961203125 0.20124238437500003 0.4221799078125 0.2632266515625 0.36199996875 0.3470000015625 0.4555074796875 0.4198535125 0.48416920937499996 0.3771976765625 0.551490840625 0.41718751249999997
0 0.581485653125 0 0.570333303125 0.0120000015625 0.7121298703125001 0.11726371093750002 0.746790421875 0.067942928125 0.8321091234375 0.1292606828125 0.8954315062499999 0.051280495312499993 0.844773559375 0.0152896328125 0.8554384234375 0 0.581485653125 0
1 0.22682485937500002 0.35103773125000004 0.2077170390625 0.32659949843749997 0.1908311234375 0.34970472343750003 0.21127199375 0.37014396562499996 0.22682485937500002 0.35103773125000004
1 0.12244442343749999 0.5802222234375 0.13706261718749999 0.564761184375 0.1228428671875 0.5532085734375001 0.10506816249999999 0.5727591656250001 0.12244442343749999 0.5802222234375
1 0.06911109062500001 0.541333334375 0.0886265765625 0.5189950249999999 0.069074359375 0.5047764296875 0.05085529531250001 0.5305476375 0.06911109062500001 0.541333334375
1 0.1472830859375 0.441681334375 0.130397103125 0.42301942343750004 0.1126223984375 0.44790198124999997 0.1330633359375 0.46123192812499997 0.1472830859375 0.441681334375
1 0.142395015625 0.59097671875 0.12799997968750002 0.6124444453125 0.1432837359375 0.628744896875 0.16239155624999999 0.6065283203125 0.142395015625 0.59097671875
1 0.14594996875 0.5332136546874999 0.139111090625 0.5380000015624999 0.1486162015625 0.5518756312499999 0.15794788125 0.543433259375 0.14594996875 0.5332136546874999
1 0.16994579375000002 0.5620952031249999 0.1521710875 0.5825344453125 0.17216763125 0.5971974 0.183721215625 0.57320345625 0.16994579375000002 0.5620952031249999
1 0.20194031406250001 0.48789181875 0.1824444234375 0.5080000015625 0.2032733625 0.5176620515625 0.21616006406250002 0.501221765625 0.20194031406250001 0.48789181875
1 0.5232180375000001 0.157753503125 0.5058877265625 0.17730409687499998 0.525439875 0.194633015625 0.54232585625 0.17286078124999998 0.5232180375000001 0.157753503125
1 0.83160919375 0.8558547937500001 0.813555534375 0.8535555562500001 0.8147232796875 0.8820703265625 0.8311647984375 0.8807373843749999 0.83160919375 0.8558547937500001
1 0.8569382015624999 0.8531887765624999 0.857382459375 0.8820703265625 0.877823396875 0.8811816765625 0.87693474375 0.8509671187500001 0.8569382015624999 0.8531887765624999
1 0.872046671875 0.937611765625 0.8424444234375 0.9391111125 0.8409409406250001 0.9598283421874999 0.8729353265625001 0.9593840515625001 0.872046671875 0.937611765625
2 0.2357122109375 0.48572662343750006 0.19688886875 0.5357777796875001 0.2188262296875 0.558152675 0.263707384375 0.5039442265625 0.2357122109375 0.48572662343750006