0 0 0.9858149484375 0.0037106281249999996 0.9898138718749999 0.053202115625000004 0.9478245734374999 0.09469495624999999 0.9998113312499999 0.3306541375 1 0.0002499765625 0.6365000015625 0 0.887339915625 0.0152086546875 0.9083346406249999 0 0.921331290625 0 0.9858149484375
0 0.15018531562499998 0.1828601453125 0.1936777796875 0.23784617031250002 0.2881614859375 0.1528677671875 0.24766845625 0.109378796875 0.3551498703125 0.0209012984375 0.336653084375 0 0.0764999765625 0.0090000015625 0.1616833421875 0.10687943124999999 0.179180315625 0.0908835125 0.213174453125 0.1318730796875 0.15018531562499998 0.1828601453125
0 0.3814999765625 0.09275000156249999 0.21667383125 0.23734626718750002 0.45713228125 0.50577810625 0.6201040546875001 0.359315315625 0.3814999765625 0.09275000156249999
0 0.6427499765625 0.38400000156249997 0.47262955624999997 0.541832465625 0.6066064046874999 0.6772979921875 0.7795764468749999 0.5178385484375 0.6427499765625 0.38400000156249997
0 0.7405832515624999 0.8232609562500001 0.780076390625 0.8182622265624999 0.8185697953125001 0.7777724874999999 0.8660615828125 0.8287912734375 0.8260684984375001 0.8682812828124999 0.8655616390624999 0.9152693109375001 0.9645444624999999 0.8247922750000001 0.9965390515625 0.8607831890625001 0.9305504015625001 0.9237671359374999 1 1 0.9970388437500001 0.702079065625 0.9495470546875 0.651092040625 0.9510468875000001 0.6151011640624999 0.8464999765625001 0.5002500015625 0.64709935625 0.682796625 0.7290853 0.766775296875 0.7195868203125 0.7977674046875001 0.7405832515624999 0.8232609562500001
1 0.5102499765624999 0.5402500015625 0.527620046875 0.5586655421875 0.5421175859375 0.5416698546875 0.528619859375 0.526673665625 0.5102499765624999 0.5402500015625
1 0.5427499765625 0.5777500015625 0.558614671875 0.5936566484375 0.5756117796875 0.578660459375 0.561114240625 0.563664271875 0.5427499765625 0.5777500015625
1 0.5789999765625 0.6152500015625 0.60060745625 0.6426441765625001 0.621603809375 0.6216495265625 0.5986077562500001 0.6006548406250001 0.5789999765625 0.6152500015625
1 0.6885922718749999 0.67313641875 0.7040896234375 0.6871328765625 0.720086765625 0.6666380937499999 0.7075889265625 0.655640865625 0.6885922718749999 0.67313641875
1 0.7277499765625 0.7127500015625 0.74208293125 0.7276225796875 0.7600798484375 0.7121266015625001 0.74608233125 0.69613060625 0.7277499765625 0.7127500015625
1 0.84156585 0.69613060625 0.8289999765625 0.7065000015625 0.8455650968749999 0.7276225796875 0.8605625046875 0.716625390625 0.84156585 0.69613060625
1 0.7764999765625 0.6565000015625 0.7945738546875 0.6711369578124999 0.80507206875 0.65614076875 0.7875750953125 0.6441438109375001 0.7764999765625 0.6565000015625
1 0.9852499765625 0.9327500015625001 0.96804391875 0.95056595 0.9850409484375 0.9650622343749999 0.998538675 0.9465669515625 0.9852499765625 0.9327500015625001
2 0.1127499765625 0.9965000015625 0.2156740203125 0.9990536125 0.16018358593749998 0.9470668546875001 0.1127499765625 0.9965000015625