0 0.029090909375 0.9199999999999999 0.080909090625 0.8390909093750001 0.0018181812499999997 0.78181818125 0 0.900909090625 0.029090909375 0.9199999999999999
0 0.13 1 0.28181818125 0.999090909375 0.1672727265625 0.92818181875 0.13 1
0 1 0.9136363640624999 0.9154545453124999 0.8527272734375 0.8927272734375 0.8954545453125 0.8345454546875001 0.8690909093749999 0.89181818125 0.769090909375 0.8436363640625 0.7345454546875 0.8127272734375 0.7827272734374999 0.7645454546875 0.7554545453125 0.73818181875 0.799090909375 0.710909090625 0.78181818125 0.7363636359375 0.74181818125 0.6609090906249999 0.6972727265625001 0.7045454546875 0.6445454546875 0.5227272734375 0.5336363640624999 0.370909090625 0.7845454546874999 0.75181818125 1 1 0.999090909375 1 0.9136363640624999
0 1 0.4972727265625 0.7772727265625 0.3536363640625 0.6927272734375001 0.4954545453125 0.7272727265625 0.52 0.700909090625 0.5572727265624999 0.7527272734375 0.5890909093750001 0.7736363640625 0.550909090625 0.8045454546874999 0.5654545453125001 0.7754545453125 0.60818181875 0.85818181875 0.6599999999999999 0.8800000000000001 0.6136363640625 1 0.6890909093750001 1 0.4972727265625
0 1 0.08545454531249999 0.95818181875 0.16 1 0.19181818125 1 0.08545454531249999
0 0.8300000000000001 0.10363636406250001 0.8809090906250001 0.0145454546875 0.8463636359375 0.0009090906249999999 0.6590909093749999 0 0.8300000000000001 0.10363636406250001
0 0.3454545453125 0.7745454546875 0.45545454531249996 0.6063636359375 0.3872727265625 0.5645454546875001 0.41181818124999997 0.5136363640625 0.4854545453125 0.5554545453124999 0.5127272734375 0.520909090625 0.4927272734375 0.5072727265625 0.50181818125 0.4945454546875 0.38818181875 0.4254545453125 0.399090909375 0.409090909375 0.41636363593750003 0.41545454531250003 0.4272727265625 0.39 0.559090909375 0.46181818124999996 0.5863636359375 0.41272727343750004 0.480909090625 0.34363636406250003 0.4945454546875 0.3272727265625 0.60181818125 0.390909090625 0.64181818125 0.32999999999999996 0.690909090625 0.3554545453125 0.7227272734375 0.29636363593750004 0.4027272734375 0.08818181875 0 0.51181818125 0.0045454546875000005 0.5690909093750001 0.3454545453125 0.7745454546875
0 0.02 0.16818181875 0.1736363640625 0.0027272734375 0.0009090906249999999 0.0009090906249999999 0 0.1545454546875 0.02 0.16818181875
1 0.2311111109375 0.5366666671875 0.21944444375 0.52444444375 0.20944444375 0.5388888890625 0.222777778125 0.55 0.2311111109375 0.5366666671875
1 0.2766666671875 0.602777778125 0.25888888906249996 0.592777778125 0.25166666718749997 0.607777778125 0.2661111109375 0.6183333328125 0.2766666671875 0.602777778125
1 0.2383333328125 0.6561111109375 0.22722222187500002 0.6488888890625 0.21777777812500002 0.6627777781249999 0.232222221875 0.6716666671875 0.2383333328125 0.6561111109375
1 0.2683333328125 0.47000000000000003 0.262222221875 0.48166666718749995 0.277222221875 0.4933333328125 0.2888888890625 0.482777778125 0.2683333328125 0.47000000000000003