0 0 0.5120000015625 0.055576635937499994 0.43518291875 0 0.391194109375 0 0.5120000015625
0 0 0.23390076093749998 0.00199996875 0.3270000015625 0.0875711234375 0.40052508124999997 0.24887654375 0.19990940937499999 0.107567665625 0.0932698703125 0 0.23390076093749998
0 0.121565184375 0 0.0975693953125 0.0246206046875 0.1435614015625 0.068609415625 0.15033330312499998 0.05866666875 0.2755385984375 0.1665845703125 0.4148478015625 0 0.121565184375 0
0 0 0 0 0.0399500375 0.055576635937499994 0.0752743875 0.0842383671875 0.0339515515625 0.020249390625 0 0 0
0 0.05699996875 0.99866666875 0.2042176203125 0.9990396578125 0.1148996703125 0.92905744375 0.05699996875 0.99866666875
0 0.288869628125 1 0.44084336874999996 0.8097543703125 0.3015340640625 0.70044885625 0.14022864375 0.8957325796875001 0.288869628125 1
0 0.465333303125 0.8686666687500001 0.5208295359374999 0.9130614484375 0.583485328125 0.8364142609374999 0.5208295359374999 0.7910925265625 0.465333303125 0.8686666687500001
0 0.33699996875 0.6620000015625 0.46683883125000003 0.768431559375 0.62881084375 0.5778134484375 0.4948339703125 0.46850778281250005 0.33699996875 0.6620000015625
0 0.8307759390625 0.4038575671875 0.8960978953125001 0.4558443234375 0.95342135625 0.3818631375 0.8960978953125001 0.331209353125 0.8667696734374999 0.3652007046875 0.8161117265625 0.32454438125 0.800114534375 0.3438728125 0.6621384140625 0.2398992453125 0.5019999687500001 0.4320000015625 0.6401421968750001 0.5451549703125 0.792782428125 0.3565362703125 0.83610826875 0.39585956875 0.8307759390625 0.4038575671875
0 0.6974656578125 0.200575896875 0.8307759390625 0.30854843593750003 0.990081684375 0.1205961984375 0.8547718296875001 0.008624659375 0.6974656578125 0.200575896875
0 1 0 0.9203333031250001 0.005333334375 1 0.065943440625 1 0
0 1 0.8497442062499999 0.9187608062500001 0.9517183109375 0.8814338875000001 0.9217259328124999 0.8934317296875 0.9077295515625 0.8334421046875 0.8577422546875001 0.7703333031249999 0.9320000015625001 0.8334421046875 0.9810442515625001 0.8441069671875001 0.9730462031249999 0.9007638375000001 1 0.9227599515625 0.9923746843749999 0.9327582234375 0.9770452281249999 0.9627530359375 1 1 1 1 0.8497442062499999