0 0.0937701125 0.9118714234375 0.1869539796875 0.9982494953125001 0.3493259265625 0.9982494953125001 0.3733217765625 0.9670574109375 0.1561593171875 0.7743064093750001 0.077372953125 0.8658831125 0.016583446874999998 0.8134964312499999 0 0.8352000015625001 0.0005862125 0.8902769359375 0.064975103125 0.949061984375 0.0937701125 0.9118714234375
0 0.42411298124999997 0.8614842656249999 0.39731762656249997 0.8410894250000001 0.4525080953125 0.775906009375 0.44370962968749994 0.7655086265625 0.4561074484375 0.7543114906249999 0.32573003125 0.64194005625 0.21319998125 0.7622000015625 0.2105499359375 0.7731067015625 0.3729218203125 0.923068590625 0.42411298124999997 0.8614842656249999
0 0.29819998124999997 0.5962000015625 0.3441268125 0.5399659875 0.2549422234375 0.45878658437500003 0.206150671875 0.5095736875 0.29819998124999997 0.5962000015625
0 0.481703059375 0.66310924375 0.5132975703125 0.6227195140624999 0.507298609375 0.6179207453125 0.6316770640625 0.482355178125 0.51569718125 0.38198069375 0.35019998124999996 0.5682000015625001 0.4617065171875 0.6679080421875 0.47490418593749995 0.6539115984375 0.481703059375 0.66310924375
0 0.70486448125 0.47190702656249994 0.7132630546875001 0.4795050703125 0.76805350625 0.42151980624999996 0.796048665625 0.446713415625 0.850039328125 0.3883282609375 0.68766738125 0.23796649531249997 0.6848679390625 0.24516463281249998 0.632476975 0.197976628125 0.5821999812499999 0.2552000015625 0.6332768843750001 0.3003506046875 0.5716874984375 0.36353454375 0.6980656078125 0.48150456249999996 0.70486448125 0.47190702656249994
0 0.7492568296875 0.18835365312500002 0.66519998125 0.11320000156250001 0.616479740625 0.16355996718750002 0.70486448125 0.2439395484375 0.7492568296875 0.18835365312500002
0 1 0.255136684375 0.87319998125 0.1392000015625 0.7720528140625 0.24473933125 1 0.4518866984375 1 0.255136684375
0 0.2353456359375 0.3814537765625 0.1981520546875 0.34946190625 0.21934840156250002 0.32826728125 0.11296677343749999 0.21789533749999998 0.20415101875000002 0.1167210390625 0.31413199999999997 0.2198948296875 0.42411298124999997 0.0935269203125 0.3297293390625 0 0.0237822140625 0.0007505125 0.0025858671875 0.0211453234375 0.00219998125 0.3302000015625 0.1161662328125 0.44063874687500004 0.1381624296875 0.41744462968749996 0.16735739375 0.44743700625000005 0.2353456359375 0.3814537765625
0 0.9840161609375 0.868657040625 0.9356245046874999 0.9298414421875 0.9996134390625 0.993025396875 1 0.88345326875 0.9840161609375 0.868657040625
1 0.2094285578125 0.02585714375 0.2009801875 0.0350842015625 0.21354944531250003 0.0493662859375 0.22440469843750002 0.038511915625 0.2094285578125 0.02585714375
1 0.1472857015625 0.09085714375000001 0.1369912484375 0.1016387234375 0.155559465625 0.1187772265625 0.1647007328125 0.1064946234375 0.1472857015625 0.09085714375000001
1 0.1737142734375 0.0615714296875 0.1638437515625 0.0736458296875 0.18298329062500002 0.08992741875 0.1898392515625 0.0787873890625 0.1737142734375 0.0615714296875
1 0.8856322625 0.2072241546875 0.8727773437499999 0.1952272125 0.8607794265625 0.2120800765625 0.8724917046874999 0.22207753593750001 0.8856322625 0.2072241546875
1 0.8637142734375001 0.27728571562500004 0.850495515625 0.2912028375 0.8702063765625001 0.3086269546875 0.8804903296875001 0.2949161453125 0.8637142734375001 0.27728571562500004
1 0.97014284375 0.3165714296875 0.984472375 0.33090701562499997 0.9964702484375 0.3097695484375 0.9859006984375001 0.301771571875 0.97014284375 0.3165714296875