0 0.1408952359375 0.919059984375 0.1968855125 1 0.339527575 0.92705793125 0.24354411250000002 0.69978231875 0 0.845333334375 0.000919440625 0.8737381484375 0.056909718750000005 0.96371528125 0.1408952359375 0.919059984375
0 0.8114459890625 0.217904815625 0.7707863125000001 0.1452566015625 0.887432809375 0.0746079015625 0.844773559375 0.014623145312499999 0.6328101937499999 0.1472560890625 0.5914839234375 0.0832724109375 0.6967990656249999 0.028619578125 0.6754694421874999 0 0.32699996875 0.000333334375 0.572820565625 0.4151880015625 0.7301266375 0.3158798953125 0.70546435625 0.2818885453125 0.8114459890625 0.217904815625
0 0.8601041593750001 0.77776258125 0.9994133625 0.6957833953125 1 0.4991666484375 0.992081459375 0.46117632343750004 0.9827495781250001 0.467174809375 0.9220935625 0.373865190625 0.852105665625 0.4198535125 0.8587711796875 0.4425143796875 0.6236666359374999 0.5870000015625 0.7114632796875 0.7337737203125 0.7874500984374999 0.77576306875 0.8601041593750001 0.77776258125
0 1 0.32321140625 0.9834161703125 0.3385408125 1 0.3751981640625 1 0.32321140625
1 0.1493605046875 0.7934507265625 0.160158625 0.7878521140625 0.15375976875 0.77425559375 0.137762534375 0.7794542843750001 0.1493605046875 0.7934507265625
1 0.8900324124999999 0.5251188984375 0.856038290625 0.5447139234375 0.881633840625 0.58430386875 0.9124285640625001 0.5679080421875 0.8900324124999999 0.5251188984375
1 0.9920147765625 0.5047240875 0.97219998125 0.5192000015625 0.985615859375 0.53391668125 1 0.522319621875 0.9920147765625 0.5047240875
1 0.56619998125 0.3552000015625 0.5892844312500001 0.34228913125 0.5776864609375 0.3214943984375 0.556890009375 0.33948982499999997 0.56619998125 0.3552000015625
1 0.38819998125 0.0642000015625 0.4133148609375 0.052362815625 0.40131693437499993 0.032767789062500004 0.377721040625 0.0451646328125 0.38819998125 0.0642000015625
1 0.53519998125 0.0422000015625 0.543292384375 0.057561490625 0.5636888812499999 0.0459644625 0.55329065625 0.0299684984375 0.53519998125 0.0422000015625
1 0.64119998125 0.22520000156250003 0.660472134375 0.21472154687499997 0.6464745546875 0.1943267359375 0.6288776203124999 0.207123471875 0.64119998125 0.22520000156250003