0 0.23954486406250003 1 0.26820649375 0.973712740625 0.0386666359375 0.790333334375 0 0.8477447953125001 0 1 0.23954486406250003 1
0 0.316864765625 0.8550762046875 0.2628741625 0.8117538812499999 0.3448599046875 0.70444788125 0.4015167734375 0.748436640625 0.44750888125 0.6917843718750001 0.2536666359375 0.52866666875 0.068241071875 0.748436640625 0.27887135625 0.9070630124999999 0.316864765625 0.8550762046875
0 0.350333303125 0 0.2515427078125 0.1125982515625 0.450175046875 0.2725575734375 0.5914839234375 0.1012677921875 0.4908347234375 0.014623145312499999 0.47083818125 0.009957659375 0.43884369375 0.041949523437500004 0.38551958124999997 0 0.350333303125 0
0 0.6019999687500001 0.175333334375 0.4928343984375 0.3052159484375 0.6868007953124999 0.46584178437499996 0.7954487953125 0.32454438125 0.6019999687500001 0.175333334375
0 1 0.43651594375 0.96941855 0.41252200156249996 0.9394237375 0.4505123765625 0.8347752875 0.373865190625 0.7167956078125 0.503832159375 0.9194271953125 0.6711230171875 0.9994133625 0.5644835031250001 1 0.43651594375
0 0.9600868703125001 0.1132647890625 0.9540879484375001 0.123928684375 1 0.1452566015625 0.997413790625 0 0.8936666359375 0.005333334375 0.8767679453125 0.031285578125000005 0.9154280484375 0.0446155234375 0.8987642640625 0.09260333125 0.9600868703125001 0.1132647890625
0 0.08023901875 0.11659727499999999 0 0.0519469828125 0.000333303125 0.215333334375 0.08023901875 0.11659727499999999
1 0.1764999765625 0.9252500015624999 0.1661825328125 0.933828115625 0.183179640625 0.9493242078125 0.2001766703125 0.936827384375 0.1764999765625 0.9252500015624999
1 0.22167296875 0.9608213015624999 0.212674509375 0.971818490625 0.22367259218750002 0.9838154109374999 0.23517061875 0.9703188562499999 0.22167296875 0.9608213015624999
1 0.1691820453125 0.9998113312499999 0.1456861234375 0.98081621875 0.134688040625 0.9943127734375 0.14718587968750002 1 0.1691820453125 0.9998113312499999
1 0.0289999765625 0.9352500015625 0.0477030359375 0.9158327343750001 0.02870630625 0.9033359109375001 0.0147087875 0.916832465625 0.0289999765625 0.9352500015625
1 0.0639999765625 0.9002500015624999 0.07719798125 0.8828410890624999 0.05870111875 0.8698443609375 0.0417040890625 0.888339721875 0.0639999765625 0.9002500015624999
1 0.0877499765625 0.8727500015625 0.10469322656249999 0.8523488078125 0.0816971734375 0.8418515203125001 0.0642001984375 0.8553480765625 0.0877499765625 0.8727500015625