0 0.06418635624999999 0.17724761875 0.0046666453125 0.21466666874999998 0 0.406522675 0.118399190625 0.20923950625 0.06418635624999999 0.17724761875
0 0.17083458125 0.0661647375 0.21171638750000002 0 0.06911109062500001 0.0057777796875 0.17083458125 0.0661647375
0 0.7513333125 0 0.5716541453125 0.2798882265625 0.73740320625 0.3883051234375 0.9409236515625 0.0688307546875 0.8231662359374999 0 0.7513333125 0
0 0.957809565625 0.058611115625 0.99602520625 0 0.8579999796875001 0.00022222343749999998 0.957809565625 0.058611115625
0 0.5303279453124999 0.9349458171875 0.5201074765625 0.9544963765625001 0.588095734375 0.9993738875 0.879600840625 0.9989295296874999 0.8875995375000001 0.9851552937499999 0.7160736171875 0.8709620375 0.6836348359375 0.9176168468749999 0.590317571875 0.8571878015625 0.6667487859375 0.739439915625 0.6009823671875 0.6958954453125 0.580097103125 0.7301089593750001 0.4072381328125 0.6105837734375 0.43078962968749995 0.57859191875 0.36146825625 0.5323814328124999 0.2324444234375 0.7202222234375 0.45123049843749996 0.8629641250000001 0.4418988203125 0.8762940703125001 0.5303279453124999 0.9349458171875
1 0.022860123437499998 0.2897481984375 0.01577775625 0.30244444531250003 0.0295256375 0.316852415625 0.0406348265625 0.3004121453125 0.022860123437499998 0.2897481984375
1 0.5713333125 0.9480000015625001 0.5867626171875 0.9549689671875001 0.5996493187499999 0.9300863749999999 0.5840964515625 0.921644103125 0.5713333125 0.9480000015625001
1 0.60688886875 0.8902222234374999 0.5916506874999999 0.9149791296875 0.6045373203125 0.9260874187500001 0.6200901875 0.9012048265624999 0.60688886875 0.8902222234374999
1 0.7246666453125 0.9102222234375 0.7107411515625001 0.9283090765625 0.7267384125 0.9380843562500001 0.736070159375 0.9198667359374999 0.7246666453125 0.9102222234375
1 0.7779999796875 0.9457777796875 0.7662871015625 0.9656328953125 0.78406180625 0.9745195265625 0.7947267375 0.9554132578125 0.7779999796875 0.9457777796875
1 0.8379999796875 0.9813333343749999 0.8249436796875 0.9958474531249999 0.8493838984375 0.9980691109375 0.8533831796875001 0.9909597796874999 0.8379999796875 0.9813333343749999