0 0.0179720859375 0.6821211765624999 0.0010861375 0.6998944375 0.0010861375 0.738106940625 0.0837385046875 0.81758579375 0.202384640625 0.69317296875 0.14594996875 0.64518521875 0.1948304046875 0.591865434375 0.2326016515625 0.62430158125 0.31792021875 0.523438340625 0.28103769375 0.48744749374999996 0.23037981406250002 0.53898994375 0.1997184765625 0.512330053125 0.2512650765625 0.45945459531250005 0.23793404843750002 0.448790665625 0.28237080937500003 0.40213585625 0.19705224375 0.324377840625 0.1575035546875 0.3719212984375 0.171278909375 0.3843625953125 0.11573295937500001 0.43723801875 0.1046666453125 0.42577777968749997 0 0.53904640625 0.001974859375 0.664347915625 0.0179720859375 0.6821211765624999
0 0.504110284375 0.8029793703125 0.4279999796875 0.7324444453125001 0.3468041125 0.816309315625 0.42190227656249996 0.890512665625 0.504110284375 0.8029793703125
0 0.7889498765625 1 0.8022809046875 0.9816570546875001 0.759111090625 0.9468888906249999 0.7031869828125 1 0.7889498765625 1
0 0.6894115609375 0.5052208234375 0.7756188484375001 0.591865434375 0.71474056875 0.6496285328125 0.7565110953125 0.694950334375 0.8547163624999999 0.6029737234375 0.9138172000000001 0.6625141203125 0.9778061078125001 0.718055559375 0.9133728046874999 0.7860382953125 0.9613645875 0.8220291078124999 0.9884709031250001 0.79448056875 0.9986914390624999 0.8069218640625 1 0.577646771875 0.9387018125000001 0.5136630609374999 0.9453673265625 0.502999165625 0.7691110906249999 0.336888890625 0.61609090625 0.4972227734375 0.6574170390625 0.534102371875 0.6894115609375 0.5052208234375
0 0.5018884453125 0.0764408375 0.49522293125 0.081328478125 0.458784734375 0.0479471515625 0.452563615625 0.0541678 0.3956845484375 0.003069675 0.2530425875 0.151920734375 0.3565801859375 0.24834066093749999 0.3867971953125 0.2154601546875 0.42901211874999995 0.258115975 0.39212959375 0.297217128125 0.538770903125 0.44656900781250003 0.7062974750000001 0.276390021875 0.6040929953124999 0.1861907265625 0.6072035546875 0.1786370875 0.5018884453125 0.0764408375
1 0.0495221796875 0.732330684375 0.03688886875 0.7208890765625 0.025081960937499998 0.73277504375 0.03707990625 0.74566063125 0.0495221796875 0.732330684375
1 0.12244442343749999 0.746888890625 0.142395015625 0.7247769953125001 0.1166216796875 0.7012274109375001 0.0979582546875 0.7216666546875 0.12244442343749999 0.746888890625
1 0.1524444234375 0.7124444453125001 0.16683523281249998 0.6963397703124999 0.14150629374999998 0.6745675203125 0.12639782187499998 0.6945624375 0.1524444234375 0.7124444453125001
1 0.43345579375 0.8300835515625 0.41577775624999996 0.8135555562500001 0.401905734375 0.830527909375 0.41879165 0.8491898203125 0.43345579375 0.8300835515625
1 0.65577775625 0.5124444453125 0.6707480671875 0.4986122453125 0.652084709375 0.48083898437499994 0.63875368125 0.4963905875 0.65577775625 0.5124444453125
1 0.44367626250000003 0.28838695937500003 0.43577775625 0.276888890625 0.42190227656249996 0.293274634375 0.42990084062499995 0.3048272453125 0.44367626250000003 0.28838695937500003
1 0.4676720859375 0.3146025265625 0.45799997968749995 0.30355555624999997 0.441454425 0.31993452499999997 0.45123049843749996 0.33148713750000003 0.4676720859375 0.3146025265625
1 0.50099965625 0.3448170828125 0.48799997968750003 0.3357777796875 0.4756707171875 0.347038740625 0.48677990624999995 0.359480003125 0.50099965625 0.3448170828125
1 0.5178856390625 0.3612573359375 0.5023327734375 0.377697621875 0.5147750796875 0.3879172265625 0.5272173859375 0.37414295625 0.5178856390625 0.3612573359375
1 0.347692834375 0.2008536640625 0.33080691875 0.18574638593749998 0.32191956718750003 0.1964103484375 0.3339174796875 0.2088516625 0.347692834375 0.2008536640625
1 0.31658710156250003 0.169306115625 0.3024444234375 0.156888890625 0.29036944062500003 0.171972115625 0.3032560734375 0.18174741249999998 0.31658710156250003 0.169306115625