0 0.010333303125 0.28866666875 0.15289318125 0.10793276562500001 0.007584954687500001 0 0 0.0066251734375 0.010333303125 0.28866666875
0 0.152226590625 0.0906038203125 0.235545515625 0 0.045333303125 0.000333334375 0.152226590625 0.0906038203125
0 0.1202321015625 0.9717132296875001 0.00199996875 0.875333334375 0 0.9983731203125 0.0882376140625 1 0.1202321015625 0.9717132296875001
0 0.315531684375 0.7617665859375 0.16699996875 0.63866666875 0.0155835515625 0.8390803109375 0.1548927546875 0.955050796875 0.315531684375 0.7617665859375
0 0.4795033703125 0.53315805 0.3336666359375 0.4120000015625 0.17622248125 0.613804209375 0.3195310328125 0.7324407453124999 0.4795033703125 0.53315805
0 0.6308105187499999 0.40719005468749997 0.6081477093750001 0.38519562343749997 0.6314770078125 0.36386772968750003 0.6621384140625 0.3938601078125 0.7087971140625 0.3398738375 0.5208295359374999 0.191244925 0.3628568734375 0.3811966484375 0.535493646875 0.524493665625 0.6308105187499999 0.40719005468749997
0 0.764787390625 0.1739159796875 0.8487729078124999 0.0746079015625 0.76012145 0.0026262 0.6768025234375 0 0.54199996875 0.1570000015625 0.7267938796875 0.3078819484375 0.8114459890625 0.21123984375 0.764787390625 0.1739159796875
0 0.6894670625 0.9603827953125 0.6354763578125 0.9103954999999999 0.5736666359375 0.9803333343749999 0.590817434375 0.997706684375 0.658139065625 1 0.6894670625 0.9603827953125
0 1 0.916393934375 0.8767679453125 0.8177524187499999 0.8434403749999999 0.8604082046875 0.78678350625 0.8264168015625 0.7447908484375 0.8817360953125 0.78878328125 0.9197264203125 0.720333303125 1 0.95342135625 1 1 0.9517183109375 1 0.916393934375
0 0.8727685953125001 0.747103665625 0.810333303125 0.695333334375 0.7534559359374999 0.7591006375 0.8207776687499999 0.8084213953124999 0.8727685953125001 0.747103665625
0 1 0.5618174015624999 0.8647701015625 0.7644326359375 0.9086666359375 0.795333334375 1 0.864407228125 1 0.5618174015624999
0 0.8967644874999999 0.068609415625 0.9480890265624999 0 0.8094462124999999 0.0066251734375 0.8967644874999999 0.068609415625
1 0.5503333031250001 0.30700000156249996 0.5361602390625 0.3285433546875 0.55615678125 0.3452057859375 0.5788194875 0.3178794078125 0.5503333031250001 0.30700000156249996
1 0.5936666359375 0.29866666875000003 0.6068146265625 0.28588751874999996 0.5928171078125 0.2692250859375 0.57548673125 0.28722054375 0.5936666359375 0.29866666875000003
1 0.8736666359375 0.895333334375 0.862770325 0.9197264203125 0.8887659937500001 0.939054903125 0.9000972453125 0.9130614484375 0.8736666359375 0.895333334375
1 0.9203333031250001 0.89866666875 0.9300920578125 0.881069659375 0.9094289234374999 0.8677397140625001 0.8954315062499999 0.8870680953125 0.9203333031250001 0.89866666875
1 0.975333303125 0.640333334375 0.9647528124999999 0.6571265328125 0.98741551875 0.6784544265625 0.9934144406250001 0.66312496875 0.975333303125 0.640333334375
1 1 0.6111382625 0.9919999687500001 0.630333334375 1 0.6391311265625 1 0.6111382625
1 0.7903333031249999 0.825333334375 0.74812360625 0.881069659375 0.800114534375 0.919059984375 0.8434403749999999 0.858408690625 0.7903333031249999 0.825333334375