0 0.2935354671875 0.6884518843749999 0.1336666359375 0.75866666875 0.20755037656250003 0.92705793125 0.364856446875 0.8557427437499999 0.2935354671875 0.6884518843749999
0 0.6008157046875 0.70378134375 0.43699996875 0.7803333343750001 0.514164021875 0.9450533374999999 0.67147009375 0.8737381484375 0.6008157046875 0.70378134375
0 0.810779396875 0.8297492875 0.8474397234375 0.8170858796875 0.85943756875 0.8377473375 0.8880994015624999 0.843745771875 0.926092709375 0.8250838281249999 0.928092484375 0.8070884203125 1 0.77642950625 0.9267593015625 0.6024737765625 0.864103509375 0.6311331796874999 0.8587711796875 0.6118046984375 0.65199996875 0.7086666687500001 0.743457665625 0.9330563656249999 0.8354418796875 0.8924000937500001 0.810779396875 0.8297492875
0 0.6241450046875 0.10193427968749999 0.45699996875000004 0.1720000015625 0.537493321875 0.3672002171875 0.6961324734375001 0.2978844890625 0.6241450046875 0.10193427968749999
0 0.37199996875 0 0.41351472031250003 0.0826058734375 0.57548673125 0.013290145312500001 0.5708208921875 0.0012932 0.37199996875 0
0 0.9487556187499999 0 0.9220935625 0.012623659374999999 0.9607534624999999 0.09393630625 1 0.0726084140625 0.9987469734375001 0 0.9487556187499999 0
1 0.220139175 0.8326210093749999 0.2001818015625 0.841090909375 0.211413434375 0.8577055781249999 0.226683509375 0.85225241875 0.220139175 0.8326210093749999
1 0.7611365984375 0.8609774515625 0.7419999828125 0.8692727281250001 0.753501534375 0.8962412046875 0.771680209375 0.8896974578125001 0.7611365984375 0.8609774515625
1 0.8025839546875 0.8798817265625001 0.8207626296875 0.8700660515624999 0.8065832859375 0.8398918906249999 0.7876774203125 0.8544336484375 0.8025839546875 0.8798817265625001
1 0.7869502296875 0.7551861609375 0.7719999828125 0.7620000015625 0.7800423546874999 0.7795435953125 0.79458529375 0.7722727171875 0.7869502296875 0.7551861609375
1 0.9585569625 0.72610264375 0.938924015625 0.7359183203125 0.94546829375 0.7504600796875 0.965101240625 0.7442798421875 0.9585569625 0.72610264375
1 0.90802026875 0.6610282671875 0.91710960625 0.6773877453125 0.9367425515625 0.6715710484375 0.928016809375 0.6533938499999999 0.90802026875 0.6610282671875