0 0.09223696249999999 0.0806063859375 0.000919440625 0.014623145312499999 0.0022525234375 0.303882975 0.0742400953125 0.3465388109375 0.23954486406250003 0.0712754140625 0.136229396875 0.010624146875 0.09223696249999999 0.0806063859375
0 0.288203034375 0.9257249562500001 0.1129000984375 0.789093015625 0.043578690625 0.8710722015625001 0.2028845375 1 0.22754691875000002 0.997706684375 0.288203034375 0.9257249562500001
0 0.46417266718750005 0.9770452281249999 0.6301439265625 0.7817615046874999 0.505498834375 0.683786425 0.5368267296875 0.6417970765625001 0.430845096875 0.54715448125 0.20366663593749998 0.8086666687499999 0.308199578125 0.8837356078124999 0.3268630375 0.8610747421875 0.46417266718750005 0.9770452281249999
1 0.0336666359375 0.1820000015625 0.0282479875 0.2019088703125 0.040245934375 0.21123984375 0.050910796875 0.1939109234375 0.0336666359375 0.1820000015625
1 0.4746406203125 0.7439163046874999 0.45718908125 0.7646382984375 0.485184284375 0.7846332171875 0.49900003281250005 0.763547684375 0.4746406203125 0.7439163046874999
1 0.4331932640625 0.76791025625 0.44191900625 0.754459084375 0.42773966249999995 0.7428256609375 0.4164688609375 0.75409551875 0.4331932640625 0.76791025625
1 0.4192727109375 0.8547272734375 0.4048345203125 0.8689754078125 0.4310118015625 0.8915151781249999 0.4426461421875 0.8729744125 0.4192727109375 0.8547272734375
1 0.1019999828125 0.8592727281249999 0.09434275156250001 0.875519209375 0.1176114609375 0.8915151781249999 0.12670079843749998 0.8769734187499999 0.1019999828125 0.8592727281249999
1 0.1194293296875 0.83734709375 0.1085221234375 0.85007113125 0.1328815375 0.86824833125 0.14487947343750002 0.8577055781249999 0.1194293296875 0.83734709375
1 0.1583636203125 0.9065454546874999 0.149605940625 0.9209622062499999 0.1605131453125 0.9285966515625 0.172147484375 0.9176903328125 0.1583636203125 0.9065454546874999
1 0.1765454375 0.8847272734375 0.1663302875 0.8991495687500001 0.180146090625 0.90787465625 0.193234759375 0.894059975 0.1765454375 0.8847272734375
1 0.18959902343749999 0.9315050156250001 0.1794189546875 0.9456832078125 0.20414196406250001 0.9627697625 0.2117769734375 0.9514999328125 0.18959902343749999 0.9315050156250001
1 0.23213711250000002 0.9289601624999999 0.2081412390625 0.9107829640625 0.1986883609375 0.9227799265625001 0.22195704374999997 0.94204776875 0.23213711250000002 0.9289601624999999