0 0.055333303125 0.16866666875 0.0995690703125 0.218571303125 0.183554484375 0.13659219375 0.1322300484375 0.0906038203125 0.055333303125 0.16866666875
0 1 0.8384137734375001 0.846106540625 0.66179199375 0.8561048109374999 0.653794046875 0.7787850109375001 0.5711484765625 0.7167956078125 0.6211357203125 0.46483915624999994 0.36186821875 0.45217472187499996 0.3718656765625 0.3735216359375 0.2898865421875 0.35352509374999996 0.3052159484375 0.2308796765625 0.1552540609375 0.0875711234375 0.2692250859375 0.183554484375 0.373865190625 0.1568924296875 0.39919205625 0.1968855125 0.447179890625 0.1868872421875 0.45451135000000004 0.23287935 0.502499134375 0.3068664953125 0.42318599843750004 0.35485817656249996 0.47050729531249996 0.398850609375 0.4325169203125 0.4241795828125 0.45651086249999995 0.3221971984375 0.559817940625 0.3635233640625 0.605139725 0.3975175265625 0.5778134484375 0.4955005625 0.6844529625 0.463506075 0.7171112890625 0.51149775625 0.7591006375 0.6121470578125 0.66379150625 0.6468077109375 0.69644983125 0.618812571875 0.729108259375 0.642141871875 0.7551016125000001 0.6121470578125 0.7897594515625 0.7094635015625 0.88906760625 0.7194617734375 0.881069659375 0.7654539828125 0.9297238796875 0.75878846875 0.9343894421875 0.8094462124999999 0.987709225 0.9074293515624999 0.902397553125 0.9460892515625 0.9323899296875 0.9774172484375001 0.906396475 0.9947476249999999 0.9323899296875 0.9347579984375001 0.9890421984375 0.9387573484375 0.9990396578125 1 1 1 0.8384137734375001
0 0.8687694515625 0 0.8747683734375 0.01995511875 1 0.11726371093750002 0.9994133625 0 0.8687694515625 0
0 0.121565184375 0.9637999765625 0.06757458125 0.91048019375 0.0955697203125 0.8838203015625 0.053576962500000005 0.8504954375 0.046244956250000004 0.8551608984374999 0.0102511203125 0.819170034375 0.000333303125 0.8303333343749999 0 0.9964583015624999 0.083571775 1 0.121565184375 0.9637999765625
0 0.22554724375 1 0.170333303125 0.94366666875 0.1069010734375 1 0.22554724375 1
1 0.7132630546875001 0.818703253125 0.6992654734375 0.8051067015625 0.678069065625 0.824701790625 0.690066990625 0.8406977234375 0.7132630546875001 0.818703253125
1 0.7200618046875 0.8243018359375001 0.6981999812499999 0.8422000015625001 0.71246314375 0.8602926890625 0.734059384375 0.8370985718749999 0.7200618046875 0.8243018359375001
1 0.77245276875 0.8738892406250001 0.75619998125 0.8892000015624999 0.7652540625 0.903481725 0.7816511296875001 0.8858861906250001 0.77245276875 0.8738892406250001
1 0.6836680734375 0.7099309093749999 0.67326996875 0.69833385 0.6440749453125 0.721927859375 0.65767256875 0.7351244875 0.6836680734375 0.7099309093749999
1 0.14319998125 0.9932000015625 0.16655754375 0.9998571953125 0.15455961875 0.9858607515625 0.14319998125 0.9932000015625
1 0.2953352625 0.3351244875 0.28419998125 0.3212000015625 0.2657404046875 0.3367240875 0.276538525 0.3487210390625 0.2953352625 0.3351244875
1 0.2337459375 0.2551448140625 0.22219998125 0.2382000015625 0.2017514703125 0.2559446296875 0.2105499359375 0.2719405640625 0.2337459375 0.2551448140625