0 0 0.48916918750000005 0.018916309375000002 0.5271595640625 0.0369131765625 0.51382961875 0.03757976875 0.51249659375 0.0715738296875 0.4918351875 0.0429122 0.44318091718749997 0.14622766874999998 0.3845291359375 0.062242149999999996 0.240565734375 0 0.2792225453125 0 0.48916918750000005
0 1 0.1032673296875 0.06357523281250001 0.6337991296875 0.14699996875000002 0.7870000015625 1 0.3045494625 1 0.1032673296875
0 0.16355794375 0.368533190625 0.791449446875 0 0.47083818125 0.0039591734375 0.08023901875 0.2259027625 0.16355794375 0.368533190625
0 0.043578690625 0.651794534375 0.00158593125 0.6771214515625 0 0.8730716109375001 0.128897290625 0.7950914499999999 0.043578690625 0.651794534375
0 0.7461238296875 0.9857097125 0.8221108515625 0.9457198765625 0.796115184375 0.9110620375 0.932091834375 0.8277498781249999 0.9700851421875001 0.8844021453125 1 0.8570757171875 0.9994133625 0.5978083671875 0.28699996875 0.9953333343749999 0.6328101937499999 1 0.7261272875 0.9477193875 0.7461238296875 0.9857097125
1 0.31919998125000004 0.5522000015625 0.3333286921875 0.5706565328125001 0.3481261203125 0.5614588578124999 0.3365281515625 0.5418638015624999 0.31919998125000004 0.5522000015625
1 0.35419998124999996 0.5332000015625 0.3649232046875 0.5506616140625 0.3793207390625 0.5418638015624999 0.3709221671875 0.5214690203125001 0.35419998124999996 0.5332000015625
1 0.9771999812500001 0.1852000015625 0.9604202656249999 0.1939522671875 0.9712184468749999 0.2111478625 0.9880154687499999 0.201950234375 0.9771999812500001 0.1852000015625
1 1 0.169958365625 0.99219998125 0.1782000015625 1 0.1923526375 1 0.169958365625
1 0.568887934375 0.9778292453124999 0.5888844765625 0.966632140625 0.5744870015625 0.9522357749999999 0.5596895734375 0.962233234375 0.568887934375 0.9778292453124999
1 0.603681965625 0.9658322953124999 0.60519998125 0.9632000015625 0.62007909375 0.9554349734375001 0.60728131875 0.934640271875 0.5888844765625 0.9458373765625 0.603681965625 0.9658322953124999
2 0.7348592953125 0.36438516718749997 0.64419998125 0.41420000156250003 0.6848679390625 0.48195531562499994 0.772852725 0.430368390625 0.7348592953125 0.36438516718749997