0 0.3728551453125 0.44784637656250004 0.444176125 0.3472052984375 0.40551612343750004 0.32387789375 0.43217817968750005 0.2878870296875 0.27487200624999997 0.17258300625 0.31753135781249997 0.123928684375 0.2668734109375 0.0832724109375 0.22699996875 0.13866666875 0.10556799218749999 0.303882975 0.31886444062499997 0.45517783749999996 0.338194390625 0.42585194687500005 0.3728551453125 0.44784637656250004
0 0.5288281328125 0.315213409375 0.459506828125 0.5011662609374999 0.7101300937499999 0.5751473484375 0.764787390625 0.3931936203125 0.5288281328125 0.315213409375
0 0.4928343984375 0.3778641625 0.44199996874999997 0.36033333437500004 0.402183365625 0.464508809375 0.4561740703125 0.48383724062500005 0.4928343984375 0.3778641625
0 1 0.45984334843749997 0.862770325 0.4111890265625 0.8801007015625 0.3578692453125 0.8186666359375 0.33866666875 0.738125334375 0.58847729375 1 0.66712399375 1 0.45984334843749997
0 0.183554484375 1 0.0122507953125 0.9497611453125 0 0.943096171875 0.002919115625 0.99774903125 0.183554484375 1
0 0.3388609828125 0 0.326196546875 0.0152049390625 0.3195310328125 0.0232029375 0.400850284375 0.0718572078125 0.42151331562500005 0.029201371875 0.38018715 0 0.3388609828125 0
0 0.5408260796875 0.0338668828125 0.5701543 0 0.49533330312499996 0.0020000015625 0.5408260796875 0.0338668828125
1 0.1844390796875 0.25851547343750003 0.1724411484375 0.24959468125 0.1659807328125 0.25943832499999997 0.1736717109375 0.26897438125 0.1844390796875 0.25851547343750003
1 0.2228939921875 0.2797408765625 0.21212662343750002 0.26897438125 0.20351271875000002 0.281278946875 0.2127418921875 0.29050737031249996 0.2228939921875 0.2797408765625
1 0.2259703828125 0.29850530937499997 0.23704536250000002 0.30558044375 0.24535160937499997 0.29358351250000003 0.23519955625 0.2868159625 0.2259703828125 0.29850530937499997
1 0.7824615234375 0.48476923125000004 0.781258928125 0.49789790937499995 0.8000249328125 0.504050190625 0.8024861015625 0.49143799374999997 0.7824615234375 0.48476923125000004