0 0.1632802796875 0.6052800406250001 0.1926085671875 0.58128613125 0.1583922765625 0.54396229375 0.14150629374999998 0.5581809062499999 0.10951183906249999 0.52174571875 0.07973922343749999 0.5466283093750001 0.11040056093749999 0.584784334375 0.0477447359375 0.635882459375 0.08596034375 0.6848153890625001 0.172612025 0.6163883296875 0.1632802796875 0.6052800406250001
0 0.0864047375 1 0.22504741562500002 0.8874023578125 0.185498659375 0.8385258906249999 0.142839409375 0.8700733875 0.062853240625 0.7669884890625001 0.10551249062500001 0.73721825625 0.06507507968750001 0.6821211765624999 0.00019738124999999998 0.7278873015625 0 1 0.0864047375 1
0 0.28548136875 0.8967332796875 0.35346962656250003 0.8345268671875001 0.315254053125 0.792315371875 0.22949109218750002 0.8691847390625 0.2632629890625 0.9145065406249999 0.171278909375 0.99226455625 0.1583922765625 0.9771573124999999 0.12799997968750002 1 0.31214342500000003 0.9993738875 0.3539140203125 0.9713809875000001 0.28548136875 0.8967332796875
0 1 0.269640390625 0.8493838984375 0.081688109375 0.8342754265625001 0.09723971249999999 0.8107238625000001 0.070579821875 0.8289429609375001 0.0563612265625 0.7787294765625 0 0.5002222015625 0.001333334375 0.541437134375 0.0501405796875 0.5689879125 0.029701334375 0.6040929953124999 0.0728014796875 0.50722084375 0.1456718546875 0.549435765625 0.20299069531249997 0.62053458125 0.14478320625000002 0.6547509421875 0.18743909375 0.69030035 0.1621121421875 0.73295953125 0.13145325937500002 0.75340046875 0.155002809375 0.6609720609374999 0.2278731859375 0.76806468125 0.3647273078125 0.7538448625 0.371836640625 0.836941659375 0.47269988124999995 1 0.343843740625 1 0.269640390625
0 1 0.43800000156249996 0.912928409375 0.5109970781250001 0.956032121875 0.56787149375 0.9826941781249999 0.549653975 1 0.5749808234375 1 0.43800000156249996
1 0.7580385734374999 0.2692521984375 0.7451666515625 0.254333334375 0.7270439734374999 0.2682524671875 0.73804203125 0.2835818984375 0.7580385734374999 0.2692521984375
1 0.7770353296875 0.30357681875 0.7647040875 0.3142407640625 0.776702034375 0.328237221875 0.79236603125 0.31590700625 0.7770353296875 0.30357681875
1 0.8534999843750001 0.244333334375 0.8396911203125 0.2575884953125 0.8526889546875 0.2705852484375 0.865353390625 0.25892149531249997 0.8534999843750001 0.244333334375
1 0.81169598125 0.35323084531250004 0.8090298171875 0.3525643578125 0.7860338140625001 0.3702265453125 0.796032084375 0.385222734375 0.8190280890625001 0.366560790625 0.81169598125 0.35323084531250004
1 0.8309999843749999 0.3826666671875 0.8090298171875 0.3992191671875 0.8193613843750001 0.41188262656249996 0.8400244171875 0.394886925 0.8309999843749999 0.3826666671875
1 0.850999984375 0.4085000015625 0.831359228125 0.42521257031250004 0.842690684375 0.43954227343749996 0.865353390625 0.4222133546875 0.850999984375 0.4085000015625
1 0.9351666515625 0.2851666671875 0.92134366875 0.29889501875 0.9333416140624999 0.30855921406250003 0.9476725296874999 0.29589576875 0.9351666515625 0.2851666671875
1 0.723499984375 0.029333334375 0.7373755421875 0.0434540125 0.7547058171875001 0.0267915796875 0.7390419203125 0.012461917187500001 0.723499984375 0.029333334375
1 0.63183331875 0.0035000015624999997 0.6420586703125 0.0141069734375 0.6533900234375001 0.0047760015625 0.6490574812500001 0 0.63183331875 0.0035000015624999997
1 0.1661409578125 0.8610611484374999 0.15433331875 0.8685000015625001 0.1664742796875 0.8800563125 0.1741395546875 0.8750575812499999 0.1661409578125 0.8610611484374999
1 0.17114009375 0.8987182562499999 0.15947544375 0.907049471875 0.17014025625 0.9193796609374999 0.1801385265625 0.9120482015625001 0.17114009375 0.8987182562499999
1 0.1951666515625 0.9001666671875 0.1858042046875 0.888054309375 0.1758059328125 0.8963855265625 0.1864707953125 0.9100486890624999 0.1951666515625 0.9001666671875
1 0.238461775 0.95370428125 0.22513074687499998 0.9643682281249999 0.2374619375 0.978364659375 0.25012642500000004 0.96936695625 0.238461775 0.95370428125