0 0 0 0.000333303125 0.075333334375 0.5394929953125 1 0.80611345625 0.9997060937500001 0.7461238296875 0.896399015625 0.6834680375 0.9350558796874999 0.650807059375 0.879736584375 0.716129015625 0.8424127968749999 0.6514735515625001 0.74177166875 0.5874846765624999 0.7824280421875 0.5528240234374999 0.7237762609375 0.670137009375 0.66245853125 0.6114804656249999 0.555818915625 0.4994999125 0.62180215625 0.4761706125 0.559817940625 0.5734870562500001 0.502499134375 0.514164021875 0.4038575671875 0.41151504531249994 0.4605098359375 0.38018715 0.4025245421875 0.4868353734375 0.3472052984375 0.425512665625 0.24789719375 0.3148650921875 0.3065489734375 0.2895362203125 0.2632266515625 0.36019060625 0.2212373015625 0.30020098125 0.1179302234375 0.249543134375 0.151921575 0.2082168671875 0.0832724109375 0.260207896875 0.049281009375000004 0.22754691875000002 0 0 0
0 0.2415444375 1 0.007584954687500001 0.6098051859375 0 0.9723797671875 0.0182497171875 1 0.2415444375 1
0 0.468171915625 0 0.4741709375 0.012623659374999999 0.39699996875 0.060333334375000006 0.47550402031249994 0.17191649375 0.572820565625 0.12126270937500001 0.5974829484375 0.16725100625 0.5081649984375 0.2252362765625 0.5928171078125 0.35853573125 0.674136359375 0.303882975 0.7034645796875 0.36320124374999996 0.6261446796875 0.41852048750000004 0.704797765625 0.5451549703125 0.7901162625 0.4911688015625 0.8207776687499999 0.55115355625 0.7367921515625 0.6058062625 0.8154453374999999 0.74177166875 0.8967644874999999 0.691117934375 0.9254263203124999 0.7397721546875 0.8494392968750001 0.7990904734375001 0.9307586499999999 0.9343894421875 1 0.8830690703125 1 0.5238270765624999 0.666804253125 0 0.468171915625 0
1 0.1292458015625 0.25013118749999996 0.11290907343750001 0.21836363749999999 0.093979184375 0.23268109374999998 0.1136121578125 0.25449373125 0.1292458015625 0.25013118749999996
1 0.0318081234375 0.08794438593750001 0.018363620312500002 0.0556363640625 0.0016315125 0.0708578296875 0.015447315625 0.09303400625 0.0318081234375 0.08794438593750001
1 0.5037265 0.013031234375 0.5219051734375 0.0021249156250000003 0.49472725625 0 0.5037265 0.013031234375
1 0.534630246875 0.018847932812500003 0.51390656875 0.031208434375 0.5240866375000001 0.0519304296875 0.543719584375 0.0406605703125 0.534630246875 0.018847932812500003
1 0.66079029375 0.176626021875 0.6418844265625 0.188986521875 0.6535188234375 0.21261685312499998 0.6713339015625001 0.2006199453125 0.66079029375 0.176626021875
1 0.7833144937500001 0.3853233375 0.7719999828125 0.3638181828125 0.7560464812500001 0.377688946875 0.7665902015625 0.3929577828125 0.7833144937500001 0.3853233375
1 0.8829090734375 0.5574545453125 0.86948145625 0.5711636234374999 0.8782071984375 0.5824335078125 0.8927501375 0.57298134375 0.8829090734375 0.5574545453125
1 0.9092727109375 0.5974545453125 0.8934773296875 0.605336734375 0.9032937453125 0.6278765046875 0.9221996125 0.615152465625 0.9092727109375 0.5974545453125