0 0 0.2812776625 0.064630684375 0.34970472343750003 0.169501465625 0.25017445625 0.051744017187500005 0.14086890000000002 0 0.22884657968750002 0 0.2812776625
0 0 0.6865362265625 0.10018009375 0.7665158984375 0.12995270781249998 0.73852306875 0.1801662609375 0.7869551765625 0.2463770734375 0.71230746875 0.196163521875 0.666541340625 0.261929940625 0.5963369484375 0.206383990625 0.5443501734375 0.17083458125 0.5767863546875 0.12106535624999999 0.5216892390625001 0.1521710875 0.48436541875000005 0.0437454203125 0.3852794765625 0 0.43060127656249997 0 0.6865362265625
0 0.5934281312499999 1 0.657861434375 0.9221074296875 0.5929838046875 0.861678384375 0.5836520578125 0.8696763656250001 0.5152194734375 0.8012492703125 0.50722084375 0.80791424375 0.41656981249999997 0.7261572375 0.3836866375 0.76703575625 0.347692834375 0.7274903125 0.30592230625 0.761259434375 0.2679999796875 0.71466666875 0.18505433124999998 0.79584180625 0.27926025 0.8758214796875 0.2592637078125 0.9002597140624999 0.3916852671875 1 0.5934281312499999 1
0 0.7427356734375 0.533761709375 0.7027425890625 0.5986341046875 0.8036140890624999 0.661729165625 0.845384615625 0.595968121875 0.7427356734375 0.533761709375
0 1 0.00048728125000000003 0.83827470625 0 0.783617546875 0.1262088046875 0.8551606218750001 0.156867659375 0.8578268546875 0.1497583546875 0.9067072906250001 0.1701976046875 0.8689360453124999 0.267506215625 0.824499284375 0.2466226640625 0.8431627781250001 0.20130081249999998 0.773397009375 0.1688646140625 0.7676202859375 0.18130589375 0.705853215625 0.15553466875 0.6743030890624999 0.247511296875 0.683190440625 0.2563979265625 0.6569727796875 0.3146053484375 0.7009651453125 0.3354889515625 0.7000763562500001 0.3439312234375 0.6800798140625 0.352817853125 0.6680819703124999 0.37414577968749996 0.6760805328124999 0.399917021875 0.6498628703125 0.45812444374999994 0.8787121859375 0.5541001125 1 0.23688889062500001 1 0.00048728125000000003
1 0.5860564640625 0.8953382812499999 0.5658571296875 0.917285715625 0.6029106750000001 0.9576081796875 0.6237642640625001 0.930757834375 0.5860564640625 0.8953382812499999
1 0.1886965875 0.7185260703125 0.1758571296875 0.7315714296875 0.1898392515625 0.75051793125 0.20412249531249999 0.7345220015625 0.1886965875 0.7185260703125
1 0.13127795 0.6593800796875 0.11556638125 0.6728052515625 0.12642165625 0.6879442484375 0.1407049 0.674519096875 0.13127795 0.6593800796875
1 0.21954840468749998 0.5708311546875 0.20442855781249997 0.584428571875 0.21726307656250002 0.5985384234375 0.230975 0.5831137453124999 0.21954840468749998 0.5708311546875
1 0.11270973124999999 0.57109864375 0.096571415625 0.58585714375 0.117851709375 0.6076607890625 0.1347059203125 0.5930930671875 0.11270973124999999 0.57109864375
1 0.1064245125 0.4750867421875 0.0894285578125 0.49300000156249996 0.10013989375000001 0.5002232203125 0.1141374546875 0.4856554984375 0.1064245125 0.4750867421875
1 0.8031428437500001 0.402285715625 0.795733915625 0.4196541015625 0.8137307687499999 0.427366440625 0.8185871062500001 0.4105135765625 0.8031428437500001 0.402285715625
1 0.8167142734375 0.44085714375 0.8071605109375 0.45935830156249996 0.8251573640625001 0.4667849796875 0.8317277093750001 0.44707572031250004 0.8167142734375 0.44085714375
1 0.8748630374999999 0.36741797656249997 0.867721415625 0.38741288906250004 0.8880036390624999 0.39312572343749996 0.8957166265625001 0.375701584375 0.8748630374999999 0.36741797656249997
1 0.8502857015625 0.028000001562499998 0.8285853781249999 0.08509509062500001 0.8525812109375 0.0919504953125 0.869435421875 0.037107309375 0.8502857015625 0.028000001562499998