0 0.9972727265625 0.8201272734374999 1 0.5719454546875 0.97181818125 0.5537636359375 0.9536363640625 0.5883090906249999 0.8536363640625 0.5128545453125 0.8654545453125 0.48649090937499995 0.8 0.44558181875 0.7845454546874999 0.47012727343750005 0.63818181875 0.378309090625 0.6554545453125 0.34921818125000004 0.5599999999999999 0.298309090625 0.549090909375 0.3228545453125 0.41454545468750004 0.23558181875 0.4454545453125 0.19558181875 0.410909090625 0.1710363640625 0.3954545453125 0.1910363640625 0.359090909375 0.1710363640625 0.349090909375 0.1946727265625 0.199090909375 0.1046727265625 0.2154545453125 0.0746727265625 0.150909090625 0.03558181875 0.1272727265625 0.058309090625000004 0.0563636359375 0.011945454687499999 0 0.09285454531250001 0.0036363640625 0.1910363640625 0.9972727265625 0.8201272734374999
0 0.359090909375 0.036490909375000005 0.3372727265625 0.0746727265625 0.380909090625 0.1019454546875 0.4245454546875 0.026490909375 0.4445454546875 0.036490909375000005 0.4 0.11103636406249999 0.45 0.13558181875 0.4963636359375 0.0628545453125 0.52 0.0828545453125 0.4736363640625 0.15649090937500001 0.5127272734375 0.1828545453125 0.5627272734375001 0.11012727343749999 0.5745454546875 0.11739999999999999 0.53181818125 0.1974 0.58 0.2328545453125 0.629090909375 0.1528545453125 0.7672727265625 0.2437636359375 0.7427272734375 0.2774 0.7654545453125 0.2937636359375 0.740909090625 0.32921818125 0.7854545453124999 0.35921818125 0.8309090906250001 0.2810363640625 0.8963636359375 0.3237636359375 0.86181818125 0.37558181875 0.89 0.39376363593749997 0.8763636359375001 0.41649090937500005 0.9145454546874999 0.44558181875 0.9654545453125 0.36558181875 0.990909090625 0.38376363593749996 0.9563636359375 0.43649090937499996 0.9972727265625 0.4619454546875 0.9963636359375 0.2119454546875 0.649090909375 0 0.290909090625 0.0001272734375 0.2645454546875 0.038309090625 0.3127272734375 0.0637636359375 0.33909090937499997 0.018309090625 0.359090909375 0.036490909375000005
0 0.820909090625 1 0.0027272734375 0.49558181875 0 0.6939454546875 0.0454545453125 0.7293999999999999 0.0227272734375 0.7639454546875 0.070909090625 0.7948545453125 0.0972727265625 0.75121818125 0.16 0.79121818125 0.13181818125 0.8339454546875 0.1827272734375 0.8657636359374999 0.2045454546875 0.8230363640625 0.2672727265625 0.8639454546875 0.24 0.90121818125 0.289090909375 0.930309090625 0.2645454546875 0.9666727265624999 0.31818181874999996 0.9957636359375 0.33818181875 0.9730363640625 0.36181818125 0.9839454546875 0.3472727265625 1 0.820909090625 1
0 0.0018181812499999997 0.9094 0.0009090906249999999 0.9421272734375 0.0136363640625 0.9194000000000001 0.0018181812499999997 0.9094
0 0.07272727343749999 0.9530363640624999 0.0445454546875 0.998490909375 0.0036363640625 0.9694 0.0018181812499999997 0.9994 0.1427272734375 1 0.07272727343749999 0.9530363640624999
2 0.3354545453125 0.708490909375 0.3045454546875 0.7566727265625001 0.3954545453125 0.8166727265624999 0.4263636359375 0.7694 0.3354545453125 0.708490909375
2 0.28545454531250003 0.7812181812500001 0.2754545453125 0.80121818125 0.3354545453125 0.8339454546875 0.3454545453125 0.8184909093750001 0.28545454531250003 0.7812181812500001
2 0.23272727343750002 0.2648545453125 0.2154545453125 0.28758181875 0.23818181875 0.3039454546875 0.2536363640625 0.2794 0.23272727343750002 0.2648545453125
1 0.17636363593749999 0.15212727343750002 0.16454545468749998 0.1430363640625 0.150909090625 0.160309090625 0.16545454531249998 0.168490909375 0.17636363593749999 0.15212727343750002
1 0.2127272734375 0.17758181875 0.2 0.1694 0.189090909375 0.1839454546875 0.20181818125 0.18939999999999999 0.2127272734375 0.17758181875
1 0.5363636359374999 0.9603090906249999 0.53 0.9548545453124999 0.52181818125 0.9675818187499999 0.53 0.97121818125 0.5363636359374999 0.9603090906249999