0 0.1841544765625 0.6110716390625 0.00019998124999999999 0.4682000015625 0 0.8274166812500001 0.0085848296875 0.8322154484375 0.1841544765625 0.6110716390625
0 0.1469608953125 0.261560475 0.206950521875 0.3043495875 0.11216692343750001 0.41872052968749995 0.0641752234375 0.379530478125 0.02119998125 0.4282000015625 0.21494913906250002 0.5842784609375 0.3937182734375 0.3647342515625 0.1917531984375 0.20437499531249997 0.1469608953125 0.261560475
0 0.3681226625 0 0.3489259703125 0.01756403125 0.4093155515625 0.056354162500000006 0.36332350468749997 0.10914074843749999 0.3117324515625 0.0711504046875 0.22419998125 0.1832000015625 0.414914559375 0.3398820953125 0.5948834390625 0.11553911718750001 0.5028993453124999 0.046356701562500005 0.507298609375 0.03755895 0.4509083359375 0 0.3681226625 0
0 0.6524735171875 0.8858449984375 0.739658390625 0.7786722859374999 0.7976483640625001 0.8182622 0.842840621875 0.7618765046875 0.6524735171875 0.60071748125 0.47619998125 0.8162000015625 0.666071140625 0.9750223484375 0.7040645703124999 0.9230355593749999 0.6524735171875 0.8858449984375
0 0.6340766734375001 1 0.4433096734375 0.8486545 0.322930465625 1 0.6340766734375001 1
0 0.8556383359374999 0.637882603125 0.94602273125 0.5275106593750001 0.998013740625 0.571899403125 1 0.4727245953125 0.85519998125 0.3532000015625 0.66887070625 0.5742987875 0.8652367734374999 0.7330584265625 0.9080292999999999 0.6802718546875 0.8556383359374999 0.637882603125
0 1 0.16715142031250002 0.8708357812499999 0.34070731875 1 0.44428100156249994 1 0.16715142031250002
0 0.622878659375 0.091119915625 0.6924666015625001 0 0.5132975703125 0.0039420890625 0.622878659375 0.091119915625
1 0.65219998125 0.9112000015625 0.6368762375 0.93225864375 0.652873471875 0.9470548703125001 0.6720701046875 0.92266110625 0.65219998125 0.9112000015625
1 0.8841999812499999 0.4902000015625 0.8768347437499999 0.501942596875 0.8924320218749999 0.507941071875 0.8992308953125001 0.4959441203125 0.8841999812499999 0.4902000015625
1 0.97619998125 0.5172000015625 0.9684188812500001 0.5299354828125 0.9784171531249999 0.5383333421875001 0.985615859375 0.5271361765625 0.97619998125 0.5172000015625
1 0.20219998125 0.2502000015625 0.18895363437499998 0.2671260125 0.20215136406249998 0.2751239796875 0.21614894375000002 0.2603277515625 0.20219998125 0.2502000015625
1 0.31519998125000004 0.0992000015625 0.24694360624999998 0.1795482640625 0.2753387203125 0.2031422734375 0.3457265734375 0.121563015625 0.31519998125000004 0.0992000015625
1 0.39411816875 0.013165140624999998 0.3801205890625 0.031560475 0.396117821875 0.04315751875 0.41211505624999994 0.026361784375000002 0.39411816875 0.013165140624999998
1 0.40171689062500004 0 0.41719998125 0.0102000015625 0.4261126359375 0 0.40171689062500004 0