0 0.44950855624999997 0.9403878765625 0.53082780625 0.9497187984375 0.55082435 0.8677397140625001 0.32019752343749996 0.6391311265625 0.18699996875 0.7803333343750001 0.3735216359375 0.9503853359375001 0.4148478015625 0.9117284734375 0.44950855624999997 0.9403878765625
0 0 0.497833775 0.08533330312500001 0.5770000015625001 0.13889556249999999 0.5164956187499999 0.25954140625 0.62180215625 0.3275296296875 0.54715448125 0.22621383593750002 0.444513890625 0.14689415781249998 0.5051651328125 0 0.35920221875 0 0.497833775
0 0.13422972187499999 0 0.07090733906249999 0.0706089265625 0.12823069843749998 0.12992722031249998 0.102235234375 0.1552540609375 0.19088659218749998 0.22790227500000002 0.22421416249999998 0.2212373015625 0.23621210625 0.23390076093749998 0.254208975 0.21390584218750003 0.36418995625 0.3145469203125 0.48616888437499994 0.183246978125 0.3788540671875 0.084605359375 0.40284995781250005 0.065943440625 0.3221971984375 0 0.13422972187499999 0
0 0.693466309375 0.1599195984375 0.5894843515625 0.0759409 0.5121643484375 0.1525880875 0.5294947249999999 0.180580978125 0.510333303125 0.21866666875 0.5414925687500001 0.254562165625 0.44217645 0.36320124374999996 0.4761706125 0.39519308125 0.693466309375 0.1599195984375
0 0.5041657515625 0.05594598125 0.5503333031250001 0.09866666874999999 0.60748121875 0.051280495312499993 0.5821522453125 0 0.5554901890624999 0.0032926875 0.5041657515625 0.05594598125
0 0.3628568734375 0.47250675624999994 0.42617925625 0.408523028125 0.35819093281250003 0.3805301625 0.338194390625 0.3678667046875 0.30086757343750004 0.408523028125 0.3628568734375 0.47250675624999994
0 0.7834507484375 0.6691235046874999 0.824110425 0.6144707484375 0.796115184375 0.596475290625 0.8554384234375 0.521827565625 0.63947570625 0.3258773546875 0.5636666359375 0.415333334375 0.65014046875 0.4898357265625 0.6121470578125 0.53315805 0.7394583156250001 0.6444631265625 0.7834507484375 0.6691235046874999
0 1 0.35520324531249997 0.822777240625 0.20124238437500003 0.710333303125 0.3270000015625 0.8860996234374999 0.4845038296875 0.8940983234375001 0.4691742703125 0.9060961656250001 0.47917172968750005 0.95742070625 0.4198535125 0.986082334375 0.445846865625 1 0.410522540625 1 0.35520324531249997
0 0.9154280484375 0.17458249374999998 0.9994133625 0.2618936265625 1 0.0666099796875 0.9154280484375 0.17458249374999998
1 0.4930010921875 0.8688109875000001 0.5053066562499999 0.882345990625 0.5234573921875 0.86388914375 0.5096136312499999 0.84912365625 0.4930010921875 0.8688109875000001
1 0.1825932484375 0.514419953125 0.1709230625 0.5040000015625 0.16198141562499999 0.516880875 0.1730564421875 0.5261092984375 0.1825932484375 0.514419953125
1 0.1905918625 0.54025954375 0.20166686562499997 0.5510260390624999 0.20997311093749998 0.539951934375 0.19766754687500002 0.52672451875 0.1905918625 0.54025954375
1 0.21612589375 0.5676372062499999 0.22689326250000003 0.5774808484375 0.23766063124999998 0.56302299375 0.225662725 0.5522565 0.21612589375 0.5676372062499999
1 0.237846140625 0.5870769234375001 0.2533502453125 0.5971681578125 0.26380995625 0.5836331312499999 0.2527349765625 0.575327559375 0.237846140625 0.5870769234375001
1 0.6032307546875 0.400153846875 0.5895998015624999 0.41963570156249996 0.6077504890625 0.43286311875 0.6200560546875 0.41286820156250004 0.6032307546875 0.400153846875
1 0.6428213296874999 0.4356316515625 0.6314387375 0.452550428125 0.6483588890624999 0.46762352500000004 0.6631255296874999 0.45101235781250004 0.6428213296874999 0.4356316515625
1 0.6615873328124999 0.374108825 0.6388220578125 0.3562671953125 0.62528595625 0.3756468953125 0.643744303125 0.39287328125 0.6615873328124999 0.374108825
1 0.7021957343749999 0.4079463796875 0.6846602671875 0.3931808921875 0.6689706531249999 0.41009966875000003 0.671124165625 0.41102252031250003 0.686813778125 0.42548037499999997 0.7021957343749999 0.4079463796875
1 0.751417990625 0.3131621296875 0.73880476875 0.329773296875 0.7569554562499999 0.3433083234375 0.770491559375 0.3266971546875 0.751417990625 0.3131621296875
1 0.77941316875 0.282400715625 0.7632307546875 0.300153846875 0.7837200984375 0.3159306609375 0.7981790796875 0.29931949375 0.77941316875 0.282400715625
1 0.8064853734374999 0.28947585 0.820636790625 0.2728646828125 0.8027936656250001 0.258406828125 0.78648883125 0.2774788953125 0.8064853734374999 0.28947585
1 0.8278461406250001 0.260923078125 0.8424791859375 0.24394895 0.8267895734374999 0.23225962656250002 0.8144840078125 0.25225454531249997 0.8278461406250001 0.260923078125
0 0.4104320578125 0.944576125 0.39516665156249997 0.999333334375 0.5170802812499999 1 0.5274117984375 0.9739020406250001 0.4104320578125 0.944576125