0 1 0.5378236125 0.917427621875 0.4578438375 0.78278415625 0.5824788078124999 0.743457665625 0.539823021875 0.7967817765625 0.486503240625 0.7594548578125 0.44984589062499997 0.9460892515625 0.2632266515625 0.7736666359375 0.08200000156250001 0.5808191625 0.25589514062499996 0.634809765625 0.3178794078125 0.51149775625 0.425185459375 0.6028153796875 0.5098306453125 0.5641553781249999 0.543155509375 0.6468077109375 0.6324661546875 0.679468790625 0.5984747515625 0.718795384375 0.635798640625 0.5288281328125 0.824417390625 0.6374760312500001 0.9297238796875 0.556823271875 1 1 0.9997060937500001 1 0.5378236125
0 0 0.8124204203125001 0.14489448437500002 0.975712253125 0.28087103125 0.8450787453125 0.2635406546875 0.8390803109375 0.394851259375 0.7157783140625 0.3655230390625 0.68245345 0.3668561203125 0.673788965625 0.2622075703125 0.559817940625 0.21288280781250002 0.59447588125 0.19755210625 0.5804793453125 0.0229156578125 0.74243820625 0.0255818234375 0.7537686390625 0 0.7770000015625 0 0.8124204203125001
0 0.083571775 1 0.11090042343749999 0.9770452281249999 0 0.8520000015625 0 1 0.083571775 1
0 0 0 0 0.140333334375 0.121565184375 0 0 0
1 0.598521315625 0.42947936875000003 0.5786153703125 0.408615384375 0.5591435015624999 0.4307098296875 0.5782171625 0.45070474843749997 0.598521315625 0.42947936875000003
1 0.6071352671875 0.435016409375 0.585538446875 0.4540000015625 0.60621229375 0.4793128484375 0.627131809375 0.45654939843750003 0.6071352671875 0.435016409375
1 0.6647692171874999 0.42938461562499997 0.6846602671875 0.4107149109375 0.6631255296874999 0.3882590703125 0.6406679125 0.40671591874999996 0.6647692171874999 0.42938461562499997
1 0.6262088359375 0.5546783093750001 0.61169229375 0.540923078125 0.6006748265625 0.5522173875 0.61205741875 0.56636765625 0.6262088359375 0.5546783093750001
1 0.626307678125 0.5824615390625001 0.6406679125 0.5958986312500001 0.656357525 0.5808255109375 0.6382067421875 0.564829584375 0.626307678125 0.5824615390625001
1 0.20781964687499999 0.8349929546875 0.1924376921875 0.8500660515625 0.2096655 0.8672924625 0.2241245296875 0.85283463125 0.20781964687499999 0.8349929546875
1 0.17151824531249998 0.8712914546875 0.1547692171875 0.8840000015625 0.172133515625 0.901745234375 0.185669640625 0.8885178187499999 0.17151824531249998 0.8712914546875
1 0.5880616046875 0.8100762156249999 0.576986578125 0.7965411890625 0.5637580875 0.809768653125 0.5772942359375001 0.82238078125 0.5880616046875 0.8100762156249999
1 0.644974840625 0.7602427359374999 0.63236161875 0.7436315687499999 0.615749125 0.756858984375 0.6314387375 0.7725473015625 0.644974840625 0.7602427359374999
1 0.644974840625 0.7956183609374999 0.63236161875 0.8109990671875 0.6465130359375 0.8248417031249999 0.6585109421875 0.8106914578125 0.644974840625 0.7956183609374999
1 0.6591262578125 0.784851865625 0.67297001875 0.7990021109375001 0.685583240625 0.78577469375 0.67081650625 0.7707016203125 0.6591262578125 0.784851865625
1 0.5939999859375 0.8716923078125 0.60621229375 0.8580640374999999 0.5914456546875 0.8457594500000001 0.57914004375 0.8577564046875 0.5939999859375 0.8716923078125
1 0.6274393734375 0.8829807546874999 0.615538446875 0.8940000015624999 0.6425137656250001 0.9248162953125 0.656972746875 0.9122040968749999 0.6274393734375 0.8829807546874999
1 0.6769692890625 0.9349675703125 0.66497138125 0.9481949875 0.6785074843750001 0.9601919203125 0.6889671953125001 0.9500406437500001 0.6769692890625 0.9349675703125
1 0.6632307546875 0.8493846156249999 0.6498970843749999 0.8629858359375 0.6775846046875 0.891593959375 0.6901978265625 0.8755980343750001 0.6632307546875 0.8493846156249999
1 0.697076909375 0.8855384624999999 0.6828144125 0.9002071656249999 0.710809590625 0.926969584375 0.72188461875 0.9106660265625001 0.697076909375 0.8855384624999999
1 0.7431116984374999 0.89866909375 0.7293846015625001 0.8832307703125 0.71603949375 0.8968233906249999 0.730498475 0.910973659375 0.7431116984374999 0.89866909375
1 0.6924615234375 0.7516923078125 0.6745082140625 0.7670102375 0.7058873453125 0.7983868937499999 0.7157318359375 0.7830061859375 0.6924615234375 0.7516923078125
1 0.726307678125 0.7932307703125 0.71265544375 0.8066925125 0.736958915625 0.83253205625 0.7523408703125 0.815920934375 0.726307678125 0.7932307703125
1 0.759724190625 0.8263797734375 0.7452652093750001 0.8377614875000001 0.7720297546875 0.8672924625 0.784950634375 0.852219365625 0.759724190625 0.8263797734375
1 0.8278461406250001 0.8224615390625001 0.8166374265625 0.8356081968750001 0.828942990625 0.8500660515625 0.8424791859375 0.8368386593749999 0.8278461406250001 0.8224615390625001
1 0.8547692171874999 0.8224615390625001 0.8680131953125001 0.8094609953124999 0.8532465546875001 0.7956183609374999 0.8403256750000001 0.8103838250000001 0.8547692171874999 0.8224615390625001
1 0.8800111015625 0.8472975203124999 0.89416251875 0.86329346875 0.908929159375 0.849758490625 0.89293198125 0.8353005874999999 0.8800111015625 0.8472975203124999
1 0.9293846015625 0.9270769234375 0.9150819406249999 0.9393718734375 0.9323097499999999 0.9550601999999999 0.946299890625 0.94029471875 0.9293846015625 0.9270769234375
1 0.9312254984375 0.8775023484375 0.9186123703125 0.8602759499999999 0.9069220281250001 0.8698119953125 0.90292275625 0.8750414375 0.9167665171875001 0.89042213125 0.9312254984375 0.8775023484375
1 0.9702957046874999 0.9162617234375 0.9555290640624999 0.89842011875 0.9441463796875 0.9104170515625001 0.9429158421875 0.9125703640625 0.958297796875 0.92918153125 0.9702957046874999 0.9162617234375
1 1 0.94517745625 0.9872158546875 0.9559439515625 1 0.9737855796874999 1 0.94517745625
1 0.944738446875 0.9978461546874999 0.95983599375 0.9993175390625 0.9515296984375 0.99070435625 0.944738446875 0.9978461546874999
2 0.3039493734375 0.6968546843750001 0.28487575781249996 0.7100820796875 0.2688785109375 0.690087159375 0.2024307546875 0.7478461546874999 0.2368840625 0.788831315625 0.3184084265625 0.71438868125 0.3039493734375 0.6968546843750001
2 0.360104240625 0.686088190625 0.2432153703125 0.790153846875 0.2641208484375 0.8149785156249999 0.379793171875 0.709466859375 0.360104240625 0.686088190625