0 0 0.96904728125 0.1175659375 0.8997315015625 0.0349135015625 0.7377727453125 0 0.748436640625 0 0.96904728125
0 0.6201456546874999 0.5824788078124999 0.57148738125 0.481171240625 0.5188298625 0.5051651328125 0.52216261875 0.5191615656249999 0.3336666359375 0.6253333343749999 0.4128482296875 0.7717640453125 0.6121470578125 0.6717894531249999 0.5801525703125 0.6058062625 0.6201456546874999 0.5824788078124999
0 0.8474397234375 0.3452057859375 0.666804253125 0.44318091718749997 0.7414580921875 0.62180215625 0.9367575718750001 0.51316313125 0.8474397234375 0.3452057859375
0 1 0.27322410937499997 0.9086666359375 0.32366666875 0.9647528124999999 0.43451643124999995 0.9967471984375 0.410522540625 1 0.27322410937499997
0 0.29153579218750003 0.503832159375 0.316864765625 0.48916918750000005 0.3981840171875 0.44318091718749997 0.3688557953125 0.39519308125 0.2628741625 0.448512865625 0.29153579218750003 0.503832159375
0 0.2308796765625 0 0.0342470125 0.0046256859375 0.27153925 0.42118648593749997 0.44217645 0.33187584062500003 0.3908520125 0.22190378906250002 0.3668561203125 0.235900221875 0.2308796765625 0
0 0.468171915625 0.0026262 0.4536666359375 0.01366666875 0.5068319156250001 0.09460281875 0.60948089375 0.041949523437500004 0.5841519203125001 0 0.468171915625 0.0026262
2 0.07888937968750001 0.8976996625 0.070185009375 0.876058109375 0.0332502265625 0.8913483421875 0.02054651875 0.8951121234375 0.034426493749999995 0.9233402265624999 0.07888937968750001 0.8976996625
1 0.506068175 0.5644168406250001 0.5164193125 0.5825298937500001 0.5326518203124999 0.5719443484375 0.517830846875 0.554772234375 0.506068175 0.5644168406250001
1 0.7095294015625 0.4748235296875 0.7229718375 0.4658536765625 0.7170905015625 0.4498577265625 0.6987407625000001 0.45997281875 0.7095294015625 0.4748235296875
1 0.8265882250000001 0.3989411765625 0.8354230234375001 0.41313128125 0.8483619625 0.403486678125 0.8403632875 0.3867850265625 0.8265882250000001 0.3989411765625