0 0.0855159484375 0.6789826046874999 0.00064174375 0.6198865312499999 0.0013333124999999999 0.8502222234374999 0.0290812765625 0.87493283125 0.09262585625 0.787399534375 0.0424123046875 0.746965340625 0.0855159484375 0.6789826046874999
0 0.5858738953125 0.3266277453125 0.5898731765624999 0.39123664687500004 0.7222947359375 0.37950317031249997 0.7129629890625 0.2573120015625 0.7249609687499999 0.25509034375 0.7222947359375 0.18885670937500001 0.8964868906250001 0.1790814125 0.8640479734375001 0.054433357812500006 0.6303107234375 0.06154265625000001 0.6396423343750001 0.1739585265625 0.5463252062499999 0.17973485 0.5432145796875 0.1370790140625 0.13795133906249998 0.1664049046875 0.142395015625 0.27037848750000004 0.1690570703125 0.2681568296875 0.1730564203125 0.3272529015625 0.15133331249999998 0.33022222343749996 0.1575035546875 0.436821925 0.3956845484375 0.419048665625 0.3867971953125 0.34306798125000004 0.5858738953125 0.3266277453125
0 1 0.0011135765625 0.9284812765625 0.08509224062500001 1 0.1579625984375 1 0.0011135765625
0 0.87693474375 1 0.82138879375 0.9547114984375 0.77688886875 1 0.87693474375 1
0 1 0.8924444453125 0.9835829687500001 0.9107227046874999 0.9151502484374999 0.8418513203125 0.8378303125000001 0.920497984375 0.91781648125 1 1 1 1 0.8924444453125
1 0.3492727109375 0.3765454546875 0.3499349015625 0.3946558546875 0.3750215046875 0.39174751875 0.370658634375 0.3735703203125 0.3492727109375 0.3765454546875
1 0.3392727109375 0.3038181828125 0.340118428125 0.323037703125 0.365568571875 0.32085644375 0.3619328375 0.300497959375 0.3392727109375 0.3038181828125
1 0.345636346875 0.3456363640625 0.3455720296875 0.363391078125 0.369567903125 0.362300434375 0.3666593046875 0.341578440625 0.345636346875 0.3456363640625
1 0.3365454375 0.2520000015625 0.33648269375 0.27432280468750003 0.36375070468750004 0.271778021875 0.3590242375 0.250692446875 0.3365454375 0.2520000015625
1 0.37018180156249997 0.1729090921875 0.3713857703125 0.1932525015625 0.38738298125 0.1910712296875 0.38338370624999996 0.16998568281249998 0.37018180156249997 0.1729090921875
1 0.3992727109375 0.1865454546875 0.41683245625 0.1859816234375 0.4139238578125 0.1634418875 0.39901732343749996 0.16562315156250002 0.3992727109375 0.1865454546875
1 0.4281032015625 0.2579633265625 0.43173893750000003 0.3077688390625 0.5386295765625 0.2983167015625 0.5328123796875001 0.24851117500000003 0.4281032015625 0.2579633265625
1 0.9661920265624999 0.0816213953125 0.9578297703124999 0.08961937187499999 0.9698277624999999 0.1063423890625 0.9792806953125 0.0947089796875 0.9661920265624999 0.0816213953125
1 0.9901878999999999 0.1077965703125 0.9800077765624999 0.11942996718750001 0.9941871203125 0.13251755781250002 1 0.1219747765625 0.9901878999999999 0.1077965703125
2 0.7527743421875 0.1888668734375 0.8178539765625 0.1845043703125 0.8167632984375001 0.1310633765625 0.6474545296875001 0.139272728125 0.6473380296875 0.175415771875 0.7520472625 0.16923549375 0.7527743421875 0.1888668734375