0 0 0.4898357265625 0.098235884375 0.5744809625 0.0436666359375 0.64366666875 0.136229396875 0.729108259375 0.2789380734375 0.5627428906249999 0.2729391109375 0.5567444140625 0.2835371953125 0.5404895093750001 0.19455270156249999 0.462368390625 0.1817549265625 0.47673933125 0 0.3272103796875 0 0.4898357265625
0 0.343526821875 0.43718243125 0.2722058421875 0.3725321640625 0.2515427078125 0.4025245421875 0.2136666359375 0.435333334375 0.29020270937500003 0.502499134375 0.324196871875 0.46584178437499996 0.343526821875 0.43718243125
0 0.3895189296875 0.417854 0.556823271875 0.20790735625 0.4236666359375 0.09866666874999999 0.25087621875 0.3065489734375 0.31086584375 0.36653372968750003 0.3895189296875 0.417854
0 0.818111503125 0.7584341 0.9314252421875 0.62713415625 0.824110425 0.534491125 0.7681201484375 0.5978083671875 0.7147960359375001 0.6711230171875 0.818111503125 0.7584341
0 0.8434403749999999 0.8644495750000001 0.800114534375 0.829791634375 0.7094635015625 0.9444292484375 0.5081649984375 0.7744724421875 0.4535078046875 0.8464540671874999 0.39533330312500004 0.9153333343750001 0.4955005625 0.99774903125 0.738125334375 1 0.8434403749999999 0.8644495750000001
0 0.379520659375 0 0.340194065625 0.038574690625000005 0.41551439375 0.09855944531250001 0.5021660765625 0 0.379520659375 0
0 0.647474303125 0.10789041875000001 0.7387919265625 0.0005843406249999999 0.52616196875 0.0052498265625 0.647474303125 0.10789041875000001
0 1 0.38723748125 0.8836666359375001 0.50866666875 1 0.6131800703125 1 0.38723748125
0 0.7786666359375001 0.99866666875 0.928092484375 1 0.8341086953125 0.9304751124999999 0.7786666359375001 0.99866666875
0 0.9967471984375 1 1 0.9637999765625 0.9760840640625 0.94647100625 0.9347579984375001 1 0.9967471984375 1
1 0.12976391874999998 0.483512184375 0.1225651515625 0.474314540625 0.1117670296875 0.48471189218750005 0.11976564687499999 0.49151015156250005 0.12976391874999998 0.483512184375
1 0.059775990625 0.4407230703125 0.071373990625 0.42752641249999995 0.060975795312500004 0.41672916875 0.0457784109375 0.43152539687499997 0.059775990625 0.4407230703125
1 0.43519998125 0.013200001562499999 0.45410779375 0.0263267359375 0.4625063671875 0.015129570312499998 0.4469090265625 0.0003333421875 0.43519998125 0.013200001562499999