0 0.1515599984375 0.09793530624999999 0.2042176203125 0.13392614375 0.21488238124999998 0.12126270937500001 0.372188553125 0.2285687625 0.48816845625000005 0.0626109546875 0.38285341562499997 0 0.06533330312499999 0.0020000015625 0.0742400953125 0.047281496875 0.11556626249999999 0.0339515515625 0.16755729218749998 0.0726084140625 0.1515599984375 0.09793530624999999
0 0.46199996875 0.165333334375 0.3881857453125 0.2652261125 0.44684229062499997 0.3052159484375 0.510831265625 0.1952438984375 0.46199996875 0.165333334375
0 0.8081132312499999 0.5451549703125 0.8261099984375001 0.5284925375 0.876101353125 0.5664829140625 0.8547718296875001 0.5984747515625 0.9207603796875 0.6404641015625 0.978083840625 0.5404895093750001 0.954754540625 0.5264930765625 0.963419628125 0.51316313125 0.9347579984375001 0.49716718593750003 0.9367575718750001 0.47650578125000004 0.8954315062499999 0.445846865625 0.9134282734375001 0.39585956875 0.6048149515625 0.1852464390625 0.49350088750000004 0.3438728125 0.7634542062499999 0.53315805 0.7681201484375 0.5198281046875 0.8081132312499999 0.5451549703125
0 0 0.7217767484375 0.046911448437499996 0.7544351765624999 0.06357523281250001 0.7331071828125 0.08223869218749999 0.746437128125 0.0895707984375 0.73710620625 0.16155826874999998 0.6311331796874999 0 0.5271595640625 0 0.7217767484375
0 0.4908347234375 1 0.5701543 0.879736584375 0.27699996875 0.6736666687499999 0.1575590203125 0.839746746875 0.4081822875 1 0.4908347234375 1
1 0.8186666359375 0.43866666875 0.810779396875 0.4538448625 0.8434403749999999 0.47184026875 0.852105665625 0.4538448625 0.8186666359375 0.43866666875
1 0.8636666359375 0.410333334375 0.8587711796875 0.43584940625 0.8794341093750001 0.446513403125 0.8847666437499999 0.42385248593749997 0.8636666359375 0.410333334375
1 0.8669999687500001 0.3720000015625 0.8554384234375 0.39919205625 0.876101353125 0.4038575671875 0.8847666437499999 0.3831961625 0.8669999687500001 0.3720000015625
1 0.3286666359375 0.8720000015625 0.3195310328125 0.896399015625 0.339527575 0.906396475 0.35085892812499997 0.8837356078124999 0.3286666359375 0.8720000015625
1 0.4761706125 1 0.44950855624999997 0.9830436625000001 0.43699996875 1 0.4761706125 1
1 0.460333303125 0.9570000015625 0.44950855624999997 0.9837102 0.47017158906249995 0.9970401453125 0.4868353734375 0.973712740625 0.460333303125 0.9570000015625
1 0.480333303125 0.94366666875 0.5021660765625 0.955717334375 0.5061654265625 0.9463863124999999 0.4835026171875 0.9237254453125001 0.480333303125 0.94366666875