0 0.077072990625 0.6358542296875 0.11573295937500001 0.6611811125 0.0828497828125 0.7082802796875 0.16594651093749999 0.7576010375 0.1832768203125 0.7233875234375 0.2059395953125 0.74649275 0.3619126515625 0.499888790625 0.278371528125 0.44923499062500005 0.267706665625 0.463453584375 0.212160715625 0.4354607203125 0.19882968750000002 0.42568540625000006 0.2192706234375 0.4065791703125 0.13084149843749998 0.346594415625 0.1166216796875 0.3648120015625 0.043301059375 0.315491209375 0.05840956562500001 0.295496290625 0 0.25328481406250003 0.0013333124999999999 0.5724444453124999 0.051744017187500005 0.6083056874999999 0.064630684375 0.5838674546875 0.095736415625 0.601640715625 0.077072990625 0.6358542296875
0 0.6823016515625 1 0.7449575109375 0.9020370124999999 0.8462732703125001 0.971797115625 0.8502726875000001 0.9637991343750001 0.90759608125 1 0.94270109375 0.9469145234375 0.7929491578125 0.8393863093749999 0.87693474375 0.70653114375 0.7356257640625 0.6096669609375 0.4902885078125 0.9861929843749999 0.5089982875 1 0.6823016515625 1
0 1 0.542128515625 0.990692740625 0.5332418859375 0.99780265 0.5216892390625001 1 0.341734990625 0.9409236515625 0.30529980156250003 0.9369243703125001 0.31507509843750003 0.919593925 0.3190740734375 0.8964868906250001 0.34395664843749996 0.8995973812500001 0.367506215625 0.8000590671875001 0.515468625 0.785394990625 0.5168015984375 0.7618434265625 0.5447944984374999 0.7693977296875001 0.5647894171875001 0.7596215875000001 0.5763420296875 0.759111090625 0.5791111124999999 0.9000417765625001 0.6767609453125 0.9640306843750001 0.5781193625000001 1 0.6052236453125001 1 0.542128515625
0 0.5601005609375 0.234852090625 0.70452003125 0.015795912500000002 0.6743030890624999 0 0.5107757984375 0.001132975 0.20949455 0 0.2654848265625 0.03179185625 0.276149690625 0.0184619109375 0.4279999796875 0.121333334375 0.49033486093749995 0.1619817046875 0.49877781875 0.170424003125 0.4863355796875 0.181532290625 0.5601005609375 0.234852090625
0 1 0.196933334375 0.96314203125 0.24862563437500002 0.9453673265625 0.288615471875 1 0.3259393265625 1 0.196933334375
1 0.2002222015625 0.5502222234375 0.18594305312499998 0.5801089593750001 0.2054952015625 0.591661571875 0.2201593453125 0.557892384375 0.2002222015625 0.5502222234375
1 0.04907781875 0.4183722796875 0.0353024296875 0.434812565625 0.0495221796875 0.44680950468749997 0.0681856390625 0.4299249265625 0.04907781875 0.4183722796875
1 0.08355553437499999 0.3557777796875 0.0708518703125 0.3748278109375 0.091737134375 0.3908237390625 0.10684560624999999 0.3668298296875 0.08355553437499999 0.3557777796875
1 0.037968628125 0.334393665625 0.0279999796875 0.3557777796875 0.0406348265625 0.3637195234375 0.05352149375 0.34905656875 0.037968628125 0.334393665625
1 0.0079999796875 0.41466666874999997 0.0179720859375 0.3966000625 0.0055298140625 0.3899350890625 0 0.40015469374999996 0.0079999796875 0.41466666874999997
1 0.6513333125 0.93355555625 0.6454191953125 0.948988815625 0.66141645625 0.9605414265625001 0.6716368562499999 0.9485445578125 0.6513333125 0.93355555625
1 0.7046666453125 0.86466666875 0.695188284375 0.8778957703125 0.7142961734375 0.8912257171875 0.7236279203125 0.8792287796875 0.7046666453125 0.86466666875
1 0.76577775625 0.761333334375 0.7565110953125 0.7734778640625 0.7773962921875001 0.7899181515625 0.7818399687500001 0.7796985125 0.76577775625 0.761333334375
1 0.7424444234375 0.82355555625 0.73073769375 0.8334626187499999 0.7458463 0.8485698984375001 0.7551779125 0.836572959375 0.7424444234375 0.82355555625
1 0.9168888687500001 0.516888890625 0.9035967984375001 0.5450349937500001 0.9262594390625001 0.556587640625 0.9373686296875 0.5299277484375 0.9168888687500001 0.516888890625
1 0.96577775625 0.45911111250000003 0.9524772359375 0.47216465156250004 0.9724737781250001 0.48505023906250005 0.982249784375 0.46816566093749995 0.96577775625 0.45911111250000003
1 0.5457777562499999 0.0480000015625 0.5409927406249999 0.0601563875 0.5578787234375 0.06815436875 0.56498863125 0.0606007125 0.5457777562499999 0.0480000015625