0 0.07107404375000001 0.9180769703125 0 0.9965454546875 0.1405166015625 1 0.15396881093749998 0.9911493015625 0.07107404375000001 0.9180769703125
0 0.31830401875000003 1 0.34193629531249997 0.9591574218750001 0.282310265625 0.9231665906250001 0.31830401875000003 0.8668172468750001 0.3804751078125 0.9060800625000001 0.459734140625 0.7868375734375 0.342299890625 0.713765240625 0.37211290625000004 0.668685796875 0.26922159687499997 0.622515709375 0.243044315625 0.666504525 0.2361364421875 0.663959715625 0.09472725625 0.89018181875 0.26376799375000004 1 0.31830401875000003 1
0 0.3768393734375 0.6115170265625001 0.3742943703125 0.6224233453125 0.499727225 0.6602318953124999 0.52517736875 0.5809792984375 0.4542805375 0.5635291765625 0.4786399515625 0.49736418593750004 0.5364481140625 0.5191768234375 0.5557175203125 0.4650087671875 0.5658975890625 0.46937131093750006 0.5942563328125 0.3741227734375 0.463369875 0.32940688125 0.4720956171875 0.305413 0.37018180156249997 0.2774545453125 0.3532070953125 0.323590184375 0.348117034375 0.321045359375 0.265222321875 0.57588970625 0.3768393734375 0.6115170265625001
0 0.425636346875 0.0547272734375 0.7040555171875 0.1402947234375 0.7545922093749999 0 0.439374003125 0.0010573703125 0.425636346875 0.0547272734375
0 0.32339408125 0.12684357968749999 0.38338370624999996 0.1406582609375 0.42119532812499993 0 0.35466136875 0.00033029375 0.32339408125 0.12684357968749999
0 0.0001772125 0.1057580453125 0.0779819453125 0.1221175234375 0.11433929375 0 0.0263545203125 0.0010573703125 0.0001772125 0.1057580453125
0 0 0.13338738125 0.00126794375 0.20973161562499998 0.016901587500000002 0.14429370156250002 0 0.13338738125
0 1 0 0.8958956515625 0.0003071953125 0.8356363468750001 0.19290909218750002 0.909347915625 0.216615859375 0.939524471875 0.124275684375 0.9991505015625 0.1449976796875 1 0
1 0.27474543749999997 0.8065454546874999 0.28145642187500003 0.7958800046875 0.2709128125 0.7893362015625 0.25964201249999996 0.8009695984375 0.27474543749999997 0.8065454546874999
1 0.3683504921875 0.8307801921875001 0.3556545296875 0.8483636375 0.382529890625 0.8638627156249999 0.39380063593750003 0.846776159375 0.3683504921875 0.8307801921875001
1 0.4056545296875 0.8301818187500001 0.42252297656250004 0.8006060875 0.39416423125 0.7838830421874999 0.37671269375 0.8096946859375 0.4056545296875 0.8301818187500001
1 0.503836346875 0.44745454531249995 0.497782678125 0.47736926718749995 0.5323221593749999 0.48972976875 0.5417750375 0.45919206875 0.503836346875 0.44745454531249995
1 0.5563179765624999 0.035547851562499996 0.5341400265625 0.028640510937500002 0.5254142296875 0.054815693750000005 0.5475922343749999 0.0620865734375 0.5563179765624999 0.035547851562499996
2 0.9555216828124999 0.0809908484375 0.9602482046875 0.052634434375000004 0.9011090734374999 0.032000001562500005 0.8788076546875001 0.0933514046875 0.9704282187500001 0.124979690625 0.9820626156250001 0.089715965625 0.9555216828124999 0.0809908484375
2 1 0.0646313703125 0.9678831593749999 0.050089610937499994 0.956248875 0.0755376890625 0.9995140984375 0.0937148875 1 0.0646313703125