0 0 0 0 0.087271359375 0.055576635937499994 0.143257165625 0.2115496234375 0 0 0
0 0.4315115875 0.255228653125 0.44217645 0.24189870781249997 0.535493646875 0.32054540625 0.6128136515625 0.24856368125 0.5581563546874999 0.1945774109375 0.69080014375 0.0506139828125 0.6641380875 0.02128811875 0.688133878125 0 0.4588402359375 0.0006266875 0.23033330312500003 0.225333334375 0.38685266406249996 0.391194109375 0.47217126406250004 0.3092149234375 0.4315115875 0.255228653125
0 0.7581218765625 0.8064218828125 0.8414408015625 0.7091133421875 0.69080014375 0.5824788078124999 0.6681373359375 0.6038067515625001 0.54749159375 0.49050221250000003 0.6021487875 0.43918189218750003 0.508831590625 0.351870759375 0.36699996874999996 0.5103333343750001 0.4561740703125 0.595808753125 0.49683364531249996 0.5611510171874999 0.7581218765625 0.8064218828125
0 0.9394237375 0.4585103234375 0.9494220078125 0.4418478921875 0.8694358390625 0.3831961625 0.8561048109374999 0.410522540625 0.79699996875 0.37866666875 0.7034645796875 0.539823021875 0.8801007015625 0.6957833953125 1 0.5011662609374999 0.9394237375 0.4585103234375
0 1 0.1026007921875 0.924759728125 0.0066251734375 0.875434965625 0.0552794703125 0.9154280484375 0.084605359375 0.785333303125 0.22866666875 0.8940983234375001 0.3392073 1 0.1952438984375 1 0.1026007921875
1 0.48150294374999997 0.14992213906250001 0.480333303125 0.1620000015625 0.471504671875 0.1759154671875 0.4868353734375 0.1919114125 0.49416747968749997 0.17125000625 0.48150294374999997 0.14992213906250001
1 0.5969999687499999 0.0470000015625 0.583485328125 0.057278981250000006 0.599482621875 0.0726084140625 0.613480140625 0.0626109546875 0.5969999687499999 0.0470000015625
1 0.8154453374999999 0.2305682734375 0.828776365625 0.219904328125 0.8114459890625 0.20457487031250002 0.79744836875 0.218571303125 0.8154453374999999 0.2305682734375
1 0.83699996875 0.19366666875 0.8621039375 0.17258300625 0.846106540625 0.16125254687499999 0.830109346875 0.182580440625 0.83699996875 0.19366666875
1 0.8919999687500001 0.11700000156249998 0.868102859375 0.1385916296875 0.8834334593750001 0.1492556015625 0.905429778125 0.1259281953125 0.8919999687500001 0.11700000156249998
1 0.9319999687499999 0.10366666875 0.9454228625000001 0.085938359375 0.9267593015625 0.0746079015625 0.9147614562499999 0.0892708453125 0.9319999687499999 0.10366666875
1 0.9236666359375001 0.032000001562500005 0.9074293515624999 0.061944442187500004 0.9220935625 0.0719419015625 0.9480890265624999 0.047948009375 0.9236666359375001 0.032000001562500005