0 0.2136363640625 0 0 0.2536363640625 0.0036363640625 0.5354545453124999 0.4445454546875 0 0.2136363640625 0
0 0.21090909062500002 0.999090909375 0.7954545453125 0.3063636359375 0.6454545453125 0.189090909375 0 0.9772727265625001 0.018181818750000002 0.9972727265625 0.21090909062500002 0.999090909375
0 1 0.48818181875000005 0.9181818187499999 0.4045454546875 0.42000000000000004 1 0.6463636359375 1 1 0.5900000000000001 1 0.48818181875000005
0 1 0.03818181875 0.9572727265625 0.0009090906249999999 0.75181818125 0 0.72 0.049090909375000005 0.7936363640625 0.11181818125000001 0.75181818125 0.16181818125 0.8363636359375001 0.23090909062499998 0.8745454546874999 0.18181818125 1 0.28818181875 1 0.03818181875
2 0.7845454546874999 0.819090909375 0.7372727265625 0.780909090625 0.6727272734375 0.8636363640625 0.719090909375 0.900909090625 0.7845454546874999 0.819090909375
1 0.6536363640625 0.9127272734374999 0.639090909375 0.9327272734375001 0.6590909093749999 0.9463636359375001 0.67 0.9272727265625 0.6536363640625 0.9127272734374999
1 0.63181818125 0.9745454546874999 0.609090909375 0.96 0.599090909375 0.96818181875 0.620909090625 0.9872727265625001 0.63181818125 0.9745454546874999
1 0.5554545453124999 0.9172727265624999 0.5463636359375 0.9099999999999999 0.539090909375 0.9181818187499999 0.549090909375 0.9254545453125 0.5554545453124999 0.9172727265624999
1 0.3877272734375 0.6154545453125 0.3772727265625 0.6054545453125 0.369090909375 0.61681818125 0.3795454546875 0.625 0.3877272734375 0.6154545453125
1 0.0995454546875 0.9668181812500001 0.08681818125 0.9586363640625001 0.07954545468749999 0.9659090906250001 0.09181818124999999 0.975909090625 0.0995454546875 0.9668181812500001
1 0.12227272656249999 0.9854545453125001 0.11545454531249999 0.9940909093749999 0.1227272734375 0.9986363640624999 0.1327272734375 0.9986363640624999 0.12227272656249999 0.9854545453125001
1 0.8290909093750001 0.0872727265625 0.8172727265624999 0.0804545453125 0.8077272734375001 0.0895454546875 0.819090909375 0.100909090625 0.8290909093750001 0.0872727265625