0 0 0.2507889703125 0.118702165625 0.3896628109375 0.19905190156250002 0.3140456546875 0.1645124203125 0.2729651734375 0.199415496875 0.23661077656249999 0.1957797625 0.23442949062500001 0.23649998125 0.19698450625 0.1470609359375 0.10246304531249999 0.17651035625 0.07192534687499999 0.11018180156249999 0.001090909375 0.0628620984375 0 0 0.055202329687499996 0 0.2507889703125
0 0.39844044375 0.11995937812499999 0.327436346875 0.191090909375 0.3671731 0.23811115468750002 0.4427963984375 0.1654023609375 0.39844044375 0.11995937812499999
0 0.198475021875 0.3915497984375 0.1832049453125 0.4075457375 0.3679002921875 0.6042230484375 0.47260941250000005 0.498795296875 0.5042403515625 0.52933296875 0.5627756515625 0.4711659328125 0.34652725625 0.2547272734375 0.25882824375 0.335927559375 0.23010590468749997 0.3042992453125 0.1682984109375 0.3591943796875 0.198475021875 0.3915497984375
0 0.6304003421875 0.30466278281250003 0.5711379062499999 0.3621027421875 0.6289460703125 0.42863127187499994 0.68820850625 0.3675559015625 0.6304003421875 0.30466278281250003
0 0.6536690234375 0.9194618562500001 0.753651734375 0.8333019453125001 0.7111137015625 0.7882224609375 0.794372009375 0.7049709140625 0.7082050484375 0.6169933109375 0.6682119640625 0.6566195546875 0.6169480796875 0.6017244203125001 0.655486890625 0.562098121875 0.61222166875 0.5184728453125 0.5278725734374999 0.599543134375 0.48787954375 0.5613710171874999 0.402076178125 0.6398965375000001 0.6536690234375 0.9194618562500001
0 0.11703458124999999 0.9962388953125 0.0697700265625 0.9497053125000001 0.07849576875 0.9409802234375 0.0010727109375 0.8738181828125 0 0.996966028125 0.1115809796875 0.9980566156249999 0.11703458124999999 0.9962388953125
0 0.999107171875 1 0.99474435625 0.9231896609374999 0.9551147562500001 0.8828362859375 0.9205319453125 0.9137375234375 0.872176715625 0.8617507515625 0.9103519312499999 0.8264869703125 0.8663595171875 0.7730460046875 0.687436346875 0.9420000015625 0.74751438125 1 0.999107171875 1
1 0.0603604234375 0.050476246875 0.049272710937500006 0.0374545453125 0.0365354546875 0.0472043734375 0.04872605625 0.061019028125 0.0603604234375 0.050476246875
1 0.1056545296875 0.0429090921875 0.118339490625 0.0566565125 0.130701021875 0.0453866546875 0.11943022031249999 0.0308448953125 0.1056545296875 0.0429090921875
1 0.12747271093749998 0.0656363640625 0.13833603125 0.081377484375 0.1546968390625 0.063927390625 0.1416082265625 0.0508398140625 0.12747271093749998 0.0656363640625
1 0.3365636203125 0.4829090921875 0.351026525 0.4966140109375 0.36120659375 0.48352640625000004 0.34993579375 0.46898464687499997 0.3365636203125 0.4829090921875