0 1 0.8338217625000001 0.9050547796874999 0.7298481734375 0.8725603984375001 0.7653391828125 0.83706650625 0.736846440625 0.8765597984375001 0.700292178125 0.7525811453125 0.5733244765625 0.7265857328124999 0.6028169515624999 0.6810935687499999 0.5538293859375 0.70708898125 0.5268362765625 0.6670958984375 0.4863465359375 0.5986077562500001 0.549330559375 0.5381182625 0.48584670937499996 0.6051066484375001 0.4228626859375 0.5741120234375 0.386871809375 0.5446171546875 0.41536459062500003 0.48912671874999997 0.35438006718750004 0.5171219078125 0.3303861875 0.426637525 0.237409825 0.39414314375 0.2719010296875 0.336153140625 0.20341844843749998 0.3616487625 0.171426571875 0.3216556796875 0.12843750468749998 0.2966600015625 0.1529312875 0.20567575 0.061454520312500004 0.2466686453125 0.02096481875 0.2231727234375 0.0009698999999999999 0.1141915546875 0 0.0039999765625 0.0940000015625 0.17118166875000002 0.2759635484375 0.1616833421875 0.287460621875 0.23717031875 0.36644054531250003 0.24966815625 0.353943721875 0.45513258125 0.5639538843749999 0.464131040625 0.556955675 0.5291198031250001 0.61694043125 0.5076235046875001 0.63293636875 0.687592384375 0.8158898656250001 0.7775768234375 0.7334108265625 0.8430655296875 0.794895215625 0.7550807140625 0.8758746953125 0.8720604546875 1 1 0.9983435328124999 1 0.8338217625000001
0 0.09469495624999999 0.9998113312499999 0.35265030468749997 1 0.226172159375 0.8783422625 0.20867518437500002 0.895837815625 0.1371876078125 0.82235646875 0.15468458125 0.8033613562499999 0 0.6384032046875 0.0002499765625 0.9040000015625 0.024707059375 0.9323284812500001 0.0816971734375 0.8853404546875 0.1456861234375 0.9588217625000001 0.09469495624999999 0.9998113312499999
0 0.084696684375 0 0.00021124843750000002 0.001469765625 0 0.0777500015625 0.084696684375 0
0 0.9352499765625 0 0.9010555312499999 0.028962778124999998 0.9395487843750001 0.0714519796875 0.970543484375 0.041959487499999996 1 0.0744512296875 1 0 0.9352499765625 0
1 0.3576666515625 0.23766666718749999 0.326446590625 0.27427506562500004 0.3587743234375 0.3046006859375 0.39110205625 0.273608578125 0.3576666515625 0.23766666718749999
1 0.24079469531250003 0.1636365265625 0.22599998437500002 0.1776666671875 0.235795559375 0.194295390625 0.25179280312499996 0.1743004734375 0.24079469531250003 0.1636365265625
1 0.2151324765625 0.21095782343749997 0.2018014484375 0.198294403125 0.1838045796875 0.22028879531249998 0.1961357703125 0.232285740625 0.2151324765625 0.21095782343749997
1 0.10933331875 0.026000001562500003 0.1234816578125 0.0396256828125 0.13048044375 0.0339604546875 0.1174827109375 0.015298521875000002 0.10933331875 0.026000001562500003
1 0.20480095937499998 0.038292709375 0.19183331875 0.026000001562500003 0.17980528125 0.0339604546875 0.194136096875 0.0492898859375 0.20480095937499998 0.038292709375
1 0.9120119890625 0.946210209375 0.9023470140625 0.95620766875 0.9116786937500001 0.9632058593749999 0.9250097203125 0.9505424515625001 0.9120119890625 0.946210209375
1 0.9309999843749999 0.9926666671875 0.9383407484375 1 0.9490056125 0.9901990203125 0.93967383125 0.9835340468749999 0.9309999843749999 0.9926666671875