0 0.1677239546875 1 0.1406175703125 0.9753799453124999 0.172612025 0.9322798015625 0.19927408124999998 0.95227471875 0.3063667015625 0.7958700375000001 0.2952575109375 0.78476175 0.3348062 0.7385513328125 0.349914671875 0.7461048875 0.379242959375 0.7016717359375 0.3907965453125 0.711002725 0.4378994703125 0.6523509437499999 0.3916852671875 0.6181374296875 0.4276790015625 0.5737042781249999 0.4641172 0.60080849375 0.5023327734375 0.5448227296875 0.46189536249999996 0.5141638484375 0.47256015625 0.5052772171875 0.31214342500000003 0.39686032031249996 0.2837039265625 0.4337398484375 0.277927134375 0.42840786875000003 0.1788331453125 0.5674836296875 0.1872761703125 0.573259953125 0.16105844062500002 0.6132497906250001 0.1632802796875 0.6181374296875 0 0.844302146875 0.001974859375 0.9558293843750001 0.0588538921875 0.9975965203125 0.1677239546875 1
0 0.879600840625 1 0.902263615625 0.9558293843750001 0.5623223984375 0.7754307953125 0.44244442343749996 1 0.879600840625 1
0 0.970251940625 0.94516545625 0.909111090625 0.9557777796875 0.9182608765625 0.9993738875 0.9818053890625 0.9998181796875001 0.970251940625 0.94516545625
0 0.9422566984375 0.910063225 1 0.9660490234375001 0.9979999796874999 0.841333334375 0.9422566984375 0.910063225
0 0.6391980765625 0.3252100953125 0.6787467656249999 0.2696686546875 0.6498628703125 0.24700768750000002 0.7222947359375 0.1452557625 0.7511786296875 0.1661393296875 0.7907273203125 0.110597890625 0.6463078484375 0 0.5849851734375 0.00218104375 0.4721157625 0.1461444109375 0.47789255468749997 0.152365059375 0.45078617187500003 0.18791158125000001 0.6391980765625 0.3252100953125
0 0.9991358343750001 0.00040369375 0.8409409406250001 0 0.8689360453124999 0.08926999687500001 0.9382574187499999 0.072829709375 0.9298144609375001 0.035505906250000004 1 0.0155109875 0.9991358343750001 0.00040369375
0 1 0.43321083125 0.999111090625 0.28355555625 0.9347025312499999 0.3332362390625 0.9764730593750001 0.380779765625 0.9689187562500001 0.41454888749999996 1 0.43321083125
1 0.262271759375 0.69871521875 0.2530425875 0.712865465625 0.2767308359375 0.7310147031249999 0.2881134734375 0.7150187546875 0.262271759375 0.69871521875
1 0.15982795156250001 0.777772040625 0.17059531875 0.762083725 0.153367534375 0.7510096203125001 0.1429078 0.767005546875 0.15982795156250001 0.777772040625
1 0.18782310468750002 0.7374745953125 0.17630767812499998 0.7516923078125 0.1927453265625 0.7639294046875 0.20197452343750003 0.7510096203125001 0.18782310468750002 0.7374745953125
1 0.15367516875 0.8448319312500001 0.1419848734375 0.8605202703125 0.16198141562499999 0.8752857109375001 0.17182588125 0.8589821984375 0.15367516875 0.8448319312500001
1 0.081379978125 0.7956136703125 0.073689 0.8082258921875001 0.087532759375 0.8226836984375 0.0986077625 0.8094563062500001 0.081379978125 0.7956136703125
1 0.20012866875 0.8998948406249999 0.19169229375000002 0.9078461546875 0.20474325625 0.9251192375 0.21489535625 0.9149679609374999 0.20012866875 0.8998948406249999
1 0.22169229375000002 0.900923078125 0.23089257968750002 0.8888207593749999 0.2164335515625 0.87682378125 0.2075120359375 0.8854369859375 0.22169229375000002 0.900923078125
1 0.2401217546875 0.8436014937499999 0.23181550624999997 0.8543679875000001 0.24535160937499997 0.867902990625 0.254888440625 0.8568288624999999 0.2401217546875 0.8436014937499999
1 0.25211970625 0.8211456296874999 0.245966925 0.8309892953125001 0.2582724890625 0.843293859375 0.266271078125 0.8343730921875 0.25211970625 0.8211456296874999
1 0.2874982046875 0.810071525 0.27088566406250003 0.797766959375 0.262271759375 0.8063801640625 0.2788843 0.82083801875 0.2874982046875 0.810071525
1 0.722499934375 0.9103537484374999 0.714193640625 0.9321943234375001 0.7289602796875 0.9408075296874999 0.7381894531250001 0.9177364703125 0.722499934375 0.9103537484374999
1 0.7492644796875 0.9229659015625 0.7391124265625 0.9463445937499999 0.7554172625 0.952804509375 0.764646434375 0.9343476609374999 0.7492644796875 0.9229659015625
1 0.7840277546875 0.9614176671875001 0.776336778125 0.9832582890625 0.7947951234375 0.9915638609374999 0.80463951875 0.9688004343750001 0.7840277546875 0.9614176671875001