0 0.3608572 0.843079234375 0.3335285515625 0.8550762046875 0.35685785000000003 0.9057300390625 0.48416920937499996 0.8250838281249999 0.471504671875 0.7937584765625 0.4948339703125 0.78109506875 0.501499484375 0.7897594515625 0.5408260796875 0.7644326359375 0.5501577578125 0.7797619921875001 0.6254780859375 0.73643966875 0.6108139765625 0.70378134375 0.63614295 0.6864523734375 0.650807059375 0.714445340625 0.6967990656249999 0.6884518843749999 0.6841346296874999 0.66312496875 0.7447908484375 0.62780069375 0.7681201484375 0.651794534375 0.8094462124999999 0.6298001046875 0.8081132312499999 0.6038067515625001 0.8381080453124999 0.577146859375 0.8114459890625 0.534491125 0.8394410265625 0.5031656718749999 0.7634542062499999 0.36053524375 0.23033330312500003 0.6936666687499999 0.3148650921875 0.8277498781249999 0.338194390625 0.8070884203125 0.3608572 0.843079234375
0 0.6768025234375 0 0.48150294374999997 0.0012932 0.38751925625 0.057278981250000006 0.40618271562499997 0.085271846875 0.38551958124999997 0.09593581875 0.4241795828125 0.16058603437500002 0.402183365625 0.17058349374999998 0.34819266249999997 0.085938359375 0.3035337375 0.11059873906249999 0.3288627125 0.1525880875 0.315531684375 0.1639185203125 0.288203034375 0.122595709375 0.2382116796875 0.1552540609375 0.2908693015625 0.2398992453125 0.2755385984375 0.24789719375 0.22421416249999998 0.163252084375 0.1682237828125 0.1965769234375 0.2208814046875 0.28122205624999996 0.19755210625 0.295218490625 0.14756075 0.21123984375 0.10423490937499999 0.237899734375 0.153559671875 0.3185458953125 0.1322300484375 0.33187584062500003 0.08223869218749999 0.25056319375 0.0369131765625 0.2805555703125 0.08690453125 0.36386772968750003 0.064241825 0.3791971375 0.0135838765625 0.295218490625 0 0.3052159484375 0.0002528484375 0.3525372453125 0.0275814984375 0.40519054062500004 0.020915984375 0.40918951562499994 0.0975693953125 0.544488584375 0.9847493546875 0 0.6768025234375 0
0 0 0.1952438984375 0.03757976875 0.25589514062499996 0.045578365625 0.24656421874999998 0.08023901875 0.22790227500000002 0.0409125265625 0.1699170578125 0.06757458125 0.1565871125 0.102235234375 0.2172383296875 0.1408952359375 0.1879124375 0.11689934531249999 0.13792514218750002 0.1408952359375 0.12459519687500001 0.162891453125 0.1665845703125 0.21021654218750002 0.14059111562499998 0.17822205468750002 0.089937384375 0.2008848625 0.069275928125 0.2382116796875 0.1292606828125 0.2795379484375 0.10060127968749999 0.2528758921875 0.05994500625 0.273538925 0.0399500375 0.2988678984375 0.0832724109375 0.34819266249999997 0.05594598125 0.3062000046875 0 0 0.0012932 0 0.1952438984375
0 0.340333303125 0.0020000015625 0.36618963125000004 0.03928355 0.41951374374999995 0.013290145312500001 0.402183365625 0.0032926875 0.340333303125 0.0020000015625
0 1 0.2120000015625 0.9060961656250001 0.2698916234375 1 0.43051745781250006 1 0.2120000015625
0 0.72946004375 0.9937076593749999 0.622811921875 0.8304158265625 0.6754694421874999 0.7950914499999999 0.6461412203125 0.7431046421875 0.36199996875 0.9170000015625 0.352858603125 0.921059496875 0.4081822875 1 0.72946004375 0.9937076593749999
0 1 0.7977575 0.8927651375 0.5904768046875 0.68699996875 0.730333334375 0.8394410265625 0.9743792796875 0.908762534375 0.9370553906250001 0.9314252421875 0.96904728125 0.8887659937500001 1 1 1 1 0.7977575
0 0.14689415781249998 0.9370553906250001 0.0689076640625 0.803089396875 0 0.850333334375 0.00158593125 0.997706684375 0.03957944375 1 0.14689415781249998 0.9370553906250001
1 0.5135429734375 0.2126630765625 0.4929090734375 0.2247272734375 0.510270834375 0.24501846875000002 0.5280859125 0.2337486109375 0.5135429734375 0.2126630765625
1 0.563818165625 0.6801818187500001 0.5764411984375 0.6955649453125 0.5920748703125 0.6861128062499999 0.5815312609375 0.6690262515625001 0.563818165625 0.6801818187500001
1 0.7301818015625 0.5856363640625 0.739685675 0.60286123125 0.7564100765624999 0.5915913749999999 0.7455028734375 0.576322553125 0.7301818015625 0.5856363640625
1 0.7891316921875 0.7887015046875 0.7883636203125 0.79018181875 0.7964031625 0.80760579375 0.8131275656250001 0.796335921875 0.8051289031250001 0.7799764437500001 0.7891316921875 0.7887015046875
1 0.5658975890625 0.9926496796875 0.5529090734375 0.9756363640625001 0.5426288515625 0.9842881578125 0.5531725171875 0.9991934546874999 0.5658975890625 0.9926496796875