0 0.11976564687499999 0.19192735156250001 0.0977694203125 0.1339420890625 0.10816761562499999 0.13234248906249999 0.056199981249999996 0.0012000015625000002 0.0001862875 0 0 0.24111483281249999 0.11976564687499999 0.19192735156250001
0 0.14296158750000001 0.5182444140625 0.1221651953125 0.5298414421875 0.14256169375 0.5802286609375 0.31733145937499996 0.5078470312500001 0.298934615625 0.46665754843749996 0.3065333375 0.46465805624999995 0.2201482515625 0.24751320156249998 0.20935013125 0.25031250781250003 0.19215309375 0.2063236875 0.05017764375 0.261909565625 0.06737468125 0.3090975546875 0.0629754484375 0.3138963546875 0.14296158750000001 0.5182444140625
0 0.26414064375 0.8422637234374999 0.22694706406249998 0.8558602437499999 0.24414410156250002 0.9026484015625 0.4565074046875 0.8214690203125 0.3829200921875 0.6507124 0.40171689062500004 0.64431403125 0.35812439218750003 0.5407403484375 0.13419998125000002 0.6352000015625 0.1749560546875 0.734291165625 0.21694879375 0.717495415625 0.26414064375 0.8422637234374999
0 0.512897615625 0.9710818015625 0.5188965796875 0.9694822328124999 0.481703059375 0.8707073187500001 0.26719998125 0.9602000015625001 0.2789380734375 0.9998744734375 0.5264953015625 0.9994746109375001 0.512897615625 0.9710818015625
0 0.691666690625 0.31986939062499997 0.7040645703124999 0.3150706234375 0.726460721875 0.36225864375 0.9208271359375001 0.28347867656250003 0.8920320671875 0.22149439843750002 0.8420407125 0.2398897484375 0.7620545437499999 0.04473933125 0.7576552796875 0.045139225 0.7376587375 0 0.5972830484375 0.052362815625 0.61887935 0.0987256125 0.60208220625 0.10352437968749999 0.691666690625 0.31986939062499997
0 0.9976137843749999 0.4746809234375 0.9528216046875 0.49747511875 0.9284257984375 0.43589076406249994 0.9644195734375 0.41709552343749995 0.948022384375 0.3771056859375 0.7411999812500001 0.46320000156249996 0.832042440625 0.6786290921875 0.9988136515624999 0.6038480484375001 0.9976137843749999 0.4746809234375
0 1 0.7110716390625 0.8691999812500001 0.7692000015625 0.934824715625 0.9356038296875001 0.9152281296875 0.9436017953125001 0.934824715625 1 1 0.99958756875 1 0.7110716390625
1 0.317964709375 0.9751175671875 0.2921333203125 0.986133334375 0.29796816718749997 0.99937804375 0.3270298328125 1 0.317964709375 0.9751175671875
1 0.43079998750000004 0.980133334375 0.45474106562500005 0.9708519687500001 0.449675290625 0.9585884015625 0.4243463375 0.9695189734375 0.43079998750000004 0.980133334375
1 0.45420783125 0.9764505625 0.43687749531250003 0.9841819140625001 0.44327637343750004 1 0.45980688125 0.996178865625 0.45420783125 0.9764505625
1 0.322497290625 0.794862809375 0.3147999875 0.778133334375 0.2966350640625 0.78366564375 0.3027673453125 0.802060971875 0.322497290625 0.794862809375
1 0.1587999875 0.6414666671875 0.1665242421875 0.6593966765625 0.18172160625 0.6516653046875 0.1753227296875 0.6340697796875 0.1587999875 0.6414666671875
1 0.1761333203125 0.6968000015625 0.18278809375 0.7111168906249999 0.2035845046875 0.7020525015625 0.19585250468749998 0.6857900124999999 0.1761333203125 0.6968000015625
1 0.1687999875 0.6694666671875 0.17372299062500002 0.6876561765625 0.19371953125000002 0.6788584046875 0.18705401875 0.6607296703125 0.1687999875 0.6694666671875