0 0.7901162625 0.613804209375 0.8027806984374999 0.42118648593749997 0.7314598203125 0.410522540625 0.7321264125 0.3392073 0.81677831875 0.3472052984375 0.8254436093749999 0.181247465625 0.742124684375 0.17458249374999998 0.7401249078125 0.11992976250000001 0.57148738125 0.1132647890625 0.5708208921875 0.1585865484375 0.47199996874999994 0.15533333437500002 0.448175371875 0.5564854546875 0.556823271875 0.559817940625 0.5528240234374999 0.601140853125 0.7901162625 0.613804209375
0 0.4268457484375 0.803755934375 0.4015167734375 0.8017564234375 0.396850934375 0.9057300390625 0.46550575 0.9143945234374999 0.45817364375 0.96504825625 0.5628222953125 0.975712253125 0.5668215437499999 0.9223924703125 0.6654711703125 0.9257249562500001 0.6814683640625 0.691117934375 0.48416920937499996 0.68245345 0.36699996874999996 0.650333334375 0.340194065625 0.7271087484375001 0.4281788296875 0.7591006375 0.4268457484375 0.803755934375
1 0.6089999765624999 0.2852500015625 0.6091059703124999 0.315921625 0.6431001078125 0.3179211234375 0.64809924375 0.2824301515625 0.6089999765624999 0.2852500015625
1 0.63260189375 0.41189721874999996 0.6052499765625 0.40650000156250005 0.6031070234375 0.440889865625 0.630102325 0.4453887296875 0.63260189375 0.41189721874999996
1 0.6689999765625 0.2115000015625 0.6690956734375 0.25343750468750004 0.6970907109375 0.25493715781250004 0.6995902796875 0.2084489375 0.6689999765625 0.2115000015625
1 0.6652499765625 0.28775000156249997 0.6640965390625 0.3054243 0.6895920078125 0.307923665625 0.6905918953125 0.28542938125 0.6652499765625 0.28775000156249997
1 0.7040896234375 0.34141513749999997 0.7015900546875 0.3604103265625 0.7250859000000001 0.36340955625000004 0.7270855234375 0.341915003125 0.7040896234375 0.34141513749999997
1 0.6652499765625 0.41775000156250003 0.6605970828125 0.48287920156249997 0.6820933046875 0.48037983593750005 0.688092328125 0.42189467656249996 0.6652499765625 0.41775000156250003
1 0.7239999765625 0.46525000156249996 0.7195868203125 0.555860721875 0.77507725625 0.5593597406249999 0.7815762234375 0.4723818765625 0.7239999765625 0.46525000156249996
1 0.7502499765625 0.2015000015625 0.7455823875 0.3104230296875 0.7945738546875 0.314421990625 0.7985732546875 0.2059495734375 0.7502499765625 0.2015000015625
1 0.46863023281249994 0.9093343703125001 0.46524997656249995 0.9152500015625 0.46563079687500003 0.9653201265625 0.5651135640625 0.9733181249999999 0.56761313125 0.9218311953124999 0.46863023281249994 0.9093343703125001