0 0.09157037031250001 0.633132590625 0.1089007484375 0.613804209375 0.0002528484375 0.539823021875 0 0.835747825 0.062242149999999996 0.881069659375 0.0515772875 0.8970655546874999 0.14689415781249998 0.9463863124999999 0.288203034375 0.7331071828125 0.1868872421875 0.65979248125 0.17022345625 0.6864523734375 0.09157037031250001 0.633132590625
0 0.05224387968750001 0.36653372968750003 0.0662414984375 0.3498712984375 0.1868872421875 0.4198535125 0.16155826874999998 0.4531783765625 0.24487719375 0.503832159375 0.374188228125 0.2912195171875 0.29953449062500004 0.240565734375 0.27687168125 0.2618936265625 0.16555761875 0.1932444375 0.19088659218749998 0.1699170578125 0.11533330312500001 0.125333334375 0.0062518734375 0.28655405625 0.0062518734375 0.3392073 0.05224387968750001 0.36653372968750003
0 0.00199996875 0.235333334375 0.09090388125 0.09860179375 0.024248740625 0.051280495312499993 0 0.085938359375 0.00199996875 0.235333334375
0 0.3281961203125 0 0.372188553125 0.0239540921875 0.361523690625 0.0372840375 0.360333303125 0.0370000015625 0.4221799078125 0.08193936093750001 0.476837103125 0 0.3281961203125 0
0 0.7474570140625 0.3012169765625 0.7701197203125 0.295218490625 0.8254436093749999 0.333875353125 0.9700851421875001 0.11859671093749999 0.917427621875 0.0892708453125 0.8841000515624999 0.1385916296875 0.754122528125 0.051280495312499993 0.772119496875 0.01795563125 0.7307932296875 0 0.6842229109375 0.0069787703125 0.56482186875 0.183913465625 0.6374760312500001 0.23390076093749998 0.65680598125 0.21123984375 0.7034645796875 0.24589768125 0.70546435625 0.26589260000000003 0.7474570140625 0.3012169765625
0 0.46410606562499995 0.616670253125 0.4477089375 0.6398643093749999 0.5220960375 0.6790543625 0.6476742984375 0.47830539375000003 0.579686115625 0.43631606562499997 0.5604894234375 0.454311490625 0.45490764375000003 0.37873069375 0.47210468125 0.3599354828125 0.39411816875 0.30714887968750004 0.26319998125 0.5092000015625 0.3289294296875 0.5626839734375 0.34772622656249996 0.54068959375 0.46410606562499995 0.616670253125
0 0.40371654531249995 1 0.46450602031250005 0.9142708374999999 0.3057334890625 0.8038988953124999 0.18919998124999998 0.9802000015625 0.22094810156250003 1 0.40371654531249995 1
0 0.7816511296875001 0.9258678671875 0.826043478125 0.8594847437500001 0.81164594375 0.853886190625 0.8752350453125001 0.7587103671875 0.8944316765625 0.76470884375 0.9388240234375 0.696326228125 0.7384586484375 0.5679588734375 0.6632716984375 0.703924303125 0.690066990625 0.720720021875 0.6516736062499999 0.7907022984375 0.586884821875 0.7539115984375 0.524895540625 0.853886190625 0.58328546875 0.890676859375 0.5348938125 0.9642581343750001 0.49090142031250006 0.9322662656249999 0.44850878749999995 0.99545021875 0.7160624953125 1 0.7696532046875 0.9210690984375001 0.7816511296875001 0.9258678671875
0 1 0.245513709375 0.9824164625 0.2823043765625 0.9481999812499999 0.2652000015625 0.8676362609374999 0.3902769359375 1 0.48745225156250005 1 0.245513709375
1 0.055199981249999995 0.6732000015625 0.04457860625 0.6951011125 0.06777460625000001 0.7138963546875 0.0821721109375 0.687902959375 0.055199981249999995 0.6732000015625
1 0 0.6932000015625001 0.011384364062500001 0.6735065953125 0 0.666708334375 0 0.6932000015625001
1 0 0.7802794765625001 0.0029858234375 0.7810792625 0.01418386875 0.76108434375 0 0.7482000015625 0 0.7802794765625001
1 0.11119998125 0.7132000015625 0.101768790625 0.7350909484375 0.11776599375 0.7454883015625 0.12976391874999998 0.721894321875 0.11119998125 0.7132000015625
1 0.17919998125 0.7332000015625 0.1705568515625 0.7542860828125 0.18895363437499998 0.766283034375 0.1961524015625 0.7418892406250001 0.17919998125 0.7332000015625
1 0.18219998125 0.8192000015625001 0.17255650625000002 0.8410640171875 0.18815378437500002 0.8410640171875 0.19575250625 0.8306666953124999 0.18219998125 0.8192000015625001
1 0.73419998125 0.6732000015625 0.73046003125 0.6927017906249999 0.7452575203125 0.7022992953125 0.7532561375 0.688302853125 0.73419998125 0.6732000015625
1 0.7021999812499999 0.7252000015625 0.6932665109375 0.7430889171875 0.7132630546875001 0.7526865453125 0.7236611578125001 0.73349135 0.7021999812499999 0.7252000015625
1 0.6901999812499999 0.07420000156249999 0.6804686765625 0.10035060468749998 0.694866209375 0.10994818749999999 0.7092637453124999 0.081955315625 0.6901999812499999 0.07420000156249999
1 0.71686240625 0.0947520359375 0.7116632328125 0.11394717031249998 0.7252609796875 0.1279436125 0.7376587375 0.1063490953125 0.71686240625 0.0947520359375
1 0.74619998125 0.12020000156249999 0.7360590375 0.143539625 0.7540559265625 0.15113769999999999 0.764454153125 0.12674390625 0.74619998125 0.12020000156249999
1 0.8151999812499999 0.1472000015625 0.8048471921875 0.170332834375 0.8204444703125 0.17713109375 0.8364417046874999 0.15393700625 0.8151999812499999 0.1472000015625
1 1 0.34720000156249997 0.99321464375 0.36428354218750003 1 0.3682825265625 1 0.34720000156249997
1 0.6364762828125 0.170332834375 0.627277921875 0.188728153125 0.6448748546874999 0.1943267359375 0.6532734265625 0.17713109375 0.6364762828125 0.170332834375