0 0.24619998125000003 0.9972000015625 0.00178601875 0.66633385 0.0005862125 0.9730558859375 0.020182831249999998 0.9974497109374999 0.24619998125000003 0.9972000015625
0 0.20935013125 0.3390391171875 0.21494913906250002 0.331840934375 0.3641233546875 0.537039625 0.3709221671875 0.52944158125 0.4261126359375 0.5850274296875 0.500499796875 0.505847540625 0.45210814062500004 0.46665754843749996 0.5216961437500001 0.42346851250000006 0.48250290937500007 0.37028201875 0.5316944140625 0.3350909484375 0.4585070578125 0.23511635625 0.40491628906250005 0.2731067015625 0.3649232046875 0.2227195140625 0.4133148609375 0.18472916875 0.3577244984375 0.11314735468749999 0.2601413359375 0.1875284453125 0.2329460265625 0.1495381015625 0.3201309625 0.07995582343749999 0.26933975781249997 0.014347062499999999 0.23014652343750003 0.0391407484375 0.2017514703125 0.0019502343750000001 0.00019998124999999999 0.0002000015625 0.00098616875 0.0387154484375 0.18255477656250002 0.2814537765625 0.1721565515625 0.2890518203125 0.20935013125 0.3390391171875
0 0.7120631875 0.8674573343749999 1 0.548738315625 0.9996134390625 0.450763215625 0.8752350453125001 0.339191565625 0.8348420046875 0.3883790609375 0.850439284375 0.40597459531249996 0.8024475828125001 0.455961921875 0.8184448156249999 0.470758134375 0.758055234375 0.5491382078125 0.7088637906249999 0.5119476781250001 0.66127204375 0.567133634375 0.7044645265625 0.6051239796875 0.62607805625 0.6891026375 0.55019998125 0.6192000015625 0.4673055234375 0.7182952296875 0.61887935 0.85266110625 0.6552730812500001 0.8134710546875 0.7120631875 0.8674573343749999
1 0.08417176562499999 0.0411656484375 0.07919998125 0.026200001562500002 0.064975103125 0.034367389062499996 0.0749733734375 0.0495635234375 0.08417176562499999 0.0411656484375
1 0.11416657968749999 0.013172762499999999 0.12296504531250001 0.0039751046875 0.10419998125 0.0032000015625 0.11416657968749999 0.013172762499999999
1 0.45930690781249994 0.239115340625 0.40619998125 0.2742000015625 0.44290971875 0.3238938125 0.49210122343749996 0.287902959375 0.45930690781249994 0.239115340625
1 0.49130137500000004 0.31669569218750004 0.469705134375 0.33189178125 0.47770375156249995 0.34668806874999997 0.49850014218750005 0.33189178125 0.49130137500000004 0.31669569218750004
1 0.78619998125 0.5472000015625 0.775252334375 0.566708334375 0.7908496125 0.577505578125 0.8040472812499999 0.5579105828124999 0.78619998125 0.5472000015625
1 0.68819998125 0.6932000015625001 0.6736698015625 0.707872440625 0.6932665109375 0.7262677890625 0.7040645703124999 0.7134710546874999 0.68819998125 0.6932000015625001
1 0.6908669015625 0.748662121875 0.6704704046875001 0.7714563171875 0.685667728125 0.7838531296875 0.7036646156249999 0.76345835 0.6908669015625 0.748662121875
1 0.59819998125 0.7922000015624999 0.6084811234374999 0.7794542843750001 0.592883784375 0.769056903125 0.580885859375 0.7790543624999999 0.59819998125 0.7922000015624999
1 0.53719998125 0.7482000015625 0.5512910015625 0.7574598734375 0.5640887765625 0.7446631390625 0.5508910453125 0.7286672046875 0.53719998125 0.7482000015625
1 0.5340939625 0.681479184375 0.52119998125 0.6952000015625 0.53449391875 0.707872440625 0.5484914984375 0.69787498125 0.5340939625 0.681479184375
1 0.574886896875 0.70707265625 0.586884821875 0.7154705453125 0.5996826578125 0.6998744734375 0.586884821875 0.6870777375 0.574886896875 0.70707265625