0 0.1419506875 0.8985106453125 0.14817180624999998 0.9042869015624999 0.206383990625 0.8451908640625 0.1219541453125 0.7621008484375 0.16416906874999998 0.726998653125 0.0002222015625 0.56355555625 0 0.9202828640625 0.061520125 0.9807119765625 0.1419506875 0.8985106453125
0 0.3699112140625 1 0.294813115625 0.93005814375 0.331695640625 0.8882910078125 0.265929221875 0.82875054375 0.1779999796875 0.921333334375 0.1921641734375 0.9331684515625 0.128619659375 1 0.3699112140625 1
0 0.4943341421875 0.3065198515625 0.49877781875 0.37939026249999996 0.7151848265625 0.3607283515625 0.6925221875 0.109681009375 0.66586013125 0.11367999843750001 0.662305109375 0.0554725765625 0.6725256453124999 0.059027209375 0.742291278125 0 0.561433678125 0.0003754625 0.5689879125 0.08835308124999999 0.525439875 0.0914634234375 0.5156638015625 0 0.43577775625 0.0024444453125000002 0.4578960125 0.24653509687500003 0.518330034375 0.2523114203125 0.5187743609375 0.3011878875 0.4943341421875 0.3065198515625
0 0.7080750546875 0.6856193453125 0.6840790953125 0.706058621875 0.734292715625 0.7678206765625 0.82138879375 0.70161530625 0.7729526156250001 0.7740413578124999 0.818722559375 0.807366221875 0.8947094468750001 0.6998379406249999 0.8560494125 0.668734734375 0.9013749609374999 0.631855271875 0.7507342359375 0.4234637484375 0.57577775625 0.5657777796875 0.61831274375 0.617636609375 0.6436417515625 0.5976416906249999 0.7080750546875 0.6856193453125
0 1 0.6780657234375 0.963555534375 0.6657777796875 0.9071516859375001 0.8757932484375001 0.9746956156250001 0.89578816875 0.9840272265625 0.8669066187500001 1 0.8717942937500001 1 0.6780657234375
1 0.14015383125 0.8501538468750001 0.128725240625 0.8595911640624999 0.14226134375 0.8712805093749999 0.15179817499999998 0.8574378734374999 0.14015383125 0.8501538468750001
1 0.1585662265625 0.8272916796875001 0.1447846015625 0.8386153843749999 0.158873884375 0.851593178125 0.1696412515625 0.8414419015625001 0.1585662265625 0.8272916796875001
1 0.061707678125 0.8409230781250001 0.0721196640625 0.8303678218749999 0.0588911734375 0.8183708421875 0.048431415625 0.8303678218749999 0.061707678125 0.8409230781250001
2 0.057352976562500005 0.6461069546875 0.0393999859375 0.6640000015624999 0.0499696109375 0.67902165625 0.0702738109375 0.6571810578124999 0.057352976562500005 0.6461069546875
2 0.002476909375 0.630153846875 0.0136682328125 0.6408774984375001 0.031818921875 0.6211901906249999 0.0179751625 0.6122694109375 0.002476909375 0.630153846875
1 0.6000283484375 0.2165407984375 0.5987978093749999 0.1937773703125 0.5778783875 0.1947002 0.5803394640625 0.2205398375 0.6000283484375 0.2165407984375