0 0.0109177125 0.6691235046874999 0 0.675333334375 0.0002528484375 0.9083959875 0.1035683171875 0.8570757171875 0.0109177125 0.6691235046874999
0 0.3055334125 0.5171621046875 0.2002182703125 0.5664829140625 0.2175486484375 0.5971417781249999 0.035333303125 0.685333334375 0.11223350624999999 0.8470782578125 0.39951720156250004 0.69911588125 0.3055334125 0.5171621046875
0 0.35552476875 0.44118140468749995 0.29366663593750003 0.4670000015625 0.3488592546875 0.5804793453125 0.40884887968749994 0.5464879953125 0.35552476875 0.44118140468749995
0 0.498166728125 0.5071646453125 0.55615678125 0.4778387546875 0.6181459796875 0.5904768046875 0.7527893437500001 0.5191615656249999 0.6728032765624999 0.3465388109375 0.69080014375 0.3372078390625 0.63947570625 0.235900221875 0.47199996874999994 0.3220000015625 0.5268284578125 0.42118648593749997 0.46950509843750005 0.44984589062499997 0.498166728125 0.5071646453125
0 0.688133878125 0.8090879328125 0.8554384234375 0.7237762609375 0.7681201484375 0.5318250234375 0.6186666359374999 0.6070000015625 0.666804253125 0.6891184234375001 0.6354763578125 0.7077803671875 0.688133878125 0.8090879328125
0 0.8960978953125001 0.7337737203125 0.7886666359375 0.78866666875 0.8147787453124999 0.8484112312500001 0.9200937874999999 0.7917589640625 0.8960978953125001 0.7337737203125
0 1 0.96504825625 0.963419628125 0.8770706359375 0.74699996875 0.98866666875 1 0.9983731203125 1 0.96504825625
0 0 0.16366666875 0.21421589062500002 0.054612981250000005 0.1868872421875 0 0.0002528484375 0.0006266875 0 0.16366666875
0 0.2635406546875 0.0259536046875 0.32019752343749996 0 0.24754346093750002 0.0026262 0.2635406546875 0.0259536046875
0 0.992081459375 0.1192632234375 0.9994133625 0.13059365625 1 0 0.9319999687499999 0.000333334375 0.956087521875 0.0526134953125 0.9267593015625 0.065943440625 0.9667523843750001 0.13525914375 0.992081459375 0.1192632234375
1 0.52619998125 0.3382000015625 0.5504911515625001 0.3255441984375 0.540892775 0.31354724843750004 0.5204963390625 0.32394462968750004 0.52619998125 0.3382000015625