0 0.956087521875 0 0.9834161703125 0.0739414140625 0.9414235124999999 0.089937384375 0.9500886 0.1192632234375 0.928092484375 0.1272611703125 0.8860996234374999 0.08860433437500001 0.7741190703124999 0.1179302234375 0.7681201484375 0.0992683046875 0.562155703125 0.14858908906249998 0.5768198140624999 0.2212373015625 0.5348270546875 0.23723324687499997 0.514164021875 0.161919034375 0.0089180375 0.2818885453125 0.086238040625 0.5838118328124999 0.36752271406250003 0.5224940515625 0.38351990625 0.5831453453125001 0.43751061093750004 0.5691488625 0.4561740703125 0.66245853125 0.0855714484375 0.7531021015625 0.136229396875 0.9597162578124999 0.476837103125 0.8750711234375 0.49150121406249997 0.88906760625 0.514164021875 0.896399015625 0.5394929953125 0.8830690703125 0.55082435 0.8630741515624999 0.6648045796875001 0.8350812875000001 0.6414752796875 0.7477702046875 0.7901162625 0.7084468046875 0.7461238296875 0.524493665625 0.7561221015624999 0.5098306453125 0.76745355625 0.4951676734375 0.7654539828125 0.4785052421875 0.7461238296875 0.4585103234375 0.7261272875 0.4491793515625 0.7221281421875 0.42585194687500005 0.878767721875 0.391194109375 0.862770325 0.3278768671875 0.974084490625 0.2992174640625 0.9854159453125 0.2612271390625 1 0.3365413515625 1 0 0.956087521875 0
2 0.40331659062499997 0.46750811875 0.364523309375 0.47510619375 0.3417272640625 0.3827296765625 0.182154821875 0.421119915625 0.19735220625 0.48430386875 0.16055858125 0.4963008203125 0.1453611953125 0.42991769687500003 0.06119998125 0.4482000015625 0.0929702625 0.5758805703125 0.4117151625 0.49670077343749997 0.40331659062499997 0.46750811875
2 0.586084971875 0.755460709375 0.34452676875 0.8158453265625001 0.3545250390625 0.8490369031249999 0.3341285421875 0.8538356703125001 0.327729684375 0.8210440171875 0.1669574375 0.8578346546875 0.1809550171875 0.9202188234375 0.61887935 0.813445971875 0.6128803265625 0.7838534562499999 0.592883784375 0.787852440625 0.586084971875 0.755460709375
1 0.6544731703125 0.3175157421875 0.61819998125 0.3272000015625 0.6256781015625 0.3547063015625 0.660472134375 0.3471082265625 0.6544731703125 0.3175157421875
1 0.6936663453125 0.30631860624999996 0.65767256875 0.31631606562500003 0.664871396875 0.3455086265625 0.70046521875 0.3379105828125 0.6936663453125 0.30631860624999996
1 0.6001999812500001 0.4572000015625 0.6292775765624999 0.45108180156250005 0.61887935 0.41789025625000004 0.592883784375 0.42388873125000004 0.6001999812500001 0.4572000015625
1 0.6108806718750001 0.378700265625 0.5816857703125 0.3830990796875 0.5908841296875 0.41789025625000004 0.6184793953125001 0.41469111875 0.6108806718750001 0.378700265625
1 0.181354971875 0.42748779375 0.16419998125 0.4332000015625 0.17255650625000002 0.46067939999999996 0.18895363437499998 0.457080278125 0.181354971875 0.42748779375
1 0.3585243484375 0.3830990796875 0.34372691875 0.3890975546875 0.35052573124999997 0.41469111875 0.366123009375 0.41269162656249997 0.3585243484375 0.3830990796875
1 0.555290309375 0.528662121875 0.53219998125 0.5372000015625 0.5388931203125 0.552656025 0.5588896625 0.5470574109374999 0.555290309375 0.528662121875
1 0.58848458125 0.6586290921875 0.5620891218749999 0.66782670625 0.5664883859375001 0.6870218390625 0.592883784375 0.68262299375 0.58848458125 0.6586290921875
1 0.2073504765625 0.352706809375 0.19019998124999998 0.35420000156250003 0.1961524015625 0.38149947968750003 0.21374939531249998 0.3771006046875 0.2073504765625 0.352706809375
1 0.194152746875 0.30911788125 0.1805551234375 0.31391668125 0.18815378437500002 0.339110259375 0.20255131875000001 0.335911090625 0.194152746875 0.30911788125
1 0.33612819531250004 0.2883231796875 0.3177314140625 0.2939217625 0.32652987968749997 0.32311432500000004 0.3449266625 0.32111483281250003 0.33612819531250004 0.2883231796875