0 0 0.446513403125 0.064241825 0.4885027015625 0.1135665875 0.4331834578125 0.0629087421875 0.3891945953125 0.10423490937499999 0.3378743265625 0.1408952359375 0.36653372968750003 0.1708900484375 0.370532703125 0.19955177968749999 0.3185458953125 0.24754346093750002 0.2678921125 0.056243228125 0.12126270937500001 0 0.1739159796875 0 0.446513403125
0 0.1455610765625 0 0.070333303125 0.0870000015625 0.2762051921875 0.24189870781249997 0.35419168437500004 0.13592565625 0.3028672484375 0.09460281875 0.356191359375 0.0366175515625 0.40484953125 0.069275928125 0.44084336874999996 0.02128811875 0.40618271562499997 0 0.1455610765625 0
0 0.5386666359375 0.000333334375 0.46217299375 0.09393630625 0.5574898640625 0.16725100625 0.62881084375 0.0666099796875 0.5386666359375 0.000333334375
0 0.23754519062499999 0.7271087484375001 0.175333303125 0.8070000015625001 0.2415444375 0.8484112312500001 0.29953449062500004 0.77842901875 0.2775382734375 0.751102690625 0.23754519062499999 0.7271087484375001
0 0.2622075703125 0.8330817749999999 0.11699996875 1 0.4148478015625 0.9997060937500001 0.43551093593749995 0.9730462031249999 0.2622075703125 0.8330817749999999
0 0.4848357 0.544488584375 0.343526821875 0.43518291875 0.3161982765625 0.4691742703125 0.3908520125 0.5318250234375 0.36019060625 0.5658163765625 0.4148478015625 0.617803234375 0.352858603125 0.690451396875 0.40351644843749995 0.73843918125 0.32699996875 0.8420000015625 0.462839584375 0.955717334375 0.6334766828125 0.7611001500000001 0.43751061093750004 0.60913875 0.4848357 0.544488584375
0 0.727460471875 0.4691742703125 0.74812360625 0.445180378125 0.634143275 0.35986875625 0.6021487875 0.40985605312500006 0.5821522453125 0.39785908124999997 0.514164021875 0.49050221250000003 0.5081649984375 0.5111637203125 0.5048322421875 0.539823021875 0.5421591609374999 0.558484915625 0.5086666359375001 0.6070000015625 0.6461412203125 0.7251092359375 0.8027806984374999 0.5284925375 0.727460471875 0.4691742703125
0 0.8561048109374999 0.17258300625 0.70199996875 0.365333334375 0.8427737828125 0.48916918750000005 0.9954142171875 0.2912195171875 0.8561048109374999 0.17258300625
0 0.88699996875 0.13366666875 1 0.23923270937500002 0.9987469734375001 0 0.88699996875 0.13366666875
1 0.28699996875 0.11866666875000001 0.26754000312500004 0.1452566015625 0.29953449062500004 0.1652515203125 0.315531684375 0.1372586296875 0.28699996875 0.11866666875000001
1 0.06366663593750001 0.260333334375 0.054910043750000005 0.2792225453125 0.066907990625 0.295218490625 0.08090560937499999 0.2778895703125 0.06366663593750001 0.260333334375
1 0.39699996875 0.665333334375 0.38885233750000003 0.6844529625 0.404183040625 0.70178183125 0.41418131249999995 0.6831198875 0.39699996875 0.665333334375
1 0.428845421875 0.6584595078125 0.43199996875 0.65866666875 0.44350953281249994 0.6471290734374999 0.42617925625 0.6311331796874999 0.4161809859375 0.6471290734374999 0.428845421875 0.6584595078125
1 0.44017677656250004 0.8384137734375001 0.4241795828125 0.858408690625 0.44684229062499997 0.8744046875 0.4568405609375 0.85241025625 0.44017677656250004 0.8384137734375001
1 0.1736666359375 0.9670000015625 0.1568924296875 0.9890421984375 0.17222313125 0.9957071718750001 0.187553834375 0.987709225 0.1736666359375 0.9670000015625