0 0.29366663593750003 0 0.6428084640625 0.2512296796875 0.7327928015625 0.1205961984375 0.5614891109375 0.0006266875 0.29366663593750003 0
0 0.12089869375 0.5044987484375001 0 0.4571773484375 0.0042521984375 0.66712399375 0.024248740625 0.6764549140625 0.028914579687500004 0.65979248125 0.06757458125 0.6731224265625 0.12089869375 0.5044987484375001
0 0.343526821875 0.8004234484375001 0.400850284375 0.6024737765625 0.284870278125 0.5618174015624999 0.2955351421875 0.5224940515625 0.2428776203125 0.5031656718749999 0.25554205625000004 0.47583924375000003 0.24487719375 0.44118140468749995 0.21821513750000002 0.4325169203125 0.19155308124999998 0.445180378125 0.16555761875 0.527826153125 0.1236666359375 0.515333334375 0.0729070125 0.6697899406250001 0.0975693953125 0.675788478125 0.0882376140625 0.70178183125 0.343526821875 0.8004234484375001
0 0.1755558890625 0.370532703125 0.11199996875 0.3470000015625 0.08690453125 0.44784637656250004 0.132896640625 0.466508321875 0.1755558890625 0.370532703125
0 0.5001664015625 0.6171366968750001 0.5408260796875 0.5064981578125 0.4928343984375 0.492501675 0.50083299375 0.46850778281250005 0.435333303125 0.44366666875 0.3981840171875 0.54582145625 0.4588402359375 0.5638169140625 0.44684229062499997 0.5971417781249999 0.5001664015625 0.6171366968750001
0 0.6836680734375 0.645862784375 0.668803928125 0.69782530625 0.482169534375 0.627842990625 0.4086666359375 0.820333334375 0.65680598125 0.912437359375 0.7327928015625 0.662500828125 0.6836680734375 0.645862784375
0 0.8041138828125 0.7278176828125 0.7321264125 0.91643628125 0.9807500046875001 1 0.9994133625 0.9410967625 0.9994133625 0.80246530625 0.868102859375 0.7538109859375 0.89209875 0.6851617453125 0.8441069671875001 0.6671663390625 0.871435615625 0.5958511 0.8201110765624999 0.5718572078124999 0.775333303125 0.680333334375 0.828776365625 0.6958256921875 0.8134455624999999 0.7338160671875 0.8041138828125 0.7278176828125
1 0.20855028125000002 0.658259659375 0.20055166562500001 0.6786545 0.2229477546875 0.6862525453125 0.22894671875 0.6654578421874999 0.20855028125000002 0.658259659375
1 0.23219998125000002 0.5942000015625 0.22694706406249998 0.6094720703125 0.24534390625000002 0.6162703296875 0.2505430203125 0.596675334375 0.23219998125000002 0.5942000015625
1 0.1389622796875 0.5754807093750001 0.1421617375 0.5606845125000001 0.1249646984375 0.557885175 0.120965390625 0.570681940625 0.1389622796875 0.5754807093750001
1 0.13919998125 0.6152000015625 0.139362234375 0.6262677890624999 0.157359121875 0.62986685 0.157359121875 0.6206692375 0.13919998125 0.6152000015625