0 0.0002499765625 0.8515000015625 0.10469322656249999 0.77983546875 0.02870630625 0.66986345625 0.0012110984375 0.6858594515624999 0.0002499765625 0.8515000015625
0 0.28366221875000003 1 0.2886613546875 0.990282015625 0.2556671046875 0.9497922750000001 0.2346707515625 0.9482927171875 0.22917167031250002 0.9522916406249999 0.1251896375 0.810827653125 0 0.9052500015625 0 1 0.28366221875000003 1
0 0.3926433875 0.49487615937499996 0.2956601890625 0.5903518875 0.3501507359375 0.644838009375 0.44613412343750003 0.549862184375 0.3926433875 0.49487615937499996
0 0.7480819546874999 0.7638077890625 0.6727499765625 0.8377500015624999 0.721586596875 0.8802782046875001 0.7900746625 0.8097960859375 0.7480819546874999 0.7638077890625
0 0.131688528125 0 0.22517234843749998 0.0889157734375 0.1696819890625 0.14690102968750002 0.21767364374999998 0.1913897296875 0.39514295625 0.0119353296875 0.3836449296875 0 0.131688528125 0
0 0.07519828125 0.04592670625 0.12269006874999999 0 0.0289999765625 0.0040000015625 0.07519828125 0.04592670625
0 0.4806282046875 0.3543483453125 0.426637525 0.404335640625 0.4741293125 0.4543229375 0.652098490625 0.27536840156250003 0.45763214999999996 0.084416909375 0.4564999765625 0.08400000156250001 0.2821625375 0.255373484375 0.32665481406249997 0.302861415625 0.3811453609375 0.2508746953125 0.4806282046875 0.3543483453125
0 0.7345842265625 0.615282015625 0.67809405625 0.6737671359374999 0.76157968125 0.7527788390625 0.9565459671875001 0.561827384375 0.877559534375 0.4778487109375 0.85656325625 0.49634399531250006 0.6777499765624999 0.3165000015625 0.5016245578125 0.48581494843749995 0.5801109703125 0.567794084375 0.632102025 0.5148075203125 0.7345842265625 0.615282015625
0 1 0.6408390875000001 0.9727499765625 0.6165000015625 0.7870751515625 0.78780170625 0.83706650625 0.833790003125 0.8875578046875001 0.7843026109375 0.9865407796874999 0.8817778374999999 0.9335499125 0.9357641328125 0.9780421890625 0.984751621875 1 0.95875824375 1 0.6408390875000001
0 0.8990559078125001 0.00043825625 0.8977499765625 0.0015000015625 0.9925396515625 0.0909152734375 0.998538675 0.0794181796875 1 0 0.8990559078125001 0.00043825625
1 0.48745452968749997 0.2583636375 0.46809628593749997 0.2786289625 0.491001428125 0.30335001875 0.5128158375 0.2786289625 0.48745452968749997 0.2583636375
1 0.603709209375 0.3920777953125 0.503818165625 0.4856363640625 0.536811709375 0.5200452624999999 0.6357037437499999 0.4269780390625 0.603709209375 0.3920777953125
1 0.7383636203124999 0.681090909375 0.72477925 0.692411334375 0.736413534375 0.7065895265625 0.7538651296875 0.6916842015625 0.7383636203124999 0.681090909375
1 0.7774545296875 0.6856363640625001 0.7669536875 0.6971373609375 0.7811331421875 0.7127697625 0.7942216984375 0.7011363671875 0.7774545296875 0.6856363640625001
1 0.8124003734375 0.683322734375 0.8222169015624999 0.6716892828125001 0.808401153125 0.65787465625 0.794948890625 0.6673267671875001 0.8124003734375 0.683322734375
1 0.8356691656249999 0.6582381671875 0.8374545296875 0.6574545453125 0.84912131875 0.6469683374999999 0.8334877015625001 0.631699446875 0.8196718437499999 0.64296933125 0.8356691656249999 0.6582381671875
1 0.73472725625 0.6647272734375 0.7476843359374999 0.6571475234374999 0.7327778 0.6349713765625 0.7189620515625 0.6509672875 0.73472725625 0.6647272734375
1 0.046545437499999995 0.7620000015625 0.052895368750000005 0.775709078125 0.0728919109375 0.7633486046875 0.062348273437500004 0.7480797406249999 0.046545437499999995 0.7620000015625
1 0.0110908921875 0.7165454546875 0.0161744515625 0.72735771875 0.037261725 0.7146336796874999 0.0249002203125 0.7011825640625 0.0110908921875 0.7165454546875
1 0.3774545296875 0.5756363640625 0.36593216875 0.5863026734375001 0.3804751078125 0.59720899375 0.388837309375 0.5888474703125001 0.3774545296875 0.5756363640625
1 0.3942909125 0.580122409375 0.3974545296875 0.5783636375000001 0.403016653125 0.571760915625 0.3895644453125 0.5608545953124999 0.38411084375 0.5655806515624999 0.3942909125 0.580122409375
1 0.41199998281249994 0.5647272734375 0.4164688609375 0.557946234375 0.40628879375000004 0.5470399140625 0.396835915625 0.55431079375 0.41199998281249994 0.5647272734375