0 0 0.8864015562500001 0.430845096875 0.2412322203125 0.47750369531250003 0.274557084375 0.5134974296875 0.2272357875 0.46683883125000003 0.1879124375 0.49150121406249997 0.14992213906250001 0.38018715 0.01662263125 0 0.5870000015625 0 0.8864015562500001
0 0 0 0 0.22200000156250002 0.1515599984375 0 0 0
0 0.36752271406250003 1 0.43484434375000003 0.9030639890625001 0.4515081296875 0.9137279859375 0.50283266875 0.835747825 0.326196546875 0.7231097234375 0.1948858390625 0.9337229046875001 0.166224209375 0.9097289625 0.1136666359375 0.985333334375 0.1395621546875 1 0.36752271406250003 1
0 0.54749159375 0.73710620625 0.6721366843750001 0.54582145625 0.6861343046874999 0.5524864296875001 0.7321264125 0.4785052421875 0.5068319156250001 0.315213409375 0.45817364375 0.39585956875 0.52416229375 0.4385154046875 0.345333303125 0.705333334375 0.505498834375 0.81575290625 0.556823271875 0.747103665625 0.54749159375 0.73710620625
0 0.9400903296875001 0.77776258125 0.9267593015625 0.7930919375000001 0.9154280484375 0.7964244234375 0.8987642640625 0.824417390625 0.9047631859375 0.841746259375 0.8036666359375 0.9953333343749999 0.9987469734375001 1 1 0.8137533937500001 0.9400903296875001 0.77776258125
0 0.5554901890624999 0 0.7367921515625 0.220570815625 0.8334421046875 0.1512550875 0.8747683734375 0.195910384375 0.76745355625 0.267225625 0.8936666359375 0.41866666874999997 1 0.333875353125 1 0.01662263125 0.9794168203125 0 0.5554901890624999 0
1 0.31699996874999997 0.7670000015625 0.30220065625000003 0.7884264765625 0.3268630375 0.8070884203125 0.34286033125 0.77776258125 0.31699996874999997 0.7670000015625
1 0.24087794687500003 0.936388853125 0.22754691875000002 0.9583832828125001 0.2515427078125 0.9770452281249999 0.26620692031250004 0.9537178234375 0.24087794687500003 0.936388853125
1 0.29153579218750003 0.8750711234375 0.27487200624999997 0.8990650656250001 0.29620173437499997 0.915060959375 0.31086584375 0.89106711875 0.29153579218750003 0.8750711234375
1 0.49533330312499996 0.5003333343749999 0.48750196562500003 0.5238270765624999 0.5041657515625 0.5338245374999999 0.5134974296875 0.51316313125 0.49533330312499996 0.5003333343749999
1 0.56699996875 0.555333334375 0.5614891109375 0.5718148609375 0.5841519203125001 0.58847729375 0.590817434375 0.5678159890625001 0.56699996875 0.555333334375
1 0.96941855 0.9143945234374999 0.9600868703125001 0.939054903125 0.9800834125 0.9523848484374999 0.990081684375 0.93105695625 0.96941855 0.9143945234374999