0 0.4876269625 0.8372890984374999 0.5991077 0.8122954515625 0.5171219078125 0.47688070312499997 0.19774997656249999 0.5515000015625 0.2621659953125 0.7972992624999999 0.462631284375 0.747311965625 0.4876269625 0.8372890984374999
0 0 0.8827775687500001 0.13918723125000002 0.8022979921875001 0.083696796875 0.7043229375 0.101693715625 0.693825575 0.033205573437500004 0.5678576046875 0 0.5883524265625 0 0.8827775687500001
0 0.71008849375 0.7298164125 0.6815935125 0.7363147765625 0.6650962734375 0.6588344671875 0.5814999765625 0.6765000015625 0.608106159375 0.800798434375 0.7195868203125 0.7688065187500001 0.71008849375 0.7298164125
0 1 0.37190738125 0.812570771875 0.427893175 0.8040723328125001 0.40739839218749996 0.5802499765625 0.45775000156249995 0.590109240625 0.504373715625 0.5506161015625 0.5168705390625 0.5781113453125 0.6213439953125001 0.8430655296875 0.55236155 0.88455829375 0.713320665625 0.9645444624999999 0.691326209375 0.926051209375 0.5518616453125 1 0.5253684015625 1 0.37190738125
0 0.5986077562500001 1 0.5961081890625 0.9348278453125 0.53361899375 0.9423259406250001 0.5381182625 1 0.5986077562500001 1
1 0.337076909375 0.6560000828125 0.341642659375 0.67486515625 0.361331590625 0.671789015625 0.3564093453125 0.651178878125 0.337076909375 0.6560000828125
1 0.077796240625 0.794199903125 0.059845240625 0.8061968359374999 0.06610594374999999 0.8286526765625 0.0901018046875 0.8166557437499999 0.077796240625 0.794199903125
1 0.0258052484375 0.8160404781249999 0.0011941203125000002 0.8286526765625 0.00027119375 0.8806394453124999 0.0448788640625 0.854184659375 0.0258052484375 0.8160404781249999
1 0.07015383124999999 0.740153846875 0.0802573625 0.7572862078125 0.09656224375 0.7443664234375 0.085794875 0.7302161546875 0.07015383124999999 0.740153846875
1 0.0461094015625 0.6954557484375 0.059030281250000004 0.7102212375 0.0765657015625 0.6973014296875 0.0657983328125 0.6797674796875001 0.0461094015625 0.6954557484375
1 0.027846140624999998 0.660153846875 0.0347267640625 0.6717694703125 0.055338575 0.6597725156250001 0.0473399875 0.6477755593750001 0.027846140624999998 0.660153846875
1 0.9244078171875 0.662103653125 0.9131428312500001 0.6174285734375 0.88761413125 0.6209141406249999 0.89961205625 0.6681021296874999 0.9244078171875 0.662103653125
2 0.7276417937499999 0.5353358828125 0.73724023125 0.5309370062500001 0.74923815625 0.5625289546875 0.8312239796875 0.5393348671875 0.8132270921875 0.488947678125 0.7100448609375001 0.5169405640625 0.71404416875 0.537335375 0.62419998125 0.5582000015624999 0.6304586484375 0.5921214390625 0.7364403203125 0.564128553125 0.7276417937499999 0.5353358828125
2 0.9850790937499999 0.4859339578125 0.9066926859375 0.5055289546874999 0.9178907000000001 0.5435192984375 0.99627723125 0.5251239796875 0.9850790937499999 0.4859339578125