0 0.1275642078125 0.8824026343750001 0.35352509374999996 0.7397721546875 0.265540328125 0.5784798343750001 0.21688205625 0.6064726984375 0.1568924296875 0.4991666484375 0.0142504703125 0.5878109078125 0.08090560937499999 0.6831198875 0.0369131765625 0.7131122640625 0.1275642078125 0.8824026343750001
0 0.0895707984375 0.900398040625 0 0.7437711796875 0.0109177125 0.9470528500000001 0.0895707984375 0.900398040625
0 0.41951374374999995 0.30254995 0.25354238281249997 0.39585956875 0.3375279 0.5411560984375 0.3101992515625 0.5571519406250001 0.4086666359375 0.71866666875 0.6354763578125 0.59114339375 0.5368267296875 0.425185459375 0.5081649984375 0.445846865625 0.41951374374999995 0.30254995
0 0.002919115625 0 0 0.292552490625 0.1009021515625 0.23456724843750001 0.064241825 0.1739159796875 0.0902372890625 0.1579200609375 0.0749065859375 0.13126017031249998 0.0975693953125 0.11659727499999999 0.1336666359375 0.18700000156250002 0.270872759375 0.10859925156250001 0.2308796765625 0.03928355 0.25354238281249997 0.0266200921875 0.2382116796875 0 0.002919115625 0
0 0.4994999125 0 0.5688212171875 0.1119317375 0.5808191625 0.1032673296875 0.743457665625 0 0.4994999125 0
0 0.9294254656250001 0.498500159375 0.9940810328125 0.4511788640625 0.97208491875 0.4218529734375 0.9847493546875 0.40585702812499996 0.8354418796875 0.1552540609375 0.65699996875 0.265333334375 0.8081132312499999 0.5184950796875001 0.9007638375000001 0.467174809375 0.9294254656250001 0.498500159375
0 0.7986666359375 1 0.8807672953125 0.9990396578125 0.8647701015625 0.9577168468749999 0.7986666359375 1
1 0.20135151406250001 0.6626585656249999 0.18419998125 0.6732000015625 0.194152746875 0.6914512359375 0.20975008593750002 0.6830533453125 0.20135151406250001 0.6626585656249999
1 0.24094464375000002 0.66225864375 0.24219998125000003 0.6612000015625 0.2593414859375 0.6538607515625 0.24654371249999998 0.6318663421874999 0.22814686874999998 0.643063509375 0.24094464375000002 0.66225864375
1 0.292135803125 0.7066473859375 0.27319998125 0.7192000015625 0.28493703593749997 0.7366397625000001 0.3033338796875 0.727042165625 0.292135803125 0.7066473859375
1 0.07019998125 0.0632000015625 0.0853715703125 0.0539115984375 0.07177391562499999 0.032716973437500005 0.0545768765625 0.042314540625 0.07019998125 0.0632000015625