0 0.00358560625 0.40652356562499997 0.0215824734375 0.4318504328125 0.1135665875 0.3865286484375 0.14222831875 0.44318091718749997 0.0575763109375 0.4991666484375 0.1375624796875 0.6211357203125 0.219548321875 0.5724813484375 0.249543134375 0.635132103125 0.166224209375 0.6877854484375 0.2442107046875 0.8170858796875 0.3315288765625 0.7644326359375 0.3635233640625 0.8217513406249999 0.2742055171875 0.8777371734375 0.356191359375 1 0.44017677656250004 0.9537178234375 0.47283785624999997 0.9997060937500001 0.6681373359375 1 0.1602251859375 0.141924115625 0.0089180375 0.2212373015625 0.0322473375 0.24923016874999998 0 0.26589260000000003 0.00358560625 0.40652356562499997
0 1 0.0039591734375 0.379520659375 0 0.356191359375 0.0139566328125 0.372188553125 0.0266200921875 0.5294947249999999 0.30188346250000003 0.6081477093750001 0.24856368125 0.7234611234375 0.4245189734375 0.90809594375 0.3045494625 0.8087798234375001 0.1512550875 1 0.0239540921875 1 0.0039591734375
0 0.9987469734375001 0.7837610171875 1 0.5338245374999999 0.986082334375 0.49450128906249996 0.85943756875 0.5711484765625 0.8414408015625 0.5791463203125 0.978083840625 0.7984239359374999 0.9987469734375001 0.7837610171875
0 0 1 0.22888000156250002 0.995040634375 0.1988851875 0.9597162578124999 0.1488938328125 0.9870426875 0.10823415624999999 0.917727009375 0.162891453125 0.88840106875 0.1089007484375 0.7944250140625 0.05224387968750001 0.8277498781249999 0.011584203125000001 0.7531021015625 0.06557490625 0.7224432875 0.011584203125000001 0.6251346437499999 0 0.635798640625 0 1
1 0.053307954687500006 0.2515758875 0.0607733390625 0.262773034375 0.0727712640625 0.2553082875 0.0642394140625 0.2395789265625 0.053307954687500006 0.2515758875
1 0.07197139375 0.27983536875000004 0.0778370796875 0.29289871875 0.09356767656250001 0.284100946875 0.0826362171875 0.2686382328125 0.07197139375 0.27983536875000004
1 0.1748869484375 0.42673136562499997 0.1581333203125 0.43680000156250004 0.1674215640625 0.4501920765625 0.183418796875 0.44192751562500004 0.1748869484375 0.42673136562499997
1 0.284201378125 0.36461383125 0.26847078125 0.36541361562499997 0.2794021984375 0.392606715625 0.2956660703125 0.3846087484375 0.284201378125 0.36461383125
1 0.2399423484375 0.52883875625 0.222345415625 0.541102321875 0.22901092968749998 0.5557652625 0.24820760156250002 0.546700875 0.2399423484375 0.52883875625
1 0.33539251718749996 0.692598246875 0.31813332031249997 0.7008000015625 0.327927134375 0.7149925390625 0.34179143437500004 0.70486179375 0.33539251718749996 0.692598246875
1 0.3524562578125 0.7237903515624999 0.3321333203125 0.7354666671875 0.3412581625 0.7480508078125 0.3609881078125 0.7376534671874999 0.3524562578125 0.7237903515624999
1 0.3993814515625 0.7957889765624999 0.38813332031250003 0.8021333343749999 0.39751515625 0.8160504703125 0.408446534375 0.8093854968749999 0.3993814515625 0.7957889765624999
1 0.41511204843750005 0.8371118078125 0.4049805 0.844843159375 0.4132457546875 0.8621720906249999 0.42817652187500005 0.8544407375 0.41511204843750005 0.8371118078125
1 0.47270210625000003 0.9165751906249999 0.4521333203125 0.9274666671875 0.4639036609375 0.9493668640624999 0.480967359375 0.9392360984374999 0.47270210625000003 0.9165751906249999
1 0.4921333203125 0.9948000015625 0.5198939796875 0.9981544734375 0.5054964843749999 0.9821585390625 0.4921333203125 0.9948000015625