0 0 1 0.0930702515625 0.8962607578125 0.11084495624999999 0.9078133359375 0.21260510937500002 0.7855939375000001 0.2032733625 0.773597 0.28681448593750003 0.674955415625 0.208605828125 0.6078613296875 0.22326990468750002 0.59008806875 0.130397103125 0.5061094046875 0.077517384375 0.565649834375 0.11484423749999999 0.594531384375 0 0.7243609015625 0 1
0 0.8338310312500001 1 0.923148946875 0.90076056875 0.7947267375 0.7887889718750001 0.7596215875000001 0.82833445 0.7129629890625 0.78434565625 0.6125359515625 0.90076056875 0.59564996875 0.8843202484375 0.49688886875 1 0.8338310312500001 1
0 1 0.6297182734375 0.9202222015625001 0.5557777796875001 0.8498282921874999 0.6368275718749999 0.8604930875000001 0.6457142015625 0.770730778125 0.7443558203125 0.900486171875 0.859882015625 0.95069965625 0.8078952062500001 1 0.8527726828125 1 0.6297182734375
0 0.94403414375 0.5332983312499999 1 0.591505753125 0.993555534375 0.4624444453125 0.94403414375 0.5332983312499999
0 0.8085020234375 0.100878346875 0.822277446875 0.102211371875 0.9142615953125001 0 0.6529733625 0.000015087499999999999 0.6143133953125 0.0426709234375 0.5658773546875 0.0009037546875 0.5232180375000001 0.0017924203125 0.4925566984375 0.03556164375 0.6138690687499999 0.14797748125000001 0.569876634375 0.194632290625 0.45211922031249996 0.0893257171875 0.345915390625 0.193743640625 0.41701420625 0.265281009375 0.32014205625000003 0.3630340109375 0.22193685625 0.2821656203125 0.173555534375 0.33911111250000003 0.4183473234375 0.5567914359375 0.6685262296875 0.28219455937500004 0.6565283843749999 0.27061371562500003 0.8085020234375 0.100878346875
0 0.1126223984375 0.27107427031250003 0.021527040625 0.18798425624999998 0.0013333124999999999 0.20804444531250002 0.0010861375 0.274628903125 0.057520876562500003 0.32972601875 0.1126223984375 0.27107427031250003
0 0.3001455140625 0.0573508 0.35080346093750003 0.00047635937499999995 0.23133331250000003 0.0013777796875 0.3001455140625 0.0573508
0 0 0.14577276249999999 0.0313031140625 0.1062272671875 0.02552635625 0.10000665312499998 0.0712961984375 0.04935281875 0.0828497828125 0.057795125 0.12688886875 0.002488890625 0 0.00047635937499999995 0 0.14577276249999999
1 0.48911109062499997 0.19688889062499998 0.47522639062499994 0.21373928437499998 0.50722084375 0.2435094828125 0.52366243125 0.2270692140625 0.48911109062499997 0.19688889062499998
1 0.45567417499999996 0.129732390625 0.4402222015625 0.11911111249999999 0.4214578828125 0.1403963359375 0.434344515625 0.15150462343749999 0.45567417499999996 0.129732390625
1 0.4810031140625 0.147061309375 0.4679999796875 0.13466666875 0.44545370625 0.16216862031249998 0.45745168593749996 0.1710552515625 0.4810031140625 0.147061309375
1 0.50099965625 0.16883359375 0.48799997968750003 0.1557777796875 0.469449596875 0.17860885625 0.47878127656249997 0.1879398125 0.50099965625 0.16883359375
1 0 0.0812155546875 0.0224444234375 0.10244444531250001 0.07307370937499999 0.050556671875 0.023748878125 0.0043462203125 0 0.030117429687500002 0 0.0812155546875
1 0.06951875468749999 0.011455518750000001 0.0806279453125 0.0198978234375 0.0961808109375 0.0007915546875 0.0792948296875 0 0.06951875468749999 0.011455518750000001
1 0.6413333125 0.9535555562500001 0.64897408125 0.9443049703125 0.6383092859375 0.9354183390624999 0.627644490625 0.945637978125 0.6413333125 0.9535555562500001
1 0.688967165625 0.9229771109374999 0.6779999796875 0.9368888906249999 0.6894115609375 0.9478596343750001 0.7000763562500001 0.9358626984375 0.688967165625 0.9229771109374999
1 0.820055609375 0.972742228125 0.8157777562499999 0.9846666687500001 0.82361063125 0.9918484968750001 0.8333866375 0.9811844984375 0.820055609375 0.972742228125
1 0.8457777562500001 0.9713333343749999 0.8516057359375001 0.9634112390625 0.8378303125000001 0.9518586593749999 0.82983175 0.9598565734375001 0.8457777562500001 0.9713333343749999
1 0.8646666453125 0.9524444453124999 0.869824834375 0.9429720296875 0.8556050171875 0.9331966812499999 0.8484951078125 0.940750371875 0.8646666453125 0.9524444453124999