0 0 0.9503853359375001 0.19955177968749999 0.6977829078125 0.0486666359375 0.5570000015625001 0 0.615803721875 0 0.9503853359375001
0 0.5361602390625 0.44118140468749995 0.48816845625000005 0.39985859375 0.5368267296875 0.34320632500000003 0.3908520125 0.2159053046875 0.352858603125 0.21123984375 0.311532334375 0.257228165625 0.31753135781249997 0.2818885453125 0.16155826874999998 0.4571773484375 0.1322300484375 0.4525118375 0.0989024765625 0.4951676734375 0.100333303125 0.5420000015625 0.2528758921875 0.6697899406250001 0.38685266406249996 0.507831234375 0.44017677656250004 0.55048696875 0.5361602390625 0.44118140468749995
0 0.57148738125 0 0.47817018593749994 0.0992683046875 0.4555074796875 0.09860179375 0.4121816375 0.14059111562499998 0.41699996875 0.18866666875 0.622811921875 0.370532703125 0.677469115625 0.3012169765625 0.613480140625 0.257228165625 0.6334766828125 0.2305682734375 0.7101300937499999 0.29855097656249996 0.7801179921875 0.2159053046875 0.704797765625 0.159253059375 0.8527720546875001 0 0.57148738125 0
0 0.34952584531249997 0.9303904187500001 0.409515471875 0.8344148499999999 0.340194065625 0.7944250140625 0.2955351421875 0.7824280421875 0.180333303125 0.9153333343750001 0.22621383593750002 0.9543843609374999 0.288869628125 0.8804031218749999 0.34952584531249997 0.9303904187500001
0 0.25554205625000004 1 0.165333303125 0.9320000015625001 0.0995690703125 1 0.25554205625000004 1
0 0.51699996875 0.99866666875 0.6301439265625 1 0.55082435 0.9497187984375 0.51699996875 0.99866666875
0 0.83610826875 0.637131615625 0.634143275 0.507831234375 0.581485653125 0.577146859375 0.6034818703125 0.595808753125 0.49216780625 0.751102690625 0.45817364375 0.7297746953125 0.40618271562499997 0.8044224734375 0.40199996875000005 0.80366666875 0.5988160296875 0.9217259328124999 0.6634714953125 0.839746746875 0.6861343046874999 0.845745284375 0.83610826875 0.637131615625
0 0.8494392968750001 0.9317233921874999 0.7986666359375 0.99866666875 0.9000972453125 1 0.910095515625 0.9803777140625 0.8494392968750001 0.9317233921874999
0 0.952754765625 0.771097609375 0.9987469734375001 0.8070884203125 0.9936666359374999 0.705333334375 0.952754765625 0.771097609375
0 0.7681201484375 0.45184535156249994 0.6601387390625 0.3745316765625 0.5974829484375 0.4491793515625 0.600333303125 0.46866666874999996 0.8434403749999999 0.6211357203125 0.9767506562499999 0.426518484375 0.8514390734375 0.332542328125 0.7681201484375 0.45184535156249994
0 1 0.07727389999999999 0.8674362656250001 0.2632266515625 1 0.3672002171875 1 0.07727389999999999
1 0.375333303125 0.3670000015625 0.36219028125 0.38519562343749997 0.38351990625 0.39919205625 0.40484953125 0.3765311890625 0.375333303125 0.3670000015625
1 0.430333303125 0.28866666875 0.42018023437499996 0.303882975 0.44017677656250004 0.31921238125 0.4528413140625 0.3012169765625 0.430333303125 0.28866666875
1 0.43884369375 0.481171240625 0.4336666359375 0.47866666875 0.4221799078125 0.498500159375 0.444176125 0.5184950796875001 0.46017331875 0.5011662609374999 0.43884369375 0.481171240625
1 0.47366663593749997 0.42866666875000004 0.46417266718750005 0.44784637656250004 0.480169859375 0.46517529687500003 0.49683364531249996 0.45184535156249994 0.47366663593749997 0.42866666875000004
1 0.0389128515625 0.7950914499999999 0.0486666359375 0.7820000015625 0.030914254687499997 0.7644326359375 0.0215824734375 0.78109506875 0.0389128515625 0.7950914499999999
1 0.060909068749999996 0.7624331234375 0.080333303125 0.74866666875 0.053576962500000005 0.73643966875 0.041579015625 0.7517691265625001 0.060909068749999996 0.7624331234375
1 0.46550575 0.16858400625 0.46699996875 0.165333334375 0.44950855624999997 0.1892454125 0.48150294374999997 0.20857384375 0.49350088750000004 0.18724595156249998 0.46550575 0.16858400625
1 0.5336666359375 0.110333334375 0.5228292109375 0.123928684375 0.5414925687500001 0.13659219375 0.551490840625 0.11859671093749999 0.5336666359375 0.110333334375
1 0.585333303125 0.080333334375 0.57148738125 0.09860179375 0.588817759375 0.10859925156250001 0.6001491125 0.0892708453125 0.585333303125 0.080333334375
1 0.5403333031249999 0.190333334375 0.5314942984375 0.200575896875 0.5481580828125 0.21523881718750001 0.5574898640625 0.2032418953125 0.5403333031249999 0.190333334375
1 0.6036666359375 0.10866666875 0.5914839234375 0.12126270937500001 0.6068146265625 0.13325970625 0.613480140625 0.11992976250000001 0.6036666359375 0.10866666875
1 0.844773559375 0.5571519406250001 0.8314425312499999 0.577146859375 0.856771403125 0.5938092921875 0.8694358390625 0.5744809625 0.844773559375 0.5571519406250001