0 0.19755210625 1 0.7527893437500001 0.330542865625 0.6181459796875 0.21657184218749997 0 0.9720000015625001 0.000919440625 0.9730462031249999 0 0.9983731203125 0.19755210625 1
0 0.788116690625 0 0.6236666359374999 0.20533333437499998 0.7614546343749999 0.32187838125 1 0.013290145312500001 1 0 0.788116690625 0
0 0.21699996875 0.1020000015625 0.404183040625 0.254562165625 0.49883332031250005 0.13792514218750002 0.3048668203125 0 0.21699996875 0.1020000015625
0 0 0.5191615656249999 0.2782047640625 0.1699170578125 0.1386666359375 0.05866666875 0 0.2432317328125 0 0.5191615656249999
0 1 0.711779290625 0.8654366937500001 0.5838118328124999 0.542825753125 1 0.7634542062499999 0.9983731203125 0.83610826875 0.92305890625 0.8927651375 0.9663812296875 0.9487556187499999 0.8950660421875 0.890765565625 0.8497442062499999 0.9734178984374999 0.7431046421875 1 0.768431559375 1 0.711779290625
0 0.8814338875000001 0.5751473484375 1 0.68245345 0.9994133625 0.42385248593749997 0.8814338875000001 0.5751473484375
1 0.47219998125 0.46720000156249997 0.44610917812500006 0.494301328125 0.476103990625 0.5146962 0.49810018749999996 0.48430386875 0.47219998125 0.46720000156249997
1 0.03777979375 0.3723323265625 0.02419998125 0.3572000015625 0.010184559375 0.3707327265625 0.02658171875 0.3855289546875 0.03777979375 0.3723323265625
1 0.0245820640625 0.3047494953125 0.041379176562499995 0.3187459390625 0.05057756875 0.3055492796875 0.03258068125 0.291952775 0.0245820640625 0.3047494953125
1 0.06219998125 0.23120000156249998 0.0525772234375 0.2511631078125 0.072173840625 0.26715904375 0.0853715703125 0.24876372343750003 0.06219998125 0.23120000156249998
1 0.09019998125 0.2012000015625 0.0749733734375 0.2219705296875 0.095769765625 0.240365865625 0.1101672703125 0.21997103906249998 0.09019998125 0.2012000015625
1 0.76819998125 0.8762000015625 0.7648541078125 0.8914766437500001 0.7772519875 0.8982749046875 0.7816511296875001 0.886277953125 0.76819998125 0.8762000015625