0 0.37577775625 0.9991111125 0.742291278125 1 0.5343272265625 0.8243072281250001 0.37577775625 0.9991111125
0 0.24022220156250002 1 0.4347889109375 0.7634338234375 0.4174586015625 0.7558802015625 0.4196804390625 0.7509925609375 0.424124115625 0.72566564375 0.3979063859375 0.70389339375 0.376576728125 0.70256041875 0.3370280375 0.6732345453125 0.33302875625 0.6541282765624999 0.3032560734375 0.63280035 0.28770320625 0.6354663656249999 0.27526096875 0.644352996875 0.1539486 0.5470443875 0.025081960937499998 0.6927851046875 0.1619472296875 0.8016463609375 0.075295546875 0.9185055656250001 0.187720496875 1 0.24022220156250002 1
0 0.3161427734375 0 0.19305296249999998 0.11329215468750001 0.1912754515625 0.11731935 0.3112547046875 0.23506719375000001 0.379242959375 0.1595308359375 0.3956845484375 0.1755267640625 0.44234314531249996 0.12442863906249998 0.42545716406249995 0.1084327203125 0.48589118437499995 0.048419725000000004 0.438343865625 0 0.3161427734375 0
0 1 0.370115734375 0.9542546796875 0.326571265625 0.9444785375 0.3336805640625 0.86671420625 0.26480917812500004 0.7667314953125001 0.36345076249999997 0.7902830609375 0.3847786890625 0.729111090625 0.45911111250000003 0.7334039265625 0.47009032656249994 0.7240721796875 0.47897695625000003 0.72273913125 0.5105245218750001 0.763176609375 0.5380730625 0.793837946875 0.5362957640625 0.8773790015625 0.6144980703125 0.9071516859375001 0.5882825375 0.9329249531249999 0.5878381796875 0.9626976359375 0.5602896390625001 0.9546990734374999 0.532296740625 1 0.48030996562499995 1 0.370115734375
1 0.2401357171875 0.7392234828124999 0.21927271093749998 0.719272728125 0.19905190156250002 0.7395870203125 0.2226841796875 0.75994550625 0.2401357171875 0.7392234828124999
1 0.20414196406250001 0.76685281875 0.1837818265625 0.74831208125 0.161967415625 0.76939764375 0.1823275546875 0.78830191875 0.20414196406250001 0.76685281875
1 0.2410908921875 0.7720000015624999 0.2619501265625 0.7893925625 0.2812195328125 0.771942440625 0.2586779875 0.7512204453125 0.2410908921875 0.7720000015624999
1 0.27199998281250004 0.7956363640624999 0.2943082015625 0.8137499968749999 0.30739681406249997 0.798117621875 0.2852188640625 0.7781227046875 0.27199998281250004 0.7956363640624999
1 0.24486218437499999 0.9540779640625001 0.1510908921875 0.8774545453125 0.1256100671875 0.9075443515625 0.2161399 0.9842521515625 0.24486218437499999 0.9540779640625001
1 0.51681516875 0.9333560234375 0.4929090734375 0.9129090921874999 0.48263922656249997 0.9304476062499999 0.5040900953125 0.94717065 0.51681516875 0.9333560234375
1 0.553899653125 0.8828233515624999 0.53472725625 0.8629090921874999 0.5197237671875 0.8831868890625 0.5411745812500001 0.9006370671875 0.553899653125 0.8828233515624999
1 0.4939100265625 0.97770835 0.4783636203125 0.9629090921874999 0.46809628593749997 0.975163553125 0.48154855 0.9878875921875 0.4939100265625 0.97770835