0 0 0.5238270765624999 0.15622593906249999 0.47317329375000006 0.28087103125 0.42118648593749997 0.17822205468750002 0.14992213906250001 0.03757976875 0.20524135625 0.0729070125 0.2958849765625 0 0.32866666875 0 0.5238270765624999
0 0.7681201484375 0.2425651953125 0.745457440625 0.19990940937499999 0.8087798234375001 0.17191649375 0.7427910734375 0.0006266875 0.60748121875 0.0059586859375 0.364856446875 0.0932698703125 0.44950855624999997 0.311880921875 0.5268284578125 0.2805555703125 0.5501577578125 0.32387789375 0.7681201484375 0.2425651953125
0 1 0.1399246796875 0.9967471984375 0 0.85699996875 0.00366666875 0.9107621078125 0.13792514218750002 0.96808556875 0.1099323015625 0.9847493546875 0.14792260156249998 1 0.1399246796875
0 0.49616715468750006 0.997706684375 0.910095515625 1 0.8587711796875 0.879736584375 0.7861169140625 0.9057300390625 0.7494565875 0.8224178796875 0.54699996875 0.9020000015624999 0.5634887859375 0.9470528500000001 0.48750196562500003 0.9770452281249999 0.49616715468750006 0.997706684375
0 1 0.7624331234375 0.9567541140625 0.7790955562499999 1 0.89439960625 1 0.7624331234375
1 0.1118170078125 0.4385988375 0.093499984375 0.44516666718750003 0.0988192515625 0.4642589734375 0.11681614375 0.457594 0.1118170078125 0.4385988375
1 0.1021520078125 0.41360519062499995 0.080999984375 0.41850000156249995 0.0921537375 0.4385988375 0.10815098125 0.430267621875 0.1021520078125 0.41360519062499995
1 0.061492381250000006 0.353953678125 0.05183331875 0.324333334375 0.0274982703125 0.3316260421875 0.04216238125 0.3609518953125 0.061492381250000006 0.353953678125
1 0.099152546875 0.315963328125 0.0776666515625 0.321833334375 0.08582151875 0.34428946250000003 0.10515149374999999 0.336957990625 0.099152546875 0.315963328125
1 0.17780560781250002 0.30796536875 0.194136096875 0.30096714062499996 0.1838045796875 0.2819719765625 0.1634747421875 0.29296917968749997 0.17780560781250002 0.30796536875
1 0.221797990625 0.316963071875 0.20433331875 0.324333334375 0.214465934375 0.34262322031250003 0.22779696249999998 0.333958759375 0.221797990625 0.316963071875
1 0.184471121875 0.2639765453125 0.20213474374999998 0.2569783171875 0.1921364734375 0.23198466875 0.17114009375 0.240315884375 0.184471121875 0.2639765453125
1 0.9218333187500001 0.030166667187500003 0.9070128531250001 0.036616290625 0.912345284375 0.056611207812499995 0.9276759875 0.0489464796875 0.9218333187500001 0.030166667187500003