0 0.49690038124999997 1 0.5196964890625 0.9746809234375 0.4509083359375 0.9086977234375 0.4809031484375 0.87830539375 0.39251846874999996 0.7915274296875 0.40531624375 0.776331309375 0.3181313078125 0.6895533609375 0.18219998125 0.8272000015625001 0.2661402984375 0.903498971875 0.25574213281249997 0.9102972625 0.3513255796875 1 0.49690038124999997 1
0 0.750856528125 1 0.758055234375 0.946288115625 0.6512737734375 0.93789025625 0.65767256875 0.8727068093750001 0.592483890625 0.863509134375 0.585685078125 0.9350909484375001 0.5720873937500001 0.930692134375 0.56448873125 1 0.750856528125 1
0 0.9996134390625 1 0.9976137843749999 0.8935015125 0.83924126875 0.9394898250000001 0.8568382015625 1 0.9996134390625 1
0 0.034580334375 0.38350405468750004 0.0909706078125 0.375906009375 0.09896922500000001 0.437090440625 0.42651259062499997 0.4078978796875 0.41931382343749996 0.33991515625 0.4797034046875 0.3327169734375 0.48410260781250003 0.3871031453125 0.57568680625 0.375906009375 0.567288234375 0.3143216546875 0.5420925796875 0.31672103906250004 0.5264953015625 0.157561490625 0.298134765625 0.17915599375 0.2805378328125 0.1627601671875 0.22734701875000002 0.16835873437499999 0.23134632812499997 0.198700265625 0.19655235625 0.2030990796875 0.1933528984375 0.1895025296875 0.00138609375 0.2122967546875 0.0005862125 0.4146962 0.0393795234375 0.41229675468749993 0.034580334375 0.38350405468750004
0 1 0.1027245953125 0.9340248046875 0.1099227796875 0.936024459375 0.1251188984375 0.896031375 0.128717990625 0.898830940625 0.14631352343749998 0.8544385921875 0.15191210625 0.8544385921875 0.1219197296875 0.5611999812499999 0.1592000015625 0.5768865515625 0.27628049374999997 0.616479740625 0.271481725 0.61887935 0.307472578125 0.6016823125 0.310671778125 0.6096809296875 0.3722561015625 0.9156279625 0.34346343125 0.90682955625 0.241889240625 0.9472225953125 0.23629065625 0.9636196625 0.3366651703125 1 0.3310665578125 1 0.1027245953125
1 0.11014284375000001 0.38085714375 0.113281053125 0.409665715625 0.14013355624999999 0.40566674999999996 0.135848584375 0.376245646875 0.11014284375000001 0.38085714375
1 0.20728570156249998 0.3687142859375 0.21040711562499997 0.3976687734375 0.23268900625 0.39424108125 0.22926099375 0.36681946249999997 0.20728570156249998 0.3687142859375
1 0.1608571296875 0.24657142968749998 0.161844084375 0.2639884703125 0.18041230156250002 0.2625602625 0.17698433125 0.242850975 0.1608571296875 0.24657142968749998
1 0.2594285578125 0.3137142859375 0.26125549531250003 0.33311374531250004 0.284394325 0.33025732812499997 0.2826803625 0.30940548749999996 0.2594285578125 0.3137142859375
1 0.26268382031250004 0.380530271875 0.26411214375 0.4030959703125 0.29296427187499996 0.3993826203125 0.288393659375 0.375674371875 0.26268382031250004 0.380530271875
1 0.3079999875 0.3837142859375 0.33095771093750004 0.38224411875 0.3272440578125 0.3659625515625 0.30553355312499997 0.36681946249999997 0.3079999875 0.3837142859375
1 0.3455266375 0.38195848125 0.36666582187499996 0.3793877015625 0.3632378515625 0.361677925 0.3426699875 0.3642487046875 0.3455266375 0.38195848125
1 0.40380225625 0.3576789375 0.3787142734375 0.3615714296875 0.3820917078125 0.3888138859375 0.40380225625 0.38652874375 0.40380225625 0.3576789375
1 0.7887142734375 0.31228571562499996 0.7900211765625 0.3373983703125 0.8123030890624999 0.3348276015625 0.8094464406249999 0.30883420156249997 0.7887142734375 0.31228571562499996
1 0.872292715625 0.303407015625 0.851571415625 0.304428571875 0.85401009375 0.33082861406249997 0.8725783109374999 0.3271152953125 0.872292715625 0.303407015625
1 0.659472375 0.8736567187500001 0.591571415625 0.8665714296875 0.5877704703125 0.932213265625 0.65147370625 0.9387830328125 0.659472375 0.8736567187500001