0 0.1415617265625 0.9317233921874999 0.0795725265625 0.8784036093750001 0.12289836875 0.8410798234374999 0.13556280468749998 0.8564091796875 0.24087794687500003 0.7477702046875 0.1515599984375 0.6564599953125 0.0575763109375 0.748436640625 0.0069183625 0.70044885625 0 0.9083959875 0.0902372890625 0.9857097125 0.1415617265625 0.9317233921874999
0 0.41418131249999995 0.7104463156249999 0.4528413140625 0.7111128546875001 0.47750369531250003 0.6851193984374999 0.4761706125 0.6491285859375 0.4335112625 0.6084722124999999 0.5048322421875 0.539823021875 0.584818409375 0.615137184375 0.599482621875 0.5978083671875 0.6328101937499999 0.62646761875 0.674136359375 0.62713415625 0.6927997171875 0.6031402124999999 0.6868007953124999 0.5711484765625 0.5688212171875 0.444513890625 0.49150121406249997 0.5224940515625 0.3928516875 0.4218529734375 0.3213307671875 0.495951759375 0.2941354578125 0.46755895000000003 0.175755965625 0.581130078125 0.324196871875 0.7177778265625 0.3728551453125 0.6724559906249999 0.41418131249999995 0.7104463156249999
0 1 0.9537178234375 0.9027634093750001 0.8490777703125 0.78699996875 0.9686666687500001 0.7501231796875001 0.9377219296874999 0.7227945296875 0.9257249562500001 0.6954660859375 0.953051284375 0.7001318234375 0.9803777140625 0.716129015625 0.997706684375 1 1 1 0.9537178234375
0 0.7447908484375 0.38852810937500004 0.7694531296875 0.3672002171875 0.8094462124999999 0.4025245421875 0.8427737828125 0.370532703125 0.8774345374999999 0.3731987015625 0.90409659375 0.34453929843750003 0.9020970203124999 0.30188346250000003 0.8647701015625 0.26855859843749996 0.9120952921875001 0.21923779062499998 0.8127789703125 0.11459773749999999 0.7521229546875 0.17125000625 0.7387919265625 0.159253059375 0.70546435625 0.188578925 0.6954660859375 0.1772484921875 0.6334766828125 0.236566759375 0.7101300937499999 0.3185458953125 0.6086666359375 0.40700000156250005 0.6974656578125 0.4998331859375 0.7787850109375001 0.42318599843750004 0.7447908484375 0.38852810937500004
0 1 0 0.9227599515625 0.0012932 0.8636666359375 0.060333334375000006 0.9554211328125 0.1585865484375 0.9834161703125 0.1292606828125 1 0.1492556015625 1 0
0 0.09223696249999999 0 0 0.0006266875 0.00699996875 0.08366666874999999 0.09223696249999999 0
0 0.17022345625 0.057278981250000006 0.235545515625 0 0.11199996875 0.000333334375 0.17022345625 0.057278981250000006
1 0.23774524531250002 0.5507378078125 0.2197483578125 0.5659339578125 0.23334598125 0.573132109375 0.2473435609375 0.561135159375 0.23774524531250002 0.5507378078125
1 0.41091525156250003 0.47915599374999995 0.39819998125 0.4882000015625 0.41051535625 0.5067489875 0.42491283125 0.4927525453125 0.41091525156250003 0.47915599374999995
1 0.44210986874999997 0.6251188984375 0.42119998125 0.6432000015625 0.438510515625 0.6627093515625 0.45810710312499997 0.64591363125 0.44210986874999997 0.6251188984375
1 0.7832509515625 0.9678826031250001 0.747257175 0.9322916734375 0.7240611125 0.9282926890625 0.6956659984375 0.9514867765625 0.6981999812499999 0.9832000015625001 0.715662540625 0.9978749812500001 0.75285618125 0.9990746875 0.7832509515625 0.9678826031250001
1 0.8088464999999999 0.34393954843749996 0.79619998125 0.3592000015625 0.81164594375 0.3751316015625 0.8252436890625001 0.36193497343750003 0.8088464999999999 0.34393954843749996