0 0.5661550515625 0 0.43199996875 0.0020000015625 0.3388609828125 0.06327749375 0.468171915625 0.255228653125 0.650807059375 0.12459519687500001 0.5661550515625 0
0 0.24487719375 0.7097797781249999 0.022249065625 0.55448604375 0.002919115625 0.5918097796875 0 0.690451396875 0.1695569671875 0.8110874453125 0.24487719375 0.7097797781249999
0 0.3335285515625 0.8404132843750001 0.28686995312499997 0.8310823640624999 0.2042176203125 0.9317233921874999 0.2415444375 0.997706684375 0.430845096875 1 0.3335285515625 0.8404132843750001
0 0.9986666359375 0.83866666875 0.8734351874999999 0.9517183109375 0.9200937874999999 0.9990396578125 1 0.997706684375 0.9986666359375 0.83866666875
0 1 0.3645342171875 0.895333303125 0.24866666875000001 0.7134628515625 0.4038575671875 0.7067973375000001 0.39785908124999997 0.6214787375 0.47250675624999994 0.6621384140625 0.5284925375 0.6241450046875 0.5691488625 0.6254780859375 0.6031402124999999 0.6414752796875 0.6184696703125 0.6621384140625 0.62646761875 0.6848011203125 0.62446820625 0.72479430625 0.5878109078125 0.78278415625 0.6564599953125 1 0.4511788640625 1 0.3645342171875
0 1 0.1304004015625 0.9127616812499999 0.21430570468750001 1 0.313613809375 1 0.1304004015625
0 0.54749159375 0.235233734375 0.45699996875000004 0.310333334375 0.5894843515625 0.4571773484375 0.6748028500000001 0.37586465156250004 0.54749159375 0.235233734375
1 0.66619998125 0.46320000156249996 0.6568727796875 0.47070731875 0.6680707953125 0.48470376093749995 0.677269278125 0.4763059015625 0.66619998125 0.46320000156249996
1 0.69719998125 0.44620000156249995 0.6824683296875 0.4627093515625 0.695266165625 0.4679080421875 0.7076639234375001 0.45791058281249997 0.69719998125 0.44620000156249995
1 0.78719998125 0.5412000015625 0.775252334375 0.5526865453124999 0.79204935625 0.5750807859375 0.8040472812499999 0.561884128125 0.78719998125 0.5412000015625
1 0.87119998125 0.4602000015625 0.85723815625 0.471507103125 0.872835434375 0.49150202031249995 0.8900324124999999 0.4755060859375 0.87119998125 0.4602000015625
1 0.9581999812499999 0.2012000015625 0.9484223406250001 0.21192227031250002 0.9636196625 0.2303175890625 0.9752177546875 0.21832063750000003 0.9581999812499999 0.2012000015625
1 0.9888153796875001 0.1723323265625 1 0.18472916875 0.9951999812500001 0.1622000015625 0.9888153796875001 0.1723323265625
1 0.2721392609375 0.9074471703125001 0.26519998125 0.9192000015625 0.2793380296875 0.93544005625 0.28853645 0.9194441203125001 0.2721392609375 0.9074471703125001
1 0.33932765468750004 0.9178444906250001 0.32319998125 0.9262000015625 0.33172899375 0.9466372234374999 0.3469263171875 0.9410386093750001 0.33932765468750004 0.9178444906250001
1 0.2773383734375 0.96143345 0.26019998125 0.9702000015625 0.267740059375 0.9862271375 0.2865367953125 0.9794288765625 0.2773383734375 0.96143345
0 0.00019998124999999999 0.9292000015624999 0 0.99982365625 0.054976831250000004 1 0.00019998124999999999 0.9292000015624999