0 0.0062518734375 0.9803777140625 0.016916634375 1 0.1322300484375 0.9970401453125 0.15622593906249999 0.9817106875 0.1682237828125 1 0.40618271562499997 0.9970401453125 0.35552476875 0.8930665296875 0 0.7520000015625 0.00158593125 0.8630741515624999 0.053576962500000005 0.955050796875 0.0062518734375 0.9803777140625
0 0.38351990625 0.43451643124999995 0.29153579218750003 0.3572027578125 0.27287243437500003 0.373865190625 0.2588748140625 0.36120173125 0.2208814046875 0.4025245421875 0.11423317968749999 0.3158798953125 0.0895707984375 0.353203784375 0.00158593125 0.2692250859375 0 0.45866666875 0.41418131249999995 0.635132103125 0.505498834375 0.5198281046875 0.394851259375 0.42585194687500005 0.38351990625 0.43451643124999995
0 0.24033330312499998 0.005333334375 0.0842383671875 0.191244925 0.22288107968749998 0.3078819484375 0.480169859375 0.0046256859375 0.24033330312499998 0.005333334375
0 0.6861343046874999 0 0.4121816375 0.315213409375 0.55082435 0.4298509703125 0.9160944375 0.0079581734375 0.6861343046874999 0
0 1 0.271891084375 0.868102859375 0.4311839453125 0.8234438328125 0.47717226874999996 0.9714183265624999 0.5984747515625 1 0.5578185296875 1 0.5191615656249999 1 0.271891084375
0 1 0.8917335546875 0.9827495781250001 0.6957833953125 0.96941855 0.7197772375 0.8587711796875 0.6258011812500001 0.9027634093750001 0.5704818875 0.8474397234375 0.5258265390625 0.7981149609375 0.5831453453125001 0.7614546343749999 0.5478210703124999 0.7447908484375 0.5571519406250001 0.610147384375 0.7104463156249999 0.8841000515624999 0.8177524187499999 0.8727685953125001 0.8330817749999999 1 0.8917335546875
1 0.6979999796875 0.7080000015625 0.7054088203125 0.6808163984375 0.6720812515625 0.667486453125 0.6649713421875 0.6937020203125 0.6979999796875 0.7080000015625
1 0.7402222015625 0.666888890625 0.729849040625 0.6919246875 0.759177328125 0.702144325 0.7653984484375 0.6781504171875 0.7402222015625 0.666888890625
1 0.7222947359375 0.6066130656250001 0.709111090625 0.6302222234375 0.72273913125 0.64349254375 0.7369589484375 0.617276978125 0.7222947359375 0.6066130656250001
1 0.8458290109375 0.555514940625 0.8329422421875 0.5728438437500001 0.8467176656250001 0.5928387609375 0.8627149265625 0.574176834375 0.8458290109375 0.555514940625
1 0.8787121859375 0.47906165156249997 0.892043215625 0.4915029296875 0.9000417765625001 0.47906165156249997 0.88493330625 0.4675090375 0.8787121859375 0.47906165156249997
1 0.9113333125 0.46688889062500005 0.9191496656249999 0.45551211875000003 0.9084847343750001 0.4452924625 0.9000417765625001 0.452401759375 0.9113333125 0.46688889062500005
1 0.564099909375 0.2323729640625 0.586318290625 0.2079347296875 0.56276679375 0.1879398125 0.538770903125 0.21682136093749999 0.564099909375 0.2323729640625
1 0.6347544 0.2510349078125 0.61577775625 0.2724444453125 0.6329768203125 0.293246403125 0.6551952015625 0.26969681875 0.6347544 0.2510349078125
1 0.669111090625 0.096888890625 0.6880785125 0.078634265625 0.666304390625 0.0608610046875 0.6511959203125001 0.079078590625 0.669111090625 0.096888890625
1 0.6511959203125001 0.151948965625 0.657861434375 0.14172934375 0.6463078484375 0.12839939843749998 0.6360874484375 0.1390633453125 0.6511959203125001 0.151948965625