0 0.556823271875 0 0.000333303125 0.5520000015625001 0 1 0.0089180375 1 0.14689415781249998 0.8630741515624999 0.12089869375 0.8384137734375001 0.22888000156250002 0.729108259375 0.20888345937500002 0.7104463156249999 0.588817759375 0.3472052984375 0.65880565625 0.4158544875 0.5634887859375 0.5084976203125 0.6941329015625 0.6311331796874999 0.8047804749999999 0.5164956187499999 0.821444259375 0.5251600515625 0.9894150921874999 0.3865286484375 0.898097671875 0.271891084375 0.79744836875 0.1692505203125 0.8341086953125 0.13325970625 0.9300920578125 0.2412322203125 1 0.1772484921875 1 0 0.556823271875 0
0 0.08090560937499999 0.0006266875 0 0.0006266875 0.000333303125 0.07866666875 0.08090560937499999 0.0006266875
0 1 0.616470159375 0.9107621078125 0.6891184234375001 0.8674362656250001 0.6304666421875 0.7414580921875 0.7197772375 0.935424590625 0.957050309375 0.9154280484375 0.973712740625 0.9427564937499999 1 1 1 1 0.616470159375
1 0.0581762609375 0.5702820187500001 0.043199981250000005 0.5522000015625 0.030581026562500002 0.5698820953125 0.04297890625 0.5842784609375 0.0581762609375 0.5702820187500001
1 0.10219998125 0.6192000015625 0.0889709546875 0.6330660499999999 0.1045682625 0.6510614765625 0.11816588750000001 0.6366651703125 0.10219998125 0.6192000015625
1 0.1401620828125 0.661058934375 0.125764609375 0.6734558093749999 0.1433615421875 0.6914512359375 0.15655927187500002 0.6778546546875 0.1401620828125 0.661058934375
1 0.1669574375 0.6870523296875 0.15375976875 0.701048771875 0.16855719687499998 0.71704470625 0.18255477656250002 0.701048771875 0.1669574375 0.6870523296875
1 0.19419998125 0.7172000015625 0.1789553625 0.73104115 0.194152746875 0.7442378078125 0.21014998125 0.731840934375 0.19419998125 0.7172000015625
1 0.88719998125 0.0232000015625 0.8744351343749999 0.040289640625 0.8892326234375 0.053486268749999996 0.90243029375 0.0374903328125 0.88719998125 0.0232000015625
1 0.91319998125 0.0332000015625 0.92642614375 0.0458882234375 0.9396238125 0.028292689062499998 0.9232267453125 0.0178953375 0.91319998125 0.0332000015625
1 0.9501999812499999 0.0702000015625 0.9632198296875 0.08547816875 0.9780171984375 0.0694822328125 0.9608202203125 0.057885175 0.9501999812499999 0.0702000015625
1 0.9452229421875 0.00069975625 0.93719998125 0.0062000015625 0.9540213468750001 0.020294721874999998 0.9640196187500001 0.0058983874999999995 0.9568209124999999 0.0018994031250000002 0.9452229421875 0.00069975625
1 0.97619998125 0.0432000015625 0.99321464375 0.060284559375000005 1 0.0454883015625 0.9888153796875001 0.0338912734375 0.97619998125 0.0432000015625