0 0.537493321875 0 0 0.66579101875 0.0036666359375 0.6736666687499999 0.128897290625 0.77376355625 0.1348962125 0.765765609375 0.2002182703125 0.8224178796875 0.22821340937499998 0.787093503125 0.1595586953125 0.7257757734375 0.2502096265625 0.62913366875 0.311532334375 0.6764549140625 0.37685439375 0.6064726984375 0.31086584375 0.54982048125 0.39951720156250004 0.444513890625 0.460839909375 0.49450128906249996 0.5101646734374999 0.426518484375 0.4541743953125 0.3751981640625 0.5394929953125 0.2712245984375 0.6021487875 0.31921238125 0.66080533125 0.24856368125 0.6014821953125 0.20124238437500003 0.6914667375 0.0932698703125 0.7461238296875 0.1452566015625 0.8087798234375001 0.0712754140625 0.746790421875 0.02195460625 0.7694531296875 0 0.537493321875 0
0 0 0.250333334375 0.204884109375 0 0 0.0019596875 0 0.250333334375
0 0.444842615625 1 0.99608060625 0.3438728125 1 0.047281496875 0.300333303125 0.9120000015624999 0.41151504531249994 1 0.444842615625 1
0 0.171556540625 1 0.1069010734375 0.9543843609374999 0.164224534375 0.8877346328125 0.12356485937499999 0.85307669375 0.066907990625 0.9250584187499999 0.0182497171875 0.8804031218749999 0.075573178125 0.81441993125 0.00558528125 0.7531021015625 0 0.76366666875 0 1 0.171556540625 1
0 1 0.7177778265625 0.78199996875 1 1 1 1 0.7177778265625
2 0.040333303125 0.100333334375 0.08690453125 0.13659219375 0.1582255125 0.0506139828125 0.10490139843749999 0.009957659375 0.040333303125 0.100333334375
1 0.41219998125 0.8272000015625001 0.421313478125 0.816670253125 0.40371654531249995 0.8022738875 0.39491801875 0.812271346875 0.41219998125 0.8272000015625001
1 0.44719998125 0.8072000015624999 0.46410606562499995 0.8226687296874999 0.47890349375 0.8102718546875 0.4585070578125 0.79467584375 0.44719998125 0.8072000015624999
1 0.49419998125 0.7932000015625 0.47170478749999994 0.776680415625 0.4617065171875 0.787477659375 0.4809031484375 0.8046733015624999 0.49419998125 0.7932000015625
1 0.4693051796875 0.858259659375 0.4565074046875 0.8722561015625001 0.476103990625 0.8870523296874999 0.4901015703125 0.8730558859374999 0.4693051796875 0.858259659375
1 0.62419998125 0.6012000015625001 0.6120804765625001 0.614721546875 0.6296774093749999 0.6295177734374999 0.6384759375 0.6167210390625 0.62419998125 0.6012000015625001