0 0.5845407796875 0.34303975000000003 0.469449596875 0.4785608640625 0.6876341171875 0.676732715625 0.8062801859375 0.5412116015625 0.7982816234375 0.5376569703125 0.8129457 0.5203280343750001 0.76006598125 0.472784540625 0.74318006875 0.4905578015625 0.7249609687499999 0.4736732234375 0.7489567921875 0.44745765625 0.7085193125 0.4092451546875 0.78577775625 0.33355555625 0.690744609375 0.24750847343750002 0.59564996875 0.3541480375 0.5845407796875 0.34303975000000003
0 0 0.9980408796875 0.19911109062500001 1 0.3028117453125 0.88606935 0.18416560937499998 0.780318434375 0 0.9824892765625 0 0.9980408796875
0 0.8427183843750001 0.9429437984375 0.7507342359375 0.855410434375 0.67519174375 0.9380561234375 0.6689706234374999 0.9309467937499999 0.6085366703124999 0.9989295296874999 0.61609090625 0.9971522296875 0.791616109375 1 0.8427183843750001 0.9429437984375
0 0.9586983546875001 0.6963115734375 0.9524772359375 0.7029765453125 0.9453673265625 0.7296364375 0.9711405937500001 0.7576292687499999 0.9991358343750001 0.7487426390625 1 0.516888890625 0.9062628953124999 0.616776190625 0.9209271093750001 0.6287731625 0.9084847343750001 0.64077016875 0.9586983546875001 0.6963115734375
0 0.2628186625 0 0.22860237031250003 0.0288126859375 0.2623742671875 0.06213755 0.256597475 0.06435920625 0.42101348749999995 0.2243185546875 0.4045719 0.240758840625 0.46189536249999996 0.28919095 0.47256015625 0.2763053625 0.479670065625 0.2763053625 0.6280888859375 0.1252326125 0.5013333125 0 0.2628186625 0
0 0.08329410937500001 0.1625564671875 0.128619659375 0.20254630312500002 0.1779444234375 0.14478320625000002 0.09688886875 0.0624444453125 0.0130840484375 0.1514481796875 0.054854610937500006 0.19454832187499999 0.08329410937500001 0.1625564671875
1 0.4219999890625 0.24700000000000003 0.43082438125 0.254040596875 0.4410726234375 0.2440431375 0.43057440937499997 0.2352953609375 0.4219999890625 0.24700000000000003
1 0.4326249890625 0.2545 0.4410726234375 0.2617886046875 0.45182073437500003 0.2517911453125 0.4418224640625 0.2452928203125 0.4326249890625 0.2545
1 0.4501249890625 0.27075 0.4588195328125 0.2627883734375 0.449071234375 0.25604009687499996 0.44282231406249994 0.263288240625 0.4501249890625 0.27075
1 0.2798505046875 0.027800443749999997 0.2663749890625 0.013250000000000001 0.24760605624999998 0.03004985625 0.26435315312499996 0.041546948437499995 0.2798505046875 0.027800443749999997
1 0.2656029375 0.0043064093749999996 0.2863749890625 0.020749999999999998 0.30184666875 0.0065558234374999995 0.29309818125 0.0000574796875 0.2733516125 0 0.2656029375 0.0043064093749999996
1 0.1751249890625 0.828875 0.19161573437499999 0.845315034375 0.2046134984375 0.8310686625000001 0.1856167875 0.8125733593750001 0.1751249890625 0.828875
1 0.17211911875000002 0.867559384375 0.1532499890625 0.8488749999999999 0.1418743515625 0.8610610781249999 0.1568717578125 0.87955634375 0.17211911875000002 0.867559384375
1 0.7669999890625 0.9713749999999999 0.7880126375 0.9892784421874999 0.7987607484375 0.9762817531250001 0.7795141234375 0.9585362859375 0.7669999890625 0.9713749999999999