0 0 0.9997795703125 0.0741984703125 1 0.050702548437499995 0.970287096875 0.082696984375 0.9417943531249999 0.011709276562499999 0.8553163156249999 0.02770649375 0.8453188562499999 0 0.8098278453125 0 0.9997795703125
0 0.3839999765625 0.7090000015625 0.4216383890625 0.7618400875 0.5141223953125 0.6903582390625 0.46863023281249994 0.633372790625 0.3839999765625 0.7090000015625
0 0.6371011609375 0.7383460734375 0.5881096171875 0.7768362765625 0.7050893578124999 0.9148011687500001 0.8915572046875001 0.771837546875 0.8660615828125 0.7363465359375 0.8800591015625001 0.7208505203125 0.8360667703125 0.6638649562500001 0.8380663937499999 0.6463694046875 0.7165874624999999 0.504405475 0.5127499765625 0.6652500015625 0.5556152375 0.71635161875 0.5966081328125 0.68685910625 0.6371011609375 0.7383460734375
0 0.434636171875 0.5493940421875 0.47962839218750003 0.6078792015625 0.6680957859375 0.47091400156249996 0.6031070234375 0.372938890625 0.6101057828124999 0.36394118125 0.5086233171875 0.231474846875 0.499624934375 0.24047255625 0.4186388765625 0.148995809375 0.24149997656250002 0.2990000015625 0.2871616734375 0.3609419515625 0.3046586484375 0.34994477968750004 0.4521331453125 0.5363973515625 0.434636171875 0.5493940421875
0 0 0.03942834375 0.0786976609375 0.13740347343749998 0.1201905015625 0.10091273125 0.1621832859375 0.15789825625 0.1214999765625 0.1902500015625 0.164182909375 0.24287665937499997 0.28466210625 0.15489902656250001 0.31815629843750004 0.196388459375 0.402141790625 0.1334044734375 0.36214870625 0.0909152734375 0.37914573749999997 0.076918815625 0.3446517328125 0.03542938125 0.35265030468749997 0.027431421875 0.3356532734375 0 0.0182081671875 0.0024377937499999998 0 0.01643419375 0 0.03942834375
0 0.9995384093749999 1 1 0.8518489812500001 0.9850409484375 0.8303544281249999 0.9710434296875 0.8438509828124999 0.9365494249999999 0.7958632625 0.7385836265625 0.95132366875 0.7785767124999999 0.9993115046875 0.783575846875 1 0.8230689874999999 0.9748176828125 0.846564984375 1 0.9995384093749999 1
1 0.6983636203125 0.6383636375 0.67787818125 0.65684173125 0.69823831875 0.671383490625 0.70950911875 0.6561146546875001 0.6983636203125 0.6383636375
1 0.7385949984375 0.6902877937499999 0.7338685875000001 0.6950138484374999 0.7204163234375 0.706283734375 0.7327778 0.7219161078125 0.750956475 0.705193090625 0.7385949984375 0.6902877937499999
1 0.6510908921875 0.7620000015625 0.63461295625 0.779356065625 0.6462473531249999 0.7928071812499999 0.6636988374999999 0.7768112421875 0.6510908921875 0.7620000015625
1 0.6858768421875 0.80480414375 0.6719999828125001 0.79018181875 0.6542459046875 0.80480414375 0.6669709765625 0.8204365453125 0.6858768421875 0.80480414375
1 0.7062369796875 0.831342865625 0.6949661796875 0.818255259375 0.6749696375 0.8317063765625001 0.6866040328125 0.84770234375 0.7062369796875 0.831342865625
1 0.7313235296875 0.859335740625 0.71968913125 0.8437033375 0.70041978125 0.8600628171875 0.710963390625 0.8738774984375001 0.7313235296875 0.859335740625
1 0.024173056249999998 0.89459949375 0.014727256250000001 0.881090909375 0 0.896053703125 0.0081758453125 0.9076870984375001 0.024173056249999998 0.89459949375
1 0.0554404 0.9342258203125 0.0441695984375 0.9207746484375001 0.029626659374999996 0.9313174562500001 0.0416245953125 0.9451321390625 0.0554404 0.9342258203125
1 0.0979784875 0.0891879109375 0.08472725625000001 0.07472727343749999 0.0678018765625 0.085916009375 0.0812541125 0.10518390625 0.0979784875 0.0891879109375