0 0.018983056249999998 0.35948474375 0.18375458125 0.1831295703125 0.0937701125 0.095951759375 0.0525772234375 0.13594158125 0.0365799890625 0.12234502968750001 0.076973028125 0.07915599375 0.02578186875 0.03476728125 0.01938298125 0.04236535625 0 0.021170731249999998 0.00138609375 0.0227703296875 0 0.341089425 0.018983056249999998 0.35948474375
0 0.25574213281249997 0.07715650156250001 0.16919998125 0.1612000015625 0.2545423296875 0.24871290781250002 0.342127159375 0.159535559375 0.25574213281249997 0.07715650156250001
0 0.335328346875 0.582228153125 0.450508440625 0.45386075156250005 0.32373037656250003 0.33469111875 0.3529252796875 0.304698740625 0.29573521875000003 0.2539115984375 0.2705395625 0.2763059015625 0.23119998125 0.2412000015625 0.0693743359375 0.4002743953125 0.2633407953125 0.589826196875 0.2997345265625 0.5482367921875 0.335328346875 0.582228153125
0 0.507298609375 0.494650434375 0.59008428125 0.4002743953125 0.49319998125 0.3182000015625 0.43771066718749996 0.37628049375 0.48130310468750004 0.41747003749999995 0.457707209375 0.44426321562500004 0.507298609375 0.494650434375
0 0.6476742984375 0.7574598734375 0.6520735609375 0.753460890625 0.6788689765625 0.7758551625 0.62767775625 0.8246428124999999 0.597683003125 0.7950502968750001 0.5356937234375 0.8650325109375 0.567688190625 0.8922256125000001 0.5516909562500001 0.9038226406250001 0.6580725234375 1 0.8412409234375 0.9998490656250001 0.8668364734375 0.96465805625 0.8996307281249999 0.9922510203125 0.9996134390625 0.8898770140625001 1 0.8066982312500001 0.9924147328125 0.7983003125 0.89483163125 0.8938759968750001 0.8788343984375 0.8798795546875 0.8932319328125 0.8606845125 0.8312426515625001 0.8098973703125001 0.7768520328124999 0.863083834375 0.7668537625 0.8518866984375 0.850439284375 0.768307934375 0.8100462437499999 0.7367159562500001 0.7904496562500001 0.7479131234375 0.763254409375 0.720720021875 0.83564179375 0.6471387171874999 0.739658390625 0.5615604750000001 0.648074253125 0.661135159375 0.615279996875 0.6295431812500001 0.5872847765625 0.6551366843750001 0.487702021875 0.565559459375 0.5176968343749999 0.53556708125 0.46719998125 0.4902000015625 0.3041337296875 0.660284559375 0.4961005328125 0.84783686875 0.616479740625 0.7242682984375 0.6476742984375 0.7574598734375
1 0.1085675703125 0.139566065625 0.09419998125 0.1232000015625 0.077372953125 0.140365865625 0.0929702625 0.1539624296875 0.1085675703125 0.139566065625
1 0.1373625796875 0.16715904374999999 0.1225651515625 0.1843546703125 0.1365627296875 0.1955518359375 0.151360159375 0.18275508437500002 0.1373625796875 0.16715904374999999
1 0.33419998125 0.3652000015625 0.3233304203125 0.37830539375 0.3341285421875 0.3895025296875 0.353325234375 0.37750557812499996 0.33419998125 0.3652000015625
1 0.3673228140625 0.40869772343750005 0.35652469375 0.4226941671875 0.378520890625 0.4446885765625 0.38491974687499997 0.427892796875 0.3673228140625 0.40869772343750005
1 0.37719998125 0.4792000015625 0.3649232046875 0.49387599687500006 0.378920784375 0.507872440625 0.3889190546875 0.4930762125 0.37719998125 0.4792000015625
1 0.4041164390625 0.445088409375 0.396917671875 0.45508586875 0.414914559375 0.4718815875 0.42331313125000003 0.45948474375000004 0.4041164390625 0.445088409375
1 0.8448402765624999 0.833465971875 0.836841659375 0.8502616921874999 0.8524389375 0.86225864375 0.8652367734374999 0.84946190625 0.8448402765624999 0.833465971875
1 0.96519998125 0.8352000015625001 0.9432232875000001 0.8570599515625 0.9552212125 0.8670574109375 0.9772174093749999 0.844263215625 0.96519998125 0.8352000015625001
1 0.9251999812499999 0.9272000015625 0.9076293453125001 0.9502362828124999 0.9188274812499999 0.9638328046875 0.942023421875 0.9398389015624999 0.9251999812499999 0.9272000015625
1 0.9552212125 0.89265094375 0.9432232875000001 0.9070472484375 0.9620199640625 0.9206438296874999 0.972018234375 0.9074471703125001 0.9552212125 0.89265094375