0 0.08490485625000001 0.3012169765625 0.11556626249999999 0.254562165625 0 0.17058349374999998 0.0002528484375 0.391194109375 0.020249390625 0.389861134375 0.047578040625 0.3485382734375 0.056243228125 0.35387027031249996 0.0895707984375 0.3065489734375 0.08490485625000001 0.3012169765625
0 0.00158593125 0 0 0.075333334375 0.12489794218750001 0.1879124375 0.17488929687500002 0.12992722031249998 0.1568924296875 0.1099323015625 0.2155489734375 0.03928355 0.1682237828125 0 0.00158593125 0
0 0.32952930468749997 0.041949523437500004 0.3681892046875 0 0.28287070625 0.0032926875 0.32952930468749997 0.041949523437500004
0 0.505498834375 0.9777117656250001 0.63614295 0.9823772265624999 0.6354763578125 0.69844934375 0.37199996875 0.7020000015625001 0.3681892046875 0.8497442062499999 0.503499159375 0.8477447953125001 0.505498834375 0.9777117656250001
0 0.398850609375 1 0.398850609375 0.9610493343750001 0.187553834375 0.957050309375 0.1786666359375 1 0.398850609375 1
0 0.7847839328124999 0.9330563656249999 0.848106315625 0.9343894421875 0.8514390734375 0.9643818203125001 0.96941855 0.9677143062500001 0.9754176749999999 0.767098584375 0.850333303125 0.765333334375 0.852105665625 0.8184188546875 0.7874500984374999 0.8210849046875 0.7847839328124999 0.9330563656249999
0 0.653473225 0.9937076593749999 0.8127789703125 0.9983731203125 0.7321264125 0.9157274984375 0.653473225 0.9937076593749999
0 0.1436666359375 1 0.1542262640625 0.9730462031249999 0 0.92905744375 0.0049186890625 1 0.1436666359375 1
0 0.7507897703124999 0.3657825484375 0.7387919265625 0.15183688125 0.5914839234375 0.1558358546875 0.5934835984375 0.2064896890625 0.5186666359375 0.21033333437500001 0.52016294375 0.279137903125 0.5954832734375 0.27313936562499996 0.5988160296875 0.370448009375 0.7507897703124999 0.3657825484375
0 0.9487556187499999 0.34378811875 0.9387573484375 0.162500828125 0.8647701015625 0.163833853125 0.8694358390625 0.1911603328125 0.76699996875 0.195333334375 0.7774518265625 0.427100278125 0.8927651375 0.42909979062500003 0.88943238125 0.35045309062499996 0.9487556187499999 0.34378811875
0 1 0.16050136718750002 0.9636666359375001 0.160333334375 0.9627530359375 0.297799846875 1 0.2991328203125 1 0.16050136718750002
0 0.5381598125 0.549862828125 0.5381598125 0.49654304531250004 0.352858603125 0.50187499375 0.35685785000000003 0.6145130437499999 0.38885233750000003 0.6125135312500001 0.3881857453125 0.6664998515625 0.6234784125 0.671165415625 0.62481149375 0.5711907203125001 0.5768198140624999 0.57718920625 0.5761533234375 0.550529315625 0.5381598125 0.549862828125
0 0.5348270546875 0.41989585937499996 0.41699996875 0.4170000015625 0.418180559375 0.48587904843749996 0.5381598125 0.4852125625 0.5348270546875 0.41989585937499996
1 0.8527720546875001 0.8191277390625 0.7901162625 0.8224602265625001 0.788116690625 0.9297662265625 0.8514390734375 0.9330987125 0.8527720546875001 0.8191277390625
2 0.4808364515625 0.557860775 0.3881857453125 0.5611932625 0.39151850312500003 0.6611679546875 0.478836778125 0.663167365625 0.4808364515625 0.557860775