0 0.088196065625 0.1244067453125 0.163682965625 0.20488632343750002 0.22917167031250002 0.13890306875 0.1996768015625 0.10491173125 0.22267277968750002 0.08591654374999999 0.258666540625 0.11890815156250001 0.34965086875 0.03342988125 0.31365703125 0 0.0589999765625 0.0002500015625 0.0931952 0.034929515625000004 0.053202115625000004 0.066421490625 0.10119377031250001 0.112909690625 0.088196065625 0.1244067453125
0 0.385144684375 0.329854525 0.33215389375000004 0.37734245624999996 0.38064549375 0.42583019375 0.466630609375 0.3443508859375 0.49912499062500004 0.3768426296875 0.5876096734375 0.29286395625 0.559114615625 0.2608721546875 0.56861294375 0.25187434999999997 0.3877499765625 0.0615000015625 0.20367605000000003 0.24437625624999998 0.2896612421875 0.3323538890625 0.3411522765625 0.2833664375 0.385144684375 0.329854525
0 0.5866098625 0.5388014375 0.5316193703125001 0.5877890015625 0.5291198031250001 0.6192810140625 0.55111596875 0.6442746625 0.5801109703125 0.641775296875 0.58411029375 0.6382762015625 0.6191042437500001 0.6752667703124999 0.670095409375 0.6282787437499999 0.7035896796875 0.660770484375 0.83906628125 0.5268045156250001 0.6214999765625 0.3015000015625 0.4451343109375 0.49281314062500003 0.49012653124999994 0.5388014375 0.53661850625 0.491813409375 0.5866098625 0.5388014375
0 1 0.694325478125 0.8652499765625 0.5565000015625 0.6810935687499999 0.737814409375 0.7290853 0.786302071875 0.7755772000000001 0.7453125046875 0.862562128125 0.8332901765624999 0.8185697953125001 0.8742797437500001 0.8800591015625001 0.94176259375 0.970543484375 0.8532850953125 0.9840412125 0.8632825546875 1 0.8472865578125001 1 0.694325478125
0 0.862562128125 0 0.8452499765624999 0.0190000015625 1 0.1869544046875 0.9995384093749999 0 0.862562128125 0
0 0.9975387874999999 1 1 0.9038484421874999 0.9189999765625 0.9815000015625 0.9360494812500001 1 0.9975387874999999 1
1 0.26681794375 0.2372323734375 0.25688886875 0.22800000156250003 0.2330460453125 0.2425643703125 0.2463770734375 0.25322833437500003 0.26681794375 0.2372323734375
1 0.2890363234375 0.26167060625 0.2779999796875 0.24688889062500002 0.256597475 0.2665582796875 0.26415177968750003 0.278555284375 0.2890363234375 0.26167060625
1 0.273555534375 0.2880000015625 0.290813834375 0.3034377765625 0.3112547046875 0.27944386718750003 0.2992567921875 0.267446996875 0.273555534375 0.2880000015625
1 0.60577775625 0.4680000015625 0.5960943640624999 0.48030996562499995 0.608980996875 0.49052960468749995 0.619201465625 0.4785326671875 0.60577775625 0.4680000015625
1 0.6400867296875 0.5029709 0.6285331453125 0.5136348296875 0.64453040625 0.5256317671875 0.657861434375 0.5105245218750001 0.6400867296875 0.5029709
1 0.705853215625 0.471423334375 0.6924444234375 0.45466666875 0.680968603125 0.4709789765625 0.69207779375 0.48342027343750005 0.705853215625 0.471423334375
1 0.6134246734375 0.5873938890625 0.5849851734375 0.555401965625 0.538770903125 0.5993908265625 0.5712097515625 0.6304940328125 0.6134246734375 0.5873938890625
1 0.8413333125 0.7157777796875 0.8311647984375 0.726942190625 0.8400521515625 0.738050478125 0.8551606218750001 0.7242761734375 0.8413333125 0.7157777796875
1 0.8602222015625 0.846888890625 0.8458290109375 0.8656300734375 0.8653811578124999 0.87896001875 0.8760459546874999 0.8651857812499999 0.8602222015625 0.846888890625
1 0.8889325875 0.8776270109375 0.8746666453125 0.89466666875 0.8929318687500001 0.910063225 0.9071516859375001 0.8967332796875 0.8889325875 0.8776270109375
1 0.9602222015624999 0.7702222234375 0.9502553984375 0.78254009375 0.96314203125 0.793204021875 0.97336243125 0.777652453125 0.9602222015624999 0.7702222234375