0 0.339527575 0.7904259890625001 0.38418649843749997 0.730441234375 0.3141986015625 0.675788478125 0.400850284375 0.5811459343750001 0.4741709375 0.6384645890625 0.52216261875 0.5791463203125 0.31886444062499997 0.3925270828125 0.090333303125 0.6553333343750001 0.22621383593750002 0.78109506875 0.26820649375 0.73643966875 0.339527575 0.7904259890625001
0 0.5748201390625 0.5184950796875001 0.6221453296874999 0.46184280937500005 0.6041484625 0.4405149171875 0.6468077109375 0.39785908124999997 0.6028153796875 0.35120427187500003 0.6448080375 0.3078819484375 0.716129015625 0.369199678125 0.76012145 0.316546434375 0.55615678125 0.12126270937500001 0.4075157984375 0.27988908281249997 0.3975175265625 0.2712245984375 0.320333303125 0.3620000015625 0.524828784375 0.5298255625 0.548824675 0.5064981578125 0.5748201390625 0.5184950796875001
0 1 0.5358239984375001 0.9940810328125 0.5298255625 0.9834161703125 0.5424889703125 0.9147614562499999 0.481171240625 0.76699996875 0.6570000015625 0.9414235124999999 0.7857605296875 1 0.7057808546875 1 0.5358239984375001
0 1 0.7237762609375 0.9347579984375001 0.8110874453125 0.908762534375 0.7964244234375 0.8801007015625 0.8330817749999999 1 0.9383883656249999 1 0.7237762609375
1 0.2146855734375 0.7071290453125 0.1925076234375 0.72821460625 0.2161399 0.7449376515624999 0.23322784375 0.7220343703125 0.2146855734375 0.7071290453125
1 0.27503879531250003 0.6024284265625 0.26376799375000004 0.6126076125 0.2786745296875 0.6253316515625 0.28812740625 0.61660661875 0.27503879531250003 0.6024284265625
1 0.3265454375 0.5447272734374999 0.31757688125 0.550805165625 0.333937690625 0.566437540625 0.3455720296875 0.5526228859375 0.3265454375 0.5447272734374999
1 0.2829090734375 0.7338181828125 0.294671740625 0.7420292890625 0.306669678125 0.7307594046875 0.29612606874999997 0.7187624968749999 0.2829090734375 0.7338181828125
1 0.3010908921875 0.749272728125 0.3110325484375 0.7602064875 0.3223033484375 0.7449376515624999 0.3099418171875 0.735849053125 0.3010908921875 0.749272728125
1 0.44472725625000004 0.40109090937499997 0.455734809375 0.38611973593750004 0.44591833750000004 0.38139365468749997 0.4382832703125 0.39375415468749997 0.44472725625000004 0.40109090937499997
1 0.4822756859375 0.2872358015625 0.4724592125 0.3010504421875 0.4888200203125 0.314865109375 0.4975457625 0.2974150015625 0.4822756859375 0.2872358015625
1 0.5910908921875 0.3874545453125 0.5753504671874999 0.40720529843750003 0.5960742 0.4210199515625 0.6113442765625 0.40320629218750004 0.5910908921875 0.3874545453125
1 0.5138181656249999 0.4756363640625 0.5040900953125 0.4919110265625 0.5211780390625 0.5049986046875 0.5342667062500001 0.4893662296875 0.5138181656249999 0.4756363640625
1 0.9465454375 0.8438181828125 0.9378332281249999 0.8635453734375 0.9509218953125 0.87190686875 0.9632833734374999 0.8522754890625001 0.9465454375 0.8438181828125
1 0.9923692515625 0.875998259375 0.9770992312500001 0.8949025359375 0.9912785765625 0.9068994984375 1 0.8865410203125 0.9923692515625 0.875998259375