0 0 0.6770000015625001 0.016916634375 0.6971163703125 0.054910043750000005 0.6611255578125 0.07024074687500001 0.6817869125 0.1069010734375 0.6444631265625 0.0895707984375 0.6198026453125001 0.24554378593749998 0.47650578125000004 0.056243228125 0.296551515625 0.016916634375 0.34120681249999996 0.06357523281250001 0.391194109375 0 0.4571773484375 0 0.6770000015625001
0 0.22554724375 0.27988908281249997 0.165333303125 0.33866666875 0.2382116796875 0.408523028125 0.2955351421875 0.34587227343750004 0.22554724375 0.27988908281249997
0 0.1382289703125 0 0.18955350937499998 0.053946470312499994 0.130333303125 0.10866666875 0.1728897234375 0.1472560890625 0.21688205625 0.105933278125 0.25487546562499996 0.1372586296875 0.20621729375000003 0.1852464390625 0.268873084375 0.2538956796875 0.31753135781249997 0.20990686875 0.343526821875 0.2332342734375 0.42351299062500003 0.164585034375 0.40484953125 0.142590628125 0.46217299375 0.09660235625 0.3728551453125 0 0.1382289703125 0
0 0.07090733906249999 0 0.010333303125 0.052000001562499995 0.050910796875 0.09660235625 0.1375624796875 0.01928863125 0.1195656125 0 0.07090733906249999 0
0 0.5394929953125 0.7957579875 0.6001491125 0.8377473375 0.63947570625 0.77642950625 0.7667869640625 0.85241025625 0.7194617734375 0.92305890625 0.7747856625 0.955717334375 0.935424590625 0.7217767484375 0.8794341093750001 0.6857859375 0.8647701015625 0.70444788125 0.6286666359375 0.53866666875 0.57148738125 0.6364650765625 0.6241450046875 0.6724559906249999 0.5394929953125 0.7957579875
0 0.5668215437499999 1 0.3881857453125 0.8964413625000001 0.361523690625 0.9424297359375 0.38351990625 0.9550931437499999 0.35219201093749997 1 0.5668215437499999 1
1 0.23919998125 0.2002000015625 0.25374247968749997 0.1887362828125 0.2389449890625 0.174739840625 0.22694706406249998 0.183937515625 0.23919998125 0.2002000015625
1 0.24619998125000003 0.16920000156249998 0.2601413359375 0.18233791562499999 0.27373902031249997 0.17394005625 0.26094118437499997 0.1559446296875 0.24619998125000003 0.16920000156249998
1 0.26933975781249997 0.2011331265625 0.2525426734375 0.214329784375 0.2697397125 0.23112550468749998 0.28213753124999996 0.2203282609375 0.26933975781249997 0.2011331265625
1 0.30119998125 0.2032000015625 0.2857369453125 0.1875365765625 0.274938765625 0.1979339578125 0.2893363 0.2163292765625 0.30119998125 0.2032000015625
1 0.794448965625 0.8898851750000001 0.78619998125 0.9022000015625 0.8016476718750001 0.9122794765625001 0.8084465453125 0.8970833265625 0.794448965625 0.8898851750000001
1 0.7660538515625 0.8706901015625 0.75819998125 0.8802000015625 0.770453115625 0.8882855749999999 0.7780517765625 0.8794877937500001 0.7660538515625 0.8706901015625