0 0.2415444375 0 0.21488238124999998 0.0352845515625 0.16155826874999998 0 0 0.0019596875 0.000333303125 0.100333334375 0.22821340937499998 0.28722054375 0.34286033125 0.13792514218750002 0.2802044390625 0.0919368203125 0.340194065625 0.0259536046875 0.3028672484375 0 0.2415444375 0
0 0.064908315625 0.4691742703125 0 0.4165210265625 0.0036666359375 0.5470000015625 0.064908315625 0.4691742703125
0 0.23287935 0.9137279859375 0.216215565625 0.9410544156249999 0.24687686874999998 0.9657147937499999 0.3088661703125 0.896399015625 0.43751061093750004 0.9963736078125001 0.615479815625 1 0.6601387390625 0.957050309375 0.2928689765625 0.653794046875 0.175333303125 0.7920000015625 0.235545515625 0.839746746875 0.1948858390625 0.88840106875 0.23287935 0.9137279859375
0 0.19155308124999998 1 0.056243228125 0.8950660421875 0 0.9720000015625001 0.0002528484375 1 0.19155308124999998 1
0 0.871435615625 0.5718148609375 0.9254263203124999 0.5011662609374999 0.8554384234375 0.447179890625 0.7994479421875 0.5164956187499999 0.69080014375 0.4205199984375 0.7474570140625 0.36186821875 0.68013528125 0.30321648749999996 0.6194791656249999 0.36653372968750003 0.5641553781249999 0.316546434375 0.44750888125 0.4605098359375 0.8154453374999999 0.7611001500000001 0.9274258937500001 0.6211357203125 0.871435615625 0.5718148609375
0 0.9000972453125 0.2332342734375 0.8561048109374999 0.1952438984375 0.9034300015625 0.13325970625 0.952754765625 0.16858400625 0.9934144406250001 0.11992976250000001 0.9494220078125 0.079939925 1 0.01662263125 0.9987469734375001 0.0032926875 0.785450525 0 0.6401421968750001 0.179914490625 0.6408087890624999 0.179914490625 0.7727858859375 0.29855097656249996 0.796115184375 0.2678921125 0.846106540625 0.2998840015625 0.9000972453125 0.2332342734375
0 0.9094289234374999 0.408523028125 1 0.49050221250000003 0.9994133625 0.294552003125 0.9094289234374999 0.408523028125
0 0.41751406874999997 0 0.41551439375 0.0046256859375 0.44217645 0.01928863125 0.4568405609375 0 0.41751406874999997 0
2 0 0.084605359375 0.046244956250000004 0.12192919687499999 0.08157210000000001 0.0792733875 0 0.01795563125 0 0.084605359375
2 0.6681373359375 0.559817940625 0.63614295 0.6018072390625 0.7234611234375 0.675121940625 0.75678869375 0.6284671296875 0.6681373359375 0.559817940625
2 0.46750542343749996 0.9983731203125 0.5414925687500001 1 0.49699996874999997 0.9620000015624999 0.46750542343749996 0.9983731203125
2 0.200333303125 0.165333334375 0.1708900484375 0.2125728171875 0.21354929843749998 0.2385662203125 0.2382116796875 0.2032418953125 0.200333303125 0.165333334375
1 0.84010761875 0.24656421874999998 0.8274431812499999 0.2632266515625 0.8454401515625 0.27855605781250004 0.8547718296875001 0.2678921125 0.84010761875 0.24656421874999998
1 0.76012145 0.182580440625 0.745457440625 0.20457487031250002 0.762787615625 0.2172383296875 0.776785234375 0.195910384375 0.76012145 0.182580440625
1 0.8534386453125 0.217904815625 0.8427737828125 0.23123476250000002 0.8674362656250001 0.2512296796875 0.8741017796874999 0.237899734375 0.8534386453125 0.217904815625
1 0.9827495781250001 0.3925270828125 0.97275130625 0.4165210265625 0.997413790625 0.43584940625 1 0.40985605312500006 0.9827495781250001 0.3925270828125