0 0 0.9740470046875 0.0792948296875 0.882514684375 0.02552635625 0.8380250703125001 0.1219541453125 0.730941146875 0.212160715625 0.8086991625 0.2499319609375 0.76648766875 0.22326990468750002 0.7420494343749999 0.2330460453125 0.7344958125 0.1681683484375 0.6722894 0.17661130625000002 0.6656244265625 0.04418978125 0.5429890015625001 0 0.5902222234375001 0 0.9740470046875
0 0.3299181296875 0.6523509437499999 0.28770320625 0.698561428125 0.378798565625 0.782984484375 0.42190227656249996 0.7332193015625 0.3299181296875 0.6523509437499999
0 0.5129976359375 0.4190768953125 0.3108103765625 0.236844509375 0.10951183906249999 0.46212061093749995 0.31392093593750003 0.6407419015625 0.36688886875 0.5791111124999999 0.3028117453125 0.5243834859375001 0.39612894375 0.4124119234375 0.46589464375 0.477284334375 0.5129976359375 0.4190768953125
0 0.497000375 0 0.38190919375 0.109264915625 0.4841137421875 0.202130209375 0.4761151109375 0.20923950625 0.46545024843749994 0.19813121875 0.42244442343750005 0.2502222234375 0.522329315625 0.3371787671875 0.582318940625 0.2771940125 0.55654560625 0.24875675468749997 0.74984558125 0.034588975 0.7925048984374999 0.067025190625 0.8356084750000001 0.019481696875000003 0.824054890625 0.01148375 0.8400521515625 0 0.497000375 0
0 1 0.6652930265625 0.9893596921875 0.65151875625 0.9182608765625 0.7243891484375 0.8844889109375 0.6906199265625 0.857382459375 0.6941745765625 0.8427183843750001 0.7141694937499999 0.8431627781250001 0.7421623937499999 0.8707134875 0.769266609375 0.7027425890625 0.94122289375 0.66141645625 0.897678425 0.5796527765625 0.9714374515624999 0.609111090625 1 0.9582539593750001 1 1 0.9589961546874999 1 0.6652930265625
1 0.69429963125 0.0074847593749999995 0.6800798140625 0.0243693703125 0.6947440265625 0.0368106328125 0.7134073843750001 0.014594056250000001 0.69429963125 0.0074847593749999995
1 0.335694921875 0.3993851796875 0.3196977296875 0.418047090625 0.3396942703125 0.43271004375000005 0.360135140625 0.4118264765625 0.335694921875 0.3993851796875
1 0.27688886875 0.5702222234375001 0.2650405 0.5830070015625 0.2819264828125 0.6003359374999999 0.2943687203125 0.586117309375 0.27688886875 0.5702222234375001
1 0.0179720859375 0.7940645078124999 0 0.7705149234374999 0.00577775625 0.8091111124999999 0.0179720859375 0.7940645078124999
1 0.024637600000000003 0.7540746703125001 0.0102222015625 0.766888890625 0.02774819375 0.7794015546875 0.03707990625 0.769181915625 0.024637600000000003 0.7540746703125001
1 0.6423085687500001 1 0.7027425890625 0.9390012359375 0.66141645625 0.8927907515625 0.580985825 0.9758807656249999 0.60764788125 1 0.6423085687500001 1
1 0.816500721875 0.852800915625 0.8018365093750001 0.8621319046875 0.8169451171875 0.8767948234375 0.82583246875 0.8652422109375 0.816500721875 0.852800915625
1 0.8129457 0.9105640125000001 0.80094785625 0.9252269656250001 0.81116825625 0.9354466046875001 0.824499284375 0.91945064375 0.8129457 0.9105640125000001
1 0.8640479734375001 0.7994811312500001 0.8529387843749999 0.812366753125 0.868047390625 0.8252523734375 0.875601559375 0.8163657437499999 0.8640479734375001 0.7994811312500001