0 0.109567340625 1 0.21688205625 0.8837356078124999 0.066907990625 0.767098584375 0 0.8520000015625 0 1 0.109567340625 1
0 0 0.7344402578125 0.02491523125 0.751102690625 0.083571775 0.674455503125 0.020333303125 0.6253333343749999 0 0.653127509375 0 0.7344402578125
0 0.31886444062499997 0.5618174015624999 0.22288107968749998 0.49050221250000003 0.1375624796875 0.596475290625 0.1808883203125 0.633132590625 0.100333303125 0.735333334375 0.24554378593749998 0.85041074375 0.40284995781250005 0.6477956125000001 0.31286551875 0.5744809625 0.31886444062499997 0.5618174015624999
0 0.26820649375 0.4438474046875 0.20533330312500003 0.39366666875 0.17622248125 0.4405149171875 0.2382116796875 0.486503240625 0.26820649375 0.4438474046875
0 0.14022864375 0.150588575 0.077572853125 0.09593581875 0.016916634375 0.17324954374999998 0.0795725265625 0.218571303125 0.14022864375 0.150588575
0 0.0975693953125 0.084605359375 0.13689588749999998 0.0439490109375 0.130896965625 0.014623145312499999 0.1162328546875 0 0 0.0006266875 0.000333303125 0.065333334375 0.020249390625 0.085271846875 0.0389128515625 0.05994500625 0.06757458125 0.085271846875 0.0975693953125 0.084605359375
0 0.255333303125 0.20366666875 0.35685785000000003 0.28122205624999996 0.44017677656250004 0.1779149796875 0.33552822656250003 0.0992683046875 0.255333303125 0.20366666875
0 0.290333303125 0.4920000015625 0.43884369375 0.6211357203125 0.5974829484375 0.41385502656249995 0.4548408859375 0.296551515625 0.290333303125 0.4920000015625
0 0.6161464078125001 0.047948009375 0.57148738125 0.1012677921875 0.52749505 0.14059111562499998 0.5588229453125 0.1665845703125 0.4808364515625 0.2638931375 0.47699996875000006 0.26200000156250003 0.6221453296874999 0.3778641625 0.788116690625 0.1845799515625 0.6441415453125 0.0712754140625 0.6161464078125001 0.047948009375
0 0.5881511671874999 0.05594598125 0.6275613453125 0.0042647499999999994 0.5254953765625 0.0052921734375000005 0.5881511671874999 0.05594598125
0 0.9227599515625 0.0012932 0.630818215625 0.0042319656249999995 0.8054470671875 0.14392360312500002 0.890765565625 0.047281496875 0.9227599515625 0.0012932
1 0.18867864375 0.5698571046875001 0.1681822328125 0.588852253125 0.1891785875 0.60634780625 0.2076753734375 0.5858530609375 0.18867864375 0.5698571046875001
1 0.2289999765625 0.5190000015625 0.21167469687499998 0.5433638984375 0.227671915625 0.5578601453124999 0.243669134375 0.5373653609375 0.2289999765625 0.5190000015625
1 0.5806109140625 0.10591146250000001 0.5471167203125 0.141402434375 0.56961283125 0.158398121875 0.6011073234375 0.1199079203125 0.5806109140625 0.10591146250000001
0 1 0.68142403125 0.7327499765625001 1 1 1 1 0.68142403125