0 0.5172727265625 0.27818181875 0.39272727343749997 0.1245454546875 0.24454545468750002 0.24272727343749997 0.37181818125 0.400909090625 0.5172727265625 0.27818181875
0 0.52818181875 0.3827272734375 0.390909090625 0.4945454546875 0.51818181875 0.6527272734375 0.6554545453125 0.5427272734375 0.52818181875 0.3827272734375
0 0.8027272734374999 0.7136363640625001 0.79 0.7245454546875 0.739090909375 0.6627272734375 0.7527272734375 0.650909090625 0.6900000000000001 0.5700000000000001 0.53818181875 0.6863636359374999 0.720909090625 0.9209090906249999 0.8690909093749999 0.7945454546875 0.8027272734374999 0.7136363640625001
0 0.34818181875 0.93 0.28545454531250003 0.9754545453125001 0.3027272734375 0.99818181875 0.40636363593749997 0.999090909375 0.34818181875 0.93
0 1 0.9545454546875 0.890909090625 0.81818181875 0.8163636359374999 0.8709090906249999 0.7463636359375 0.9327272734375001 0.7954545453125 1 1 1 1 0.9545454546875
0 0.9963636359375 0 0.8809090906250001 0.0018181812499999997 0.8072727265624999 0.06 0.9454545453125001 0.22818181875 0.999090909375 0.1727272734375 0.9963636359375 0
0 0.22181818125000002 0 0.0945454546875 0.10454545468750001 0.17090909062499998 0.20181818125 0.3127272734375 0.0836363640625 0.24272727343749997 0 0.22181818125000002 0
0 0 0.5572727265624999 0.11818181875 0.6609090906249999 0.21909090937500003 0.5527272734374999 0.046363635937499995 0.400909090625 0 0.45 0 0.5572727265624999
0 0 0.6127272734375 0.0009090906249999999 0.76818181875 0.07909090937499999 0.6772727265625 0 0.6127272734375
1 0.4672727265625 0.5054545453125 0.45909090937499997 0.4945454546875 0.4445454546875 0.5045454546875 0.450909090625 0.5145454546875 0.4672727265625 0.5054545453125
1 0.54 0.5900000000000001 0.53 0.57818181875 0.5154545453125 0.5881818187500001 0.5236363640625 0.599090909375 0.54 0.5900000000000001