0 0.156959165625 0.472706809375 0.151360159375 0.43791566406250004 0.0869713 0.443914140625 0.07977253125 0.42072002187499996 0.022582409375 0.43071748125 0.022182484375 0.44711330781249997 0 0.451512184375 0.00019998124999999999 0.6512000015625 0.05017764375 0.641463940625 0.0521772984375 0.6694568249999999 0.22174801249999998 0.6366651703125 0.156959165625 0.472706809375
0 0.366922859375 0.43871544843750004 0.3929183625 0.474306409375 0.5316944140625 0.36513414375000003 0.4133148609375 0.2051747953125 0.371322121875 0.23236788125 0.3461264671875 0.217971546875 0.291735909375 0.2611605671875 0.298134765625 0.269158534375 0.15919998125 0.3822000015625 0.2909359984375 0.5494872843749999 0.3425271140625 0.5098973703125 0.3145319546875 0.47870528593749995 0.366922859375 0.43871544843750004
0 0.5324942640625 0.9770548703124999 0.5484914984375 0.9906514515625 0.5648886265625 0.9998490656250001 0.7416580453125 1 0.940823678125 0.8402896406249999 0.8580379453125 0.76150964375 0.8296428312499999 0.780304884375 0.758055234375 0.7059237953124999 0.701265128125 0.7531117843749999 0.6880673374999999 0.741514725 0.6532734265625 0.7739065171874999 0.64327515625 0.760709859375 0.51619998125 0.8772000015625 0.5564901156250001 0.92986685 0.5212961875000001 0.961058934375 0.5324942640625 0.9770548703124999
0 1 0.2903277515625 0.9788171078125 0.27713109375 0.8324423953125001 0.3887027453125 0.8844334046875 0.45828506718749995 0.9220268796875001 0.42389381249999997 1 0.51906960625 1 0.2903277515625
0 0.6208790046875 0 0.55848976875 0.0467388234375 0.68166841875 0.20709806406250003 0.7320597296875 0.169907534375 0.7720528140625 0.22549338125 0.7251999812500001 0.2662000015625 0.8024475828125001 0.36150964375 0.8644368625000001 0.31552133125 0.8724354796875 0.32311940625 1 0.21914583125 0.9988136515624999 0.15836127656250001 0.9540213468750001 0.10432419531249999 0.9640196187500001 0.09232724375 0.8944316765625 0 0.6208790046875 0
1 0.5700877390625 0.8518866984375 0.55819998125 0.8612000015625 0.5820856640625001 0.884678384375 0.5952833937500001 0.8790797703125 0.5700877390625 0.8518866984375
1 0.6296774093749999 0.7994999890625001 0.6180794406250001 0.8106972156250001 0.6428752015625 0.8294923656250001 0.6520735609375 0.820294721875 0.6296774093749999 0.7994999890625001
1 0.799248184375 0.3002998046875 0.78319998125 0.2842000015625 0.7636542421875 0.295900928125 0.7828509953125 0.3130965390625 0.799248184375 0.3002998046875
1 0.69319998125 0.1342000015625 0.66887070625 0.1495381015625 0.685667728125 0.16953301875 0.7056642703125 0.15153759218750001 0.69319998125 0.1342000015625
1 0.64619998125 0.11720000156249999 0.6632716984375 0.13754115 0.682068375 0.1199456453125 0.66887070625 0.10394972656250001 0.64619998125 0.11720000156249999
1 0.6412755015625 0.06635924374999999 0.6204790484375 0.083154978125 0.635676371875 0.10434958750000001 0.656472825 0.089953284375 0.6412755015625 0.06635924374999999
1 0.61887935 0.040365865625000004 0.5951999812500001 0.0532000015625 0.6084811234374999 0.07195785625 0.62767775625 0.059161076562500005 0.61887935 0.040365865625000004
1 0.78719998125 0.058200001562500006 0.77405246875 0.07193243437499999 0.7876500937500001 0.083929384375 0.8000479734375 0.073931925 0.78719998125 0.058200001562500006
1 0.8180448609375001 0.0623348671875 0.81819998125 0.061200001562499995 0.832042440625 0.04793853125 0.8188447703125 0.0363414734375 0.8048471921875 0.0491382078125 0.8180448609375001 0.0623348671875