0 0.21354929843749998 0.2725999453125 0.14689415781249998 0.1839557859375 0.2022179453125 0.1359680015625 0.24354411250000002 0.1898696046875 0.25487546562499996 0.18053863125 0.2795379484375 0.2251939296875 0.33619481875 0.18387111875 0.3148650921875 0.151212740625 0.402183365625 0.0878955 0.42484607343749997 0.115221878125 0.4808364515625 0.076565065625 0.42951201406250006 0 0.192886265625 0.0019173406250000001 0 0.153878740625 0.00199996875 0.47866666875 0.1862207515625 0.360577590625 0.18955350937499998 0.3359171859375 0.171556540625 0.305924809375 0.21354929843749998 0.2725999453125
0 0 0.6752066328125 0.00558528125 0.915812140625 0.019582901562499998 0.9024821953125001 0.046244956250000004 0.9398060328125 0.1415617265625 0.878488303125 0 0.6752066328125
0 0.5721539734375 0.8105056015625 0.6214787375 0.7771807374999999 0.6081477093750001 0.7591852796875 0.65014046875 0.729192903125 0.5321608906249999 0.56656760625 0.3848529890625 0.672540634375 0.37485471875 0.653212253125 0.2215478953125 0.7551863062499999 0.2562086484375 0.806506628125 0.2515427078125 0.8085060890625 0.3486666359375 0.9570000015625 0.450175046875 0.8911518640624999 0.463506075 0.90848068125 0.57548673125 0.8311671078125 0.5721539734375 0.8105056015625
0 0.7307932296875 0.6804539375 0.7794514 0.6444631265625 0.791449446875 0.65979248125 0.9067627593750001 0.5718148609375 0.8994306515625 0.560484428125 0.9840827624999999 0.4965006984375 0.8827668671875 0.3472052984375 0.585333303125 0.55866666875 0.6728032765624999 0.694450421875 0.7174622015625001 0.66779053125 0.7307932296875 0.6804539375
0 1 0.2631843046875 0.9880821109375001 0.2731817640625 0.96199996875 0.23866666875 0.8914321578125 0.286511709375 1 0.44580456875 1 0.2631843046875
0 0.525333303125 0 0.588817759375 0.086562525 0.6454746296875 0.0439066890625 0.6214787375 0.013247825 0.6401421968750001 0 0.525333303125 0
0 0.1682237828125 0.8797789312500001 0.1035683171875 0.9257673046875 0.1242314515625 0.963091090625 0.06699996875 1 0.20755037656250003 0.9997484406250001 0.233545840625 0.9804200609375 0.1682237828125 0.8797789312500001
1 0.073381365625 0.8897623984375 0.0609230625 0.8970769234375 0.0687667796875 0.90760398125 0.07984178125 0.9002212374999999 0.073381365625 0.8897623984375
1 0.0983001296875 0.887916671875 0.089378590625 0.8768425687500001 0.07738065937500001 0.8848405296875 0.08691749062500001 0.8946841734375001 0.0983001296875 0.887916671875
1 0.2767308359375 0.718421290625 0.275538446875 0.719384615625 0.309955821875 0.7679471609374999 0.4062468734375 0.6990415921875 0.37363715468750003 0.6553603828125001 0.2767308359375 0.718421290625
1 0.33015383125 0.8516923078125 0.341642659375 0.86884458125 0.36071627500000003 0.85623240625 0.3493336375 0.8380831687500001 0.33015383125 0.8516923078125
1 0.37015383125 0.768615384375 0.3807128171875 0.78548115625 0.391172575 0.7774831953125 0.3831739390625 0.7614872687500001 0.37015383125 0.768615384375
1 0.4024615234375 0.7678461546875 0.41547604531250004 0.758411128125 0.40747745625 0.7464141718749999 0.39301838125 0.754104525 0.4024615234375 0.7678461546875
1 0.3339999859375 0.036307693749999995 0.3471801734375 0.0543945453125 0.3604086640625 0.04301283125 0.346872515625 0.02486359375 0.3339999859375 0.036307693749999995
1 0.29015383125 0.0016923078125 0.3004190375 0.0146927734375 0.3133398703125 0.0048491296875 0.3084176265625 0 0.29015383125 0.0016923078125
1 0.4124615234375 0.07015384687500001 0.42962746406249996 0.0931343765625 0.45331566562500003 0.07498516093749999 0.436395515625 0.051914078125 0.4124615234375 0.07015384687500001
1 0.5832307546875 0.038615384375 0.597290778125 0.0608348921875 0.6172873203125 0.0454541859375 0.601905365625 0.026074509375 0.5832307546875 0.038615384375
1 0.45861537031250005 0.6316923078125 0.47423513437500003 0.6531679921875 0.4942316765625 0.632865465625 0.48223372343750004 0.615639078125 0.45861537031250005 0.6316923078125