0 0 0.6391311265625 0.020333303125 0.6620000015625 0.1242314515625 0.568482375 0.0735735046875 0.5058316203125 0.1428949109375 0.44984589062499997 0.07823934375 0.373865190625 0.0089180375 0.4291844328125 0 0.41918697343750005 0 0.6391311265625
0 0.10156864218749999 0.8290828515625 0.0615755578125 0.8610747421875 0.1435614015625 0.9537178234375 0.164224534375 0.936388853125 0.1922196734375 0.9703802546875 0.24887654375 0.9250584187499999 0.270872759375 0.9517183109375 0.42151331562500005 0.8224178796875 0.3088661703125 0.6857859375 0.2648737359375 0.720443775 0.1682237828125 0.607805775 0.0495777140625 0.70178183125 0.1135665875 0.765765609375 0.068241071875 0.7957579875 0.10156864218749999 0.8290828515625
0 0.394851259375 0.15458757343750001 0.35699996875 0.1320000015625 0.284870278125 0.183913465625 0.35552476875 0.237899734375 0.4281788296875 0.191244925 0.394851259375 0.15458757343750001
0 0.52416229375 0 0.5236666359375 0.0020000015625 0.57548673125 0.053946470312499994 0.54549191875 0.0726084140625 0.5401594859375 0.10393376562500001 0.5581563546874999 0.1279276828125 0.586818084375 0.1279276828125 0.6161464078125001 0.1112652515625 0.62681116875 0.1012677921875 0.6834680375 0.1699170578125 0.7907828546875 0.0712754140625 0.7287936562499999 0.01862211875 0.75878846875 0 0.52416229375 0
0 0.9994133625 0.1759154671875 0.9760840640625 0.145923115625 1 0.1232622484375 0.99808038125 0 0.94199996875 0.0020000015625 0.73745874375 0.17058349374999998 0.9787504312499999 0.4158544875 1 0.3791971375 0.9994133625 0.1759154671875
1 0.2822041140625 0.8837356078124999 0.265333303125 0.865333334375 0.24554378593749998 0.8784036093750001 0.2635406546875 0.898398528125 0.2822041140625 0.8837356078124999
1 0.2875365453125 0.8464117203124999 0.28199996875 0.8520000015625 0.297534815625 0.8704056625 0.3268630375 0.85307669375 0.3075330875 0.8337483125 0.2875365453125 0.8464117203124999
1 0.3201309625 0.7507124000000001 0.30819998125 0.7282000015625 0.2893363 0.7427144328125 0.3041337296875 0.76310924375 0.3201309625 0.7507124000000001
1 0.347326271875 0.77990499375 0.33419998125 0.7612000015625 0.3201309625 0.7731067015625 0.3281295796875 0.7951011125 0.347326271875 0.77990499375
1 0.35892424218749996 0.7935015125 0.34372691875 0.8066982312500001 0.3561247375 0.8222942140624999 0.37612127968750003 0.80749795625 0.35892424218749996 0.7935015125
1 0.5952833937500001 0.12674390625 0.62007909375 0.0971514203125 0.580086009375 0.0511631078125 0.5731999812499999 0.0532000015625 0.54569199375 0.075956840625 0.54569199375 0.0991509125 0.56448873125 0.1195457234375 0.5952833937500001 0.12674390625
1 0.82804313125 0.09395226718750001 0.7428579109375 0.1699329421875 0.7624544984375 0.18592887656249998 0.8412409234375 0.11514684687500001 0.82804313125 0.09395226718750001
2 0.8216442140625 0.1523374078125 0.7760521234375 0.19232724375000002 0.8372416156250001 0.254311490625 0.8772346984375 0.21192227031250002 0.8216442140625 0.1523374078125
2 0.90243029375 0.2435142171875 0.85963764375 0.2855035453125 0.9220268796875001 0.34868756093750003 0.9656193171874999 0.3010995875 0.90243029375 0.2435142171875