0 0.0009090906249999999 0.529090909375 0 0.720909090625 0.090909090625 0.6563636359375 0.0009090906249999999 0.529090909375
0 0.63 0 0.359090909375 0.2136363640625 0.53818181875 0.4436363640625 0.5536363640624999 0.41363636406250004 0.5827272734375 0.3954545453125 0.610909090625 0.3863636359375 0.6363636359375 0.3827272734375 0.6463636359375 0.3563636359375 0.6672727265625 0.3354545453125 0.7027272734375 0.319090909375 0.7254545453125 0.3145454546875 0.739090909375 0.29 0.7436363640625 0.27999999999999997 0.7754545453125 0.28272727343750004 0.79181818125 0.279090909375 0.8381818187500001 0.22909090937499998 0.9027272734375 0.16818181875 0.90181818125 0.15181818125 0.89 0.139090909375 0.89181818125 0.12090909062499999 0.9072727265625 0.10545454531250001 0.9227272734374999 0.08 0.94181818125 0.089090909375 0.95 0.07181818125 0.9727272734374999 0.0736363640625 0.990909090625 0.089090909375 0.999090909375 0.0963636359375 0.999090909375 0.06 0.9854545453125001 0.0536363640625 0.9827272734375001 0.0363636359375 0.99 0.0145454546875 0.9772727265625001 0 0.63 0
0 0.48909090937500005 0.0945454546875 0.5963636359375 0.0027272734375 0.410909090625 0 0.48909090937500005 0.0945454546875
2 0.525 0.250384615625 0.58 0.20576923125 0.5253846156249999 0.13538461562499998 0.46923076874999997 0.1819230765625 0.525 0.250384615625
2 0.5715384625000001 0.099615384375 0.5411538453125 0.12192307656250001 0.5965384625000001 0.1915384625 0.6261538453125 0.1680769234375 0.5715384625000001 0.099615384375
2 0.6976923078125 0.11115384531250001 0.6415384625 0.0423076921875 0.5815384625 0.0861538453125 0.6411538453125 0.15884615468750002 0.6976923078125 0.11115384531250001
2 0.68576923125 0.0069230765625 0.6557692312500001 0.03 0.7111538453125 0.10076923125 0.740384615625 0.0776923078125 0.68576923125 0.0069230765625
2 0.70423076875 0.0019230765625 0.7415384625 0.04923076875 0.7961538453125 0.004615384375 0.7926923078125 0.00038461562500000004 0.70423076875 0.0019230765625
2 0.8915384625 0.1176923078125 0.8426923078125 0.0615384625 0.7873076921875 0.10615384531250001 0.8434615375 0.17538461562500002 0.8884615374999999 0.13999999999999999 0.8915384625 0.1176923078125
2 0.7715384625 0.11846153749999999 0.7446153843750001 0.14076923125000002 0.799615384375 0.209615384375 0.8288461546875 0.184615384375 0.7715384625 0.11846153749999999
2 0.7276923078124999 0.15307692343749998 0.6715384625 0.20038461562499998 0.72923076875 0.2684615375 0.7838461546875 0.2211538453125 0.7276923078124999 0.15307692343749998
2 0.6573076921875 0.21192307656249998 0.6303846156249999 0.23346153749999998 0.6865384625 0.3019230765625 0.715384615625 0.27923076875 0.6573076921875 0.21192307656249998
2 0.6138461546875 0.24692307656249998 0.5580769234375 0.29153846250000004 0.61576923125 0.3611538453125 0.6734615374999999 0.31423076875 0.6138461546875 0.24692307656249998