0 0.0575763109375 0.09260333125 0 0.1452566015625 0.000333303125 0.51866666875 0.14689415781249998 0.36053524375 0.045578365625 0.2645596265625 0.13556280468749998 0.1665845703125 0.0575763109375 0.09260333125
0 0.22754691875000002 0 0.17699996875 0.0570000015625 0.3101992515625 0.1752489796875 0.47483742968750003 0 0.22754691875000002 0
0 0.3035337375 0.93909725 0.28553687031249997 0.9597586046875 0.2175486484375 0.9004403875 0.12223177656249999 0.9984154671875001 0.3308623859375 0.99708249375 0.352858603125 0.9757545999999999 0.3035337375 0.93909725
0 1 0.0233040515625 0.65014046875 0.41123137343750005 0.6628050062499999 0.42256180624999995 0.634143275 0.4532207234375 0.620812246875 0.43989077656250003 0.485333303125 0.575333334375 0.7341259859375 0.8044388671875 0.8134455624999999 0.7164611453124999 0.754122528125 0.657809465625 0.7821177687499999 0.628483525 0.7594548578125 0.598491146875 0.798781553125 0.5558353625 0.887432809375 0.6398139578125 0.9994133625 0.5285089328125 0.9067627593750001 0.4365323390625 1 0.332558721875 1 0.0233040515625
1 0.0648933046875 0.36119965625 0.050350365625000004 0.343749534375 0.039806728125 0.353201671875 0.05471323593750001 0.3713788703125 0.0648933046875 0.36119965625
1 0.60472725625 0.5120000015625 0.61825215 0.5262717234375 0.6258872156249999 0.51681955625 0.614616415625 0.503368440625 0.60472725625 0.5120000015625
1 0.6782417765625001 0.587710659375 0.6949661796875 0.601161775 0.69932910625 0.5935273296875 0.6869675187500001 0.5804397796874999 0.6782417765625001 0.587710659375
1 0.752556265625 0.37287060156249996 0.7614666546875 0.35946666718750003 0.744024375 0.3446111203125 0.7338928265625 0.35634145625 0.752556265625 0.37287060156249996
1 0.8336089 0.41824323124999996 0.82401054375 0.42944037812499997 0.844007084375 0.44543631250000004 0.8520057015625 0.4345057625 0.8336089 0.41824323124999996
1 0.8698693125 0.3814525734375 0.8624038875 0.391050140625 0.87946766875 0.4049132765625 0.8850584109374999 0.39638211874999996 0.8698693125 0.3814525734375
1 0.9041066546875 0.37880000156250004 0.9130535703125 0.3681226296875 0.8957232328125 0.35319309374999996 0.8877246156249999 0.363057259375 0.9041066546875 0.37880000156250004
1 0.9333167484375 0.3091703953125 0.9210521875 0.3214339421875 0.93811596875 0.3355636921875 0.9455813109375001 0.32409993125000003 0.9333167484375 0.3091703953125
1 0.9759760390625001 0.2921080609375 0.9627733203125001 0.278133334375 0.9511803593750001 0.2891754765625 0.9677107843750001 0.3033052375 0.9759760390625001 0.2921080609375
1 0.9071879656249999 0.17130489843750002 0.902388746875 0.1809024359375 0.917052878125 0.1934325875 0.9234518375 0.18196885625 0.9071879656249999 0.17130489843750002
1 0.9507733203125 0.11346666718750001 0.939182434375 0.128115853125 0.9594456125 0.14224559375 0.9690438875 0.1299820484375 0.9507733203125 0.11346666718750001