0 0 0.9987606484375 0.1027049546875 1 0.095433484375 0.9929439234374999 0.2026876359375 0.9544082406250001 0.10415922500000001 0.7184682265625 0.08925271875 0.7246484625 0.0728919109375 0.6824773671875 0 0.7090160875 0 0.9987606484375
0 0.0383636203125 0.5810909093750001 0.0652568734375 0.6421239921875 0.19214402656250001 0.5879559343749999 0.1652396109375 0.52833471875 0.0383636203125 0.5810909093750001
0 0 0.6065454546875 0.03471669375 0.5883194734375 0 0.504340821875 0 0.6065454546875
0 0.367386440625 0.089715965625 0.4524626703125 0.23367931562500002 0.63243149375 0.1366130875 0.628795759375 0.1297057734375 0.6404301546875 0.12243489375000001 0.61534360625 0.082445084375 0.6284322734375001 0.07262935468750001 0.58589413125 0 0.3101818015625 0.00018181875 0.3288476828125 0.035184312499999995 0.379747971875 0.0061007953125 0.41028812343750004 0.0620865734375 0.367386440625 0.089715965625
0 0.6058906734375 0.41440685468750005 0.5709875953125 0.435492415625 0.595347009375 0.48057190156249996 0.79458529375 0.374780584375 0.6749696375 0.166469878125 0.4801818015625 0.2765454546875 0.5059079625 0.3173406265625 0.5415381765625 0.2998905046875 0.6058906734375 0.41440685468750005
0 0.8746195078125 0.7944720203125 0.7779089375 0.85300259375 0.8488057687499999 0.967882509375 0.9044325796875 0.9315281125 0.9102497765625 0.93770835 0.8749831046875001 0.960248065625 0.8720745593749999 0.988968015625 0.884072440625 0.9998743343750001 1 1 0.9963685828125 0.73189624375 0.9843707015625001 0.7428025625 0.9443776187499999 0.674796753125 0.9625562921874999 0.6653445875 0.8665729125 0.499932109375 0.87857079375 0.49193412500000006 0.8527570531249999 0.449399490625 0.8313062390624999 0.460305809375 0.8080375578125001 0.4188617921875 0.6065454375 0.539272728125 0.7717281984375 0.833007675 0.8666209578125 0.7784760796875 0.8746195078125 0.7944720203125
1 0.42015264218750004 0.11009746406250001 0.413836346875 0.0929090921875 0.393611765625 0.10718912968750001 0.39979255937499997 0.12136732187499999 0.42015264218750004 0.11009746406250001
1 0.45032925312499994 0.156994696875 0.44474543750000006 0.1429090921875 0.42015264218750004 0.1544498453125 0.42815124843749996 0.16790101562499998 0.45032925312499994 0.156994696875
1 0.4714165265625 0.196620940625 0.46383634687499997 0.18018181875 0.44342137968750006 0.1929855015625 0.4536013921875 0.20898141250000002 0.4714165265625 0.196620940625
1 0.641932471875 0.5624154921875 0.6582932796875001 0.55114560625 0.65138540625 0.5384215671875 0.6535668125 0.5340590515625 0.63320673125 0.5471466015625001 0.641932471875 0.5624154921875
1 0.6768355500000001 0.5827739203125 0.6683818015625 0.5620000015625 0.6517489453125 0.5733218109375 0.6597476062500001 0.5900448 0.6768355500000001 0.5827739203125
1 0.6921056265625001 0.6067678453124999 0.6874727109375 0.5920000015625 0.6633833421875 0.6067678453124999 0.6721090843749999 0.61876480625 0.6921056265625001 0.6067678453124999
1 0.7073757015625 0.634397153125 0.7011090734375001 0.621090909375 0.6859248874999999 0.6285804828125 0.691378490625 0.6445763953125 0.7073757015625 0.634397153125
1 0.7753639328124999 0.7496868328125 0.7656545296874999 0.731090909375 0.7480959203124999 0.7413253109375 0.7550038515625 0.7609566625 0.7753639328124999 0.7496868328125
1 0.8083818015625001 0.64018181875 0.8186292125 0.6595279171875 0.8400800265624999 0.646803878125 0.8273549546875 0.6297173500000001 0.8083818015625001 0.64018181875
1 0.8611090734375001 0.6338181828125 0.8822545734375 0.6220828765624999 0.8720745593749999 0.605359859375 0.8498965546875 0.619538053125 0.8611090734375001 0.6338181828125
1 0.8256545296875 0.7529090921875 0.8371714828125001 0.77186298125 0.8528050984375 0.7605931515625 0.8422614890625001 0.7424159546875 0.8256545296875 0.7529090921875
1 0.8074727109375001 0.8556363640625 0.8226285437499999 0.8769734187499999 0.8458972234375001 0.8624316593750001 0.8273549546875 0.8417096093750001 0.8074727109375001 0.8556363640625
1 0.8274727109375 0.8883636375 0.840443621875 0.9082381671875 0.8618944359375 0.8911516125000001 0.8466244156249999 0.8729744125 0.8274727109375 0.8883636375
1 0.8456545296875 0.9138181828124999 0.8597129734375001 0.9336862453125001 0.880073109375 0.9205986953125 0.8640758984374999 0.9002402109375 0.8456545296875 0.9138181828124999
1 0.14996947968750002 0.9416842015625001 0.1511090734375 0.9420000015625 0.17401339843750002 0.934413321875 0.166378359375 0.9187809765624999 0.14378874218749998 0.9289601624999999 0.14996947968750002 0.9416842015625001
1 0.12745452968749998 0.8838181828125 0.1343358359375 0.9031485734375 0.15396881093749998 0.8962412046875 0.147788071875 0.8798817265625001 0.12745452968749998 0.8838181828125