0 0.2105 0.4255 0.568 0.9775 0.749 0.8404999999999999 0.7055 0.778 0.7474999999999999 0.7445 0.6865 0.646 0.6315000000000001 0.683 0.41550000000000004 0.38849999999999996 0.4795 0.3365 0.42699999999999994 0.26549999999999996 0.364 0.3135 0.3065 0.2405 0.394 0.1785 0.356 0.1325 0.2805 0.192 0.142 0.020499999999999997 0.154 0.014499999999999999 0.14550000000000002 0.0005 0.0015 0 0 0.1335 0.2105 0.4255
1 0.1975 0.158 0.186 0.14650000000000002 0.1705 0.1545 0.182 0.16999999999999998 0.1975 0.158
1 0.26549999999999996 0.2325 0.2475 0.20750000000000002 0.2285 0.2225 0.2495 0.24700000000000003 0.26549999999999996 0.2325
0 0.47307692343749996 0.14076923125000002 0.4969230765625 0.174615384375 0.5115384625 0.16076923125 0.5430769234375 0.2015384625 0.5238461546875001 0.21615384531249998 0.5469230765625 0.24692307656249998 0.5661538453125 0.2330769234375 0.5984615375 0.27999999999999997 0.5823076921875 0.295384615625 0.6015384625 0.31923076875 0.6207692312499999 0.3084615375 0.6523076921875 0.3530769234375 0.635384615625 0.3676923078125 0.6584615375 0.39615384531250003 0.674615384375 0.3838461546875 0.7330769234375001 0.455384615625 0.6538461546875001 0.504615384375 0.6930769234375 0.5569230765625 0.7976923078125 0.48230769218749997 0.8338461546874999 0.52923076875 0.7284615375 0.61 0.7630769234375 0.6569230765625 0.8184615375 0.62 0.8523076921875001 0.6661538453125 0.9038461546875001 0.6307692312500001 0.945384615625 0.6830769234375 0.8446153843750001 0.7553846156249999 0.90923076875 0.84923076875 0.99923076875 0.7853846156250001 1 0.485384615625 0.644615384375 0.0007692312500000001 0.3969230765625 0 0.4915384625 0.13 0.47307692343749996 0.14076923125000002
1 0.476 0.012 0.46799999999999997 0.0025 0.4535 0.013000000000000001 0.46299999999999997 0.025 0.476 0.012
1 0.54 0.0965 0.522 0.0725 0.5015 0.08499999999999999 0.5205 0.11200000000000002 0.54 0.0965
1 0.5974999999999999 0.174 0.5805 0.14850000000000002 0.5589999999999999 0.161 0.576 0.1855 0.5974999999999999 0.174
1 0.6525000000000001 0.2485 0.6355000000000001 0.22349999999999998 0.6125 0.23399999999999999 0.631 0.264 0.6525000000000001 0.2485
1 0.706 0.325 0.687 0.29900000000000004 0.6695 0.31 0.687 0.337 0.706 0.325
1 0.759 0.39849999999999997 0.7424999999999999 0.3755 0.7235 0.3835 0.743 0.41 0.759 0.39849999999999997
0 0.91923076875 1 0.8330769234375 0.8669230765625 0.7830769234375 0.8976923078124999 0.7915384624999999 0.9115384625 0.6676923078125 1 0.91923076875 1
0 1 0.0638461546875 0.99923076875 0.0015384625000000002 0.9584615375000001 0.0030769234375 1 0.0638461546875