0 0 0.9983117734375 0.1271893375 1 0.16868210156250002 0.975817490625 0.10569303906250001 0.8848405500000001 0.0971945234375 0.8903391828125 0 0.7403772953125001 0 0.9983117734375
0 0.6555979468750001 0.7423132359375 0.7860754156249999 0.6538357375 0.7345842265625 0.5743559296875 0.7080888703125 0.5928512515625 0.6680957859375 0.53836516875 0.685592759375 0.5248685375 0.6311021375 0.447388228125 0.6186042984375 0.44688832500000003 0.576611590625 0.3769061109375 0.46113152968750004 0.45838541875 0.48712709531250004 0.49637575624999997 0.3927499765625 0.5640000015625 0.5421175859375 0.7843026109375 0.6356014046875 0.7188192234375 0.6555979468750001 0.7423132359375
0 1 0.1474644328125 0.9240515859375 0.2139475328125 0.9150530515625 0.20195059375 0.8345669375 0.259435965625 0.8435654734375 0.276431653125 0.7427499765625 0.3540000015625 0.8110710937500001 0.44988759375000004 0.9155529953125001 0.3774060140625 1 0.49637575624999997 1 0.1474644328125
0 0.3816453046875 0 0.3336535734375 0.0263725328125 0.314156975 0.0008790203124999999 0.07819779375 0 0.14718587968750002 0.0858574234375 0.13618772031249998 0.0943552484375 0.17318136875 0.1418431796875 0.1871789625 0.13734435312499998 0.1991768578125 0.15134077343750002 0.18867864375 0.1578391375 0.22267277968750002 0.2108256625 0.23667037500000002 0.1968292046875 0.3027499765625 0.2977500015625 0.3151567875 0.2889284765625 0.3201559234375 0.2949269765625 0.45963184999999995 0.19045351875 0.4226382015625 0.1374669734375 0.5031243140625 0.0749828546875 0.4466340671875 0 0.3816453046875 0
0 1 0.6773774296874999 0.9440481281249999 0.5988973515625 0.79057460625 0.7053703078125 0.831067634375 0.7713535234375 0.8455650968749999 0.760856275 0.904554834375 0.8438351031250001 0.8835585578125 0.858831290625 0.9465476953125 0.9533073265625 1 0.91831621875 1 0.6773774296874999
1 0.0222595234375 0.9747987046875 0.015538446875 0.9624615390625 0.0041088359375 0.9704921265625 0.009338690625 0.9831042765625 0.0222595234375 0.9747987046875
1 0.558782159375 0.5764383953125 0.5493846015625 0.5632307703125 0.52709536875 0.5761307859375 0.5394009328125 0.5893581921875 0.558782159375 0.5764383953125
1 0.4901786765625 0.624733815625 0.50679116875 0.6111988015625001 0.49707690937500004 0.5955384625 0.49540848437499996 0.5939724046875 0.47941130625 0.6075074296875 0.4901786765625 0.624733815625
1 0.35246152343750003 0.0432307703125 0.3658924 0.0610088390625 0.3803514765625 0.0499347359375 0.3683535703125 0.0339387875 0.35246152343750003 0.0432307703125
1 0.40015383125000004 0.1040000015625 0.41296124062499995 0.1213012515625 0.426189684375 0.1096118578125 0.4135764625 0.09146264374999999 0.40015383125000004 0.1040000015625
1 0.9032307546875 0.3324615390625 0.9157688078125 0.34810388593749997 0.9366882765625 0.3296470375 0.9246903234375001 0.31549679375 0.9032307546875 0.3324615390625