0 0 0.762233234375 0.1001689984375 0.7234431046875 0.04977771875 0.5694822328125 0.0937701125 0.5526865453124999 0.143761496875 0.705847540625 0.2073504765625 0.6782545765625 0.181354971875 0.616670253125 0.3149318484375 0.5662830343749999 0.3357283015625 0.62986685 0.39931728125 0.6094720703125 0.3769211296875 0.540289640625 0.4629062609375 0.510697215625 0.4873020671875 0.5802794765625 0.5520908515625 0.5546860375 0.5268951953125 0.49350151249999996 0.66207183125 0.443914140625 0.689267203125 0.5238938125 0.7928492671875 0.49030234375 0.70419998125 0.2362000015625 0.01298409375 0.477505578125 0.022182484375 0.49750049687500003 0 0.5058983875 0 0.762233234375
0 0.7052644375 0.8234176968750001 0.7808513406250001 0.7458373765624999 0.726460721875 0.6966499265625 0.69886551875 0.730241365625 0.68166841875 0.711846015625 0.66367153125 0.70784703125 0.6508738187499999 0.7134456453125 0.6368762375 0.739439040625 0.6376760265625 0.7558348359375 0.65219998125 0.7632000015625 0.6624717875 0.760633665625 0.67486966875 0.7558348359375 0.6580725234375 0.7794288765624999 0.7052644375 0.8234176968750001
0 1 0.6002743953125 0.9528216046875 0.54748779375 0.77019998125 0.7182000015625001 0.81764490625 0.7706565328125 0.8668364734375 0.7242682984375 0.9200272265624999 0.7758551625 0.8668364734375 0.8274420890625 0.961620009375 0.925017265625 1 0.8882266281250001 1 0.6002743953125
0 0.93242510625 0.5199202374999999 0.88319998125 0.46720000156249997 0.8120458984375001 0.5379156640625 0.857637990625 0.5875030375 0.93242510625 0.5199202374999999
1 0.9200272265624999 0.7755060859375 0.8684361718750001 0.8274928734375001 0.9192274375 0.87308129375 0.9680189265625 0.8254933812499999 0.9200272265624999 0.7755060859375
1 0.396517778125 0.5030990796875 0.374921475 0.510697215625 0.38172034843749997 0.525093490625 0.402516740625 0.520694675 0.396517778125 0.5030990796875
1 0.42219998125 0.49320000156250005 0.43011194374999995 0.5082977703125 0.44730898124999996 0.5010995874999999 0.43931036562500003 0.48590346875 0.42219998125 0.49320000156250005
1 0.36852261875000003 0.48350405468749996 0.3733217765625 0.4963008203125 0.390118859375 0.4899024515625 0.38571965625 0.474306409375 0.36852261875000003 0.48350405468749996
1 0.41419998125 0.4612000015625 0.42091352187500003 0.4807047765625 0.433311403125 0.47590600937499994 0.4289121390625 0.45911025937499994 0.41419998125 0.4612000015625
1 0.3553248890625 0.44951269375 0.36219998124999997 0.4642000015625 0.37612127968750003 0.46030996718750006 0.3705222734375 0.443114325 0.3553248890625 0.44951269375
1 0.41019998125 0.43820000156249994 0.42651259062499997 0.43471646562500005 0.42291317656249994 0.42151980624999996 0.40731589843749993 0.42751828124999997 0.41019998125 0.43820000156249994
1 0.027199981249999998 0.6282000015625 0.034980290625 0.6386646625 0.051377448437499994 0.633465971875 0.046578259375 0.6214690203125001 0.027199981249999998 0.6282000015625
1 0.044178681250000004 0.7022484796875 0.02319998125 0.7122000015625 0.0329806359375 0.730241365625 0.05057756875 0.7250426734375 0.044178681250000004 0.7022484796875
1 0.0581762609375 0.659859228125 0.03919998125 0.6662000015625 0.048177990625 0.6798541453125 0.0641752234375 0.67425559375 0.0581762609375 0.659859228125