0 0.314570409375 1 0.527456709375 0.9980675328125 0.6345151296875 0.87256098125 0.45300800781249995 0.72890518125 0.4117843859375 0.7768930046875 0.45916079062500004 0.8122686187499999 0.41147672812499997 0.8685619890625 0.36440798124999996 0.8356472875 0.27169229375000004 0.9470769234375 0.2831912296875 0.9574625234375 0.27211624843750004 0.972227965625 0.314570409375 1
0 0.19797520468750002 0.4559537234375 0.22781618906249998 0.41842482031249995 0.177671028125 0.372897909375 0.1395237734375 0.415041046875 0.19797520468750002 0.4559537234375
0 0.8557076296874999 0.5823831265625 0.894777834375 0.5380866875 0.8141763515625 0.46610499843750003 0.77479858125 0.5147080171875 0.6757387515625 0.44949383125000003 0.6388220578125 0.4937902703125 0.6717394796875 0.52024508125 0.6311310796875 0.5679252703125 0.6148262453125 0.5543902453125 0.5717567234375001 0.60668469375 0.55729769375 0.5949953 0.48630767812500003 0.68630769375 0.665279040625 0.8337158375 0.8658596828125 0.589458259375 0.8557076296874999 0.5823831265625
0 1 0.1390603546875 0.85007090625 0.09445630625 0.85007090625 0.09968575468749999 0.787076909375 0.0855384625 0.771722190625 0.140906034375 0.8190985953125001 0.156286740625 0.8040242984375 0.21165728437500003 0.750187453125 0.1987374875 0.700042221875 0.3694633421875 0.92277291875 0.43775366875 0.9378473093749999 0.38361363437499996 0.950976590625 0.38422880625 1 0.20735069374999998 1 0.1390603546875
1 0.3201692171875 0.90630769375 0.33631359375000003 0.9186718296875 0.347388596875 0.9014454203125 0.331391371875 0.8879104171875 0.3201692171875 0.90630769375
1 0.33631359375000003 0.9592768859374999 0.32555383125000004 0.950923078125 0.3113948296875 0.9645063171875 0.322469834375 0.9737347406250001 0.33631359375000003 0.9592768859374999
1 0.5240153703125 0.6670769234375 0.5128984703125 0.6848850796875 0.52920330625 0.6978048765625 0.5433547234375 0.6799632812499999 0.5240153703125 0.6670769234375
1 0.551707678125 0.6740000015625001 0.56089014375 0.6575074296875 0.5445852609374999 0.64366479375 0.53351028125 0.6562769687500001 0.551707678125 0.6740000015625001
1 0.5693999859375001 0.6478461546875 0.5796561484375 0.6350516015625 0.5630436078125001 0.6221318046875 0.5541220921875001 0.6381277421875 0.5693999859375001 0.6478461546875
1 0.731707678125 0.3270769234375 0.724554140625 0.348565115625 0.7571639046875001 0.35533264062500003 0.7596250265625 0.33349201875 0.731707678125 0.3270769234375
1 0.776545178125 0.285811840625 0.7501692171875 0.278615384375 0.741474290625 0.3011925484375 0.77070000625 0.3076524515625 0.776545178125 0.285811840625
1 0.7916194765625 0.2381316515625 0.7593999859375 0.23092307812500001 0.7525493187500001 0.25135905625 0.78515908125 0.25781894843750003 0.7916194765625 0.2381316515625
1 0.8485327109374999 0.2805823984375 0.8654528625 0.28488898906250004 0.8663758343750001 0.2725844234375 0.850686221875 0.2688930640625 0.8485327109374999 0.2805823984375
1 0.873143840625 0.255665659375 0.8578615234375 0.249384615625 0.8537626125 0.2621255515625 0.869759790625 0.2676626265625 0.873143840625 0.255665659375