0 0 0.19907633125 0.021527040625 0.21418360937499997 0 0.2479527984375 0.0055298140625 0.49144648437500005 0.05041093437500001 0.5136630609374999 0.095292090625 0.44656900781250003 0.0792948296875 0.4381267015625 0.2032733625 0.24884149843749997 0.2188262296875 0.2599497875 0.2601524296875 0.19241135781250002 0.10906744531250001 0.090659459375 0.0806279453125 0.1319822703125 0.0455228984375 0.1115430265625 0 0.18130307031249998 0 0.19907633125
0 0.45567417499999996 1 0.4925566984375 0.9536077281249999 0.407682459375 0.8918456734375001 0.4223466046875 0.8682960890625001 0.508109565625 0.9242818203125 0.5587674453125 0.8425248484375001 0.32725196562500003 0.6976727796875 0.1424444234375 0.9846666687500001 0.1921641734375 1 0.45567417499999996 1
0 0.6378648921875001 0.70389339375 0.68185725625 0.6354663656249999 0.60764788125 0.585701215625 0.6245338640625 0.5652619734375001 0.652084709375 0.5839238828125 0.6800798140625 0.5359360984375 0.6587502234375 0.5194958125 0.6787467656249999 0.48617096562500006 0.5303279453124999 0.387529365625 0.522329315625 0.4088572734375 0.497889096875 0.4133005890625 0.48500246249999995 0.43773885625000003 0.49033486093749995 0.46128839062500004 0.39612894375 0.604363159375 0.3721330515625 0.6132497906250001 0.3588020234375 0.637243665625 0.35924641875 0.659460240625 0.34577775625 0.6757777796875 0.5578787234375 0.809199984375 0.6303107234375 0.6972284203125 0.6378648921875001 0.70389339375
0 0.69874330625 0.1559761703125 0.6009823671875 0.2990509234375 0.5787639875 0.3048272453125 0.5632111203125 0.3305984546875 0.5645442375 0.347038740625 0.5574343953125 0.36036868593750004 0.6991877015625 0.452345296875 0.7622878203125001 0.3537037140625 0.8431627781250001 0.40124717343749994 0.8955981015625 0.31904584062499997 0.818722559375 0.271502365625 0.880045234375 0.18174741249999998 0.7338483203124999 0.091103775 0.7324444234375 0.0880000015625 0.7249609687499999 0.10221206249999999 0.709408103125 0.1044337203125 0.6929664468750001 0.133759603125 0.69874330625 0.1559761703125
0 0.76806468125 0.0266192765625 0.7711751718750001 0.0408378546875 0.7579999796875 0.05911111249999999 0.9049298484375001 0.1501434015625 0.9973582546875001 0 0.7796181296875 0.00084801875 0.76806468125 0.0266192765625
0 0.370800003125 0.00084801875 0.15261548281249998 0 0.11355553437499999 0.06577777968750001 0.2797046453125 0.17680329374999998 0.3281406859375 0.101711259375 0.3134765421875 0.08704833906250001 0.370800003125 0.00084801875
1 0.5424444234375 0.7068888906249999 0.5258842687499999 0.734552275 0.553435046875 0.7532142187499999 0.5720984734375001 0.7198893546875 0.5424444234375 0.7068888906249999
1 0.5724444234375 0.65355555625 0.5547681625 0.687453140625 0.5867626171875 0.70300474375 0.6040929953124999 0.664347915625 0.5724444234375 0.65355555625
1 0.46022220156250004 0.726888890625 0.4721157625 0.7123356984375 0.45211922031249996 0.6972284203125 0.4441206578125 0.7123356984375 0.46022220156250004 0.726888890625
1 0.49577775625 0.7024444453124999 0.5045546109375 0.6887861484375 0.4765594375 0.6683468718750001 0.4685608765625 0.6812324921874999 0.49577775625 0.7024444453124999
1 0.46811648124999994 0.8567434437499999 0.46911109062499995 0.861333334375 0.47789255468749997 0.8407475484375 0.46633903749999994 0.8340825765625001 0.457007290625 0.8487454624999999 0.46811648124999994 0.8567434437499999
1 0.49466664531250004 0.8791111125000001 0.5067764484375 0.882514684375 0.514330684375 0.8634084156249999 0.5005553296875 0.8567434437499999 0.49466664531250004 0.8791111125000001
1 0.30814414375 0.8602981078124999 0.3210307765625 0.840303190625 0.305033584375 0.8314165593749999 0.29614623125 0.8469681625 0.30814414375 0.8602981078124999
1 0.256597475 0.9313911515625 0.26244442343749996 0.9191111125000001 0.24593267968750002 0.910951875 0.23971155937500002 0.9211715125 0.256597475 0.9313911515625
1 0.2702222015625 0.9080000015625 0.2819264828125 0.8958446296875 0.268151059375 0.8842919828125 0.25615314843750003 0.8993992953125 0.2702222015625 0.9080000015625
1 0.5513333125 0.551333334375 0.5645442375 0.5603743328124999 0.57476470625 0.5488217203125 0.561433678125 0.5372690734375001 0.5513333125 0.551333334375
1 0.6996319609375 0.3208231734375 0.69874330625 0.325266490625 0.6885227703125001 0.339040759375 0.7111855453125 0.35148205625 0.7254053640625 0.3332644703125 0.6996319609375 0.3208231734375
1 0.758732934375 0.22395890624999998 0.7454019062499999 0.23951050937499999 0.7742858 0.25328481406250003 0.783617546875 0.2381775015625 0.758732934375 0.22395890624999998
1 0.9113333125 0.0124444453125 0.9084847343750001 0.026591028125 0.9267038328125 0.0332560015625 0.9342581375 0.017704398437499998 0.9113333125 0.0124444453125
1 0.15466664531250002 0.2002222234375 0.14772741250000002 0.214098984375 0.16594651093749999 0.2238741953125 0.17394514218749998 0.214098984375 0.15466664531250002 0.2002222234375
1 0.11244442343750001 0.26466666875 0.0988469765625 0.28519199375 0.1197323078125 0.2998548796875 0.13795133906249998 0.28208161875000004 0.11244442343750001 0.26466666875
1 0.0406348265625 0.2523114203125 0.05352149375 0.23720417500000002 0.03485806875 0.22254122187499997 0.0241932390625 0.2447577984375 0.0406348265625 0.2523114203125
1 0.1079999796875 0.11355555625 0.0944033 0.1421172234375 0.11351112031249999 0.152336828125 0.1330633359375 0.128787278125 0.1079999796875 0.11355555625
1 0.063555534375 0.176888890625 0.054854610937500006 0.194104065625 0.06951875468749999 0.203879278125 0.08018355 0.1932153484375 0.063555534375 0.176888890625
1 0.0126396875 0.3581187984375 0 0.3532311578125 0.0013333124999999999 0.3702222234375 0.0126396875 0.3581187984375
1 0.04577775625 0.35466666875 0.06951875468749999 0.36345076249999997 0.08018355 0.34301151875 0.061964518749999996 0.33412488906250004 0.04577775625 0.35466666875