0 0 0.3576462078125 0.037968628125 0.4047453765625 0.2050508734375 0.266113921875 0 0.01466666875 0.00064174375 0.3038821015625 0.018416446875 0.32609867656249997 0 0.34298335625 0 0.3576462078125
0 0.10951183906249999 0.6096386953125 0.120176634375 0.6060840296875 0.1197323078125 0.6309665546875001 0.138840059375 0.6549604984374999 0.16994579375000002 0.6576264453125 0.2072727125 0.62741195625 0.26415177968750003 0.70250395625 0.438343865625 0.5634281765625 0.4143479734375 0.5336579796875001 0.42812339687499995 0.5243270234375 0.38946342968750003 0.47500619843749997 0.37702112187500003 0.48567016093750004 0.25482003125 0.33148713750000003 0.0846666453125 0.4680000015625 0.12462031093749999 0.5127743765624999 0.06551940625 0.5576518874999999 0.10951183906249999 0.6096386953125
0 0.78850548125 1 0.667637575 0.8527162546874999 0.6596388765625 0.8602698765625 0.611202834375 0.7980634656250001 0.6347544 0.7789289640625 0.5983162015625 0.7376061203125001 0.5876513390625 0.7487144078125 0.4614509671875 0.589643778125 0.2924444234375 0.731333334375 0.3432491578125 0.7878438265625001 0.36591193125 0.770070565625 0.3979063859375 0.8109490515625 0.301923025 0.8847081109375001 0.374799284375 0.973574415625 0.441454425 0.9193659828125 0.44811993906250003 0.92603095625 0.5361047375 0.8620471765625 0.5601005609375 0.8940391 0.479670065625 0.9562455125 0.504110284375 0.9815723953125 0.49522293125 0.9909033171875 0.506332121875 1 0.78850548125 1
0 1 0.25544999218750003 0.9715849875 0.28077694375 0.9413680453125 0.23812105625000002 0.9658082640625001 0.2181261375 0.9173720875000001 0.15325374375 0.739111090625 0.29133333437500003 0.8711578828125001 0.45095582656250005 0.8591600390625 0.45673215 0.8947094468750001 0.49761063749999995 0.9093735234375 0.4896127234375 0.9600314031250001 0.5460428125 0.94847781875 0.5549294437500001 0.99958009375 0.6233564703125001 1 0.4202969796875 1 0.25544999218750003
0 0.5663217484375 0.07455058125 0.66941501875 0 0.49688886875 0.00022222343749999998 0.5663217484375 0.07455058125
1 0.16461339531250002 0.655905609375 0.208161434375 0.624358078125 0.16355553437499998 0.5657777796875 0.1197323078125 0.60036416875 0.1197323078125 0.6314673765625 0.13350766249999999 0.6523509437499999 0.16461339531250002 0.655905609375
1 0.28770320625 0.6616818984374999 0.2746666453125 0.6480000015625 0.257486265625 0.6665695734375 0.2654848265625 0.679455159375 0.28770320625 0.6616818984374999
2 0.2899250453125 0.5989746984375001 0.3116990984375 0.5798684296875 0.2765940171875 0.5332136546874999 0.28681448593750003 0.5256599984375 0.2663736171875 0.5021104484375 0.25348691562500003 0.5105527203125 0.24237772500000002 0.49900010625 0.2002222015625 0.5357777796875001 0.2797046453125 0.6327439218750001 0.3028117453125 0.613637653125 0.2899250453125 0.5989746984375001
1 0.25170947187500003 0.4679533625 0.24133331249999998 0.45244444531249994 0.2237143 0.4706193625 0.2343790953125 0.48306064062500004 0.25170947187500003 0.4679533625
1 0.47244442343750004 0.7724444453125 0.45745168593749996 0.7874278 0.471227040625 0.8065339671875 0.48455806875 0.788760740625 0.47244442343750004 0.7724444453125
1 0.45034177656249996 0.8700733875 0.4413333125 0.85466666875 0.42723467499999995 0.8665187234375 0.4387881921875 0.8767383609375001 0.45034177656249996 0.8700733875
1 0.46367280468749994 0.88295904375 0.44767554374999996 0.894511621875 0.45834040624999994 0.9056199093749999 0.47256015625 0.8936229718750001 0.46367280468749994 0.88295904375
1 0.5561012796875 0.8927343234375 0.4747819953125 0.9598283421874999 0.5014440515625 0.987821240625 0.5845407796875 0.9260591874999999 0.5561012796875 0.8927343234375
1 0.06418635624999999 0.1723317453125 0.0424444234375 0.186888890625 0.05840956562500001 0.20076903750000002 0.07396243125 0.1883276734375 0.06418635624999999 0.1723317453125