0 0.068241071875 0.48916918750000005 0.121565184375 0.47450626875 0.1089007484375 0.4145215125 0.2668734109375 0.3498712984375 0.297534815625 0.41252200156249996 0.43884369375 0.3465388109375 0.448175371875 0.3771976765625 0.5048322421875 0.35586973125 0.471504671875 0.276556596875 0.5294947249999999 0.254562165625 0.4795033703125 0.12526168437500002 0.0109177125 0.30254995 0 0.4605098359375 0.0529104703125 0.43651594375 0.068241071875 0.48916918750000005
0 0.35152541875 0.7717640453125 0.409515471875 0.7397721546875 0.43884369375 0.7744300953125001 0.5761533234375 0.6864523734375 0.47483742968750003 0.53049205 0.5061654265625 0.51049713125 0.4528413140625 0.4285179453125 0.22621383593750002 0.5271595640625 0.24820995156249998 0.5624838890625 0.165333303125 0.615333334375 0.3015340640625 0.8197518296874999 0.3595241171875 0.77842901875 0.35152541875 0.7717640453125
0 0.086238040625 1 0.216215565625 0.9123950125 0.1808883203125 0.8550762046875 0.132896640625 0.88840106875 0.1009021515625 0.8337483125 0.1488938328125 0.7917589640625 0.12223177656249999 0.7531021015625 0.1755558890625 0.7217767484375 0.1408952359375 0.6691235046874999 0.08890420624999999 0.69844934375 0.0342470125 0.7317742078125 0.0049186890625 0.6844529625 0.0615755578125 0.6504615609375 0.044245282812499995 0.6118046984375 0 0.6258011812500001 0.000919440625 0.997706684375 0.086238040625 1
0 0.73745874375 0.9170604718750001 0.6374760312500001 0.7611001500000001 0.5608226203125 0.807754959375 0.5768198140624999 0.85041074375 0.537493321875 0.8764040984375001 0.57548673125 0.9343894421875 0.5181632703125 0.9717132296875001 0.4515081296875 0.8744046875 0.35685785000000003 0.9317233921874999 0.3895189296875 1 0.62481149375 0.9997060937500001 0.73745874375 0.9170604718750001
0 1 0.8344148499999999 0.9987469734375001 0.6811204765625 0.9700851421875001 0.6204691828125 0.9580872984375001 0.6298001046875 0.8880994015624999 0.5118301062499999 0.776785234375 0.3185458953125 0.64199996875 0.375333334375 0.8334421046875 0.69844934375 0.8574379953125 0.68245345 0.97275130625 0.8604082046875 1 0.8344148499999999
0 1 0.485170215625 0.9967471984375 0.21057335625 0.88199996875 0.26200000156250003 1 0.485170215625
0 0.0002528484375 0 0.0089180375 0.07585618125 0.20888345937500002 0 0.0002528484375 0
1 0.39654543750000004 0.6256363640625 0.408106659375 0.63880595 0.42773966249999995 0.6246276734375 0.41719599687500003 0.6140848937500001 0.39654543750000004 0.6256363640625
1 0.39647231875 0.478846546875 0.39472725625 0.47927272812500005 0.41246958593749994 0.51229258125 0.432466128125 0.5021133671875 0.41865032500000005 0.47448403125 0.39647231875 0.478846546875
1 0.3557520984375 0.5319239609374999 0.3415727546875 0.5075665265625 0.32593908437499997 0.5170186640625001 0.344117759375 0.5399219453125 0.3557520984375 0.5319239609374999
1 0.3372098296875 0.6475309546875 0.3281204921875 0.631898553125 0.3110325484375 0.6435319765624999 0.323030484375 0.6580737078125 0.3372098296875 0.6475309546875
1 0.30563634687499996 0.5983636375 0.3146682828125 0.6206287515625 0.32957481875 0.6122671734375 0.31830401875000003 0.5922722546875 0.30563634687499996 0.5983636375
1 0.6866040328125 0.42976811093749995 0.70041978125 0.4217701546875 0.6935119078125 0.4035929703125 0.6738789609375 0.4159534296875 0.6866040328125 0.42976811093749995