0 0.23699996875 0.375333334375 0.448175371875 0.18991195156250001 0.3181978484375 0.042616035937500005 0.09290355624999999 0.23123476250000002 0.23699996875 0.375333334375
0 0.37485471875 0 0.32699996875 0.030333334375 0.46550575 0.18657946406249998 0.60948089375 0.0526134953125 0.5588229453125 0.0012932 0.37485471875 0
0 0.80611345625 0.5724813484375 0.9894150921874999 0.41252200156249996 0.8341086953125 0.22923524843749998 0.7736666359375 0.285333334375 0.8621039375 0.40319107968749995 0.7534559359374999 0.5064981578125 0.80611345625 0.5724813484375
0 0.8347752875 0.2032418953125 0.724127715625 0.08193936093750001 0.65699996875 0.140333334375 0.7221281421875 0.21390584218750003 0.8161117265625 0.218571303125 0.8347752875 0.2032418953125
0 1 0.4538448625 0.925333303125 0.525333334375 0.9754176749999999 0.5838118328124999 1 0.55315296875 1 0.4538448625
0 1 0.6577930703125 0.92699996875 0.7320000015625 0.9647528124999999 0.769098096875 0.99808038125 0.728441721875 1 0.6577930703125
0 0 0.3465811578125 0.0002528484375 0.5991835859375 0.0386666359375 0.6420000015625 0.126897615625 0.5631927734375 0.08890420624999999 0.521203425 0.121565184375 0.4898780734375 0 0.3465811578125
0 0.567488134375 0.987085034375 0.5588229453125 0.9824195734375 0.7407915 0.8217936874999999 0.54349224375 0.5891861265625 0.2586666359375 0.8303333343749999 0.396850934375 1 0.5581563546874999 0.9984154671875001 0.567488134375 0.987085034375
1 0.1065679171875 0.5575279375 0.09119998124999999 0.5372000015625 0.06857445625 0.54992989375 0.0885709984375 0.5715243796875 0.1065679171875 0.5575279375
1 0.0945699609375 0.49234452187500005 0.08119998125 0.4742000015625 0.059376065624999995 0.48954521562500003 0.0749733734375 0.5087403484374999 0.0945699609375 0.49234452187500005
1 0.27693841875 0.3263358828125 0.26319998125 0.3082000015625 0.2429442984375 0.326735775 0.2541423734375 0.3455309859375 0.27693841875 0.3263358828125
1 0.346526421875 0.2711498953125 0.33252884374999997 0.251554884375 0.30893288750000003 0.2675508203125 0.3241302703125 0.2859461546875 0.346526421875 0.2711498953125
1 0.4057161984375 0.21156504843750001 0.396517778125 0.19516920625 0.3709221671875 0.2119649703125 0.38651950625 0.22836076875 0.4057161984375 0.21156504843750001
1 0.29119998125 0.10920000156250001 0.3061333828125 0.095315178125 0.29453541250000004 0.08091887343750001 0.274938765625 0.096114978125 0.29119998125 0.10920000156250001
1 0.22054820625 0.1744950515625 0.24019998125000003 0.1561600015625 0.224547515625 0.13370542968750002 0.2029512125 0.15490005625 0.22054820625 0.1744950515625
1 0.156959165625 0.23008093125 0.17935531875 0.21288531875 0.15655927187500002 0.1936901859375 0.138562384375 0.207686628125 0.156959165625 0.23008093125
1 0.36719998125000003 0.0142000015625 0.38411989687500003 0.03054623125 0.40171689062500004 0.0133506046875 0.38691940156250004 0 0.36719998125000003 0.0142000015625
1 0.46719998125 0.1272000015625 0.48610226250000005 0.14771646562500002 0.5044991046875 0.1313206375 0.48610226250000005 0.11052590468750001 0.46719998125 0.1272000015625
1 0.57128754375 0.06413769999999999 0.5571999812499999 0.047200001562499996 0.5356937234375 0.070935990625 0.5516909562500001 0.0845325109375 0.57128754375 0.06413769999999999
1 0.3297293390625 0.832520315625 0.34532661875000004 0.818523871875 0.3309290828125 0.8061270296874999 0.3181313078125 0.8173241953125 0.3297293390625 0.832520315625
1 0.49850014218750005 0.9880807859375 0.5088983078125 0.9980782453125 0.52249599375 0.9876809234374999 0.5120977671875 0.9772835421874999 0.49850014218750005 0.9880807859375
1 0.5980828984375 0.88810619375 0.6096809296875 0.8993033609375001 0.6232786140625 0.8865065953125001 0.6116805828125 0.8749095656250001 0.5980828984375 0.88810619375
1 0.5256954515625 0.644967990625 0.531294459375 0.651766265625 0.543292384375 0.6633633234375 0.5632889265625 0.64616768125 0.543292384375 0.629371946875 0.5256954515625 0.644967990625