0 0.0109177125 0.40985605312500006 0.409515471875 0.2059078453125 0.3475261703125 0.0639439546875 0 0.240565734375 0.0109177125 0.40985605312500006
0 0.565488459375 0 0.44284304375000005 0.0506139828125 0.44017677656250004 0.057278981250000006 0.530161215625 0.22456978906249997 0.718795384375 0.1205961984375 0.652806734375 0 0.565488459375 0
0 0.815333303125 0.0020000015625 0.846106540625 0.061944442187500004 0.935424590625 0.009957659375 0.9254263203124999 0 0.815333303125 0.0020000015625
0 1 0.58581129375 0.95342135625 0.47383978125 0.7794514 0.5638169140625 0.7834507484375 0.5624838890625 0.7621212265625 0.5751473484375 0.8454401515625 0.7331071828125 1 0.653794046875 1 0.58581129375
0 0.62481149375 0.6198026453125001 0.43417785468750003 0.728441721875 0.52199996875 0.8803333343749999 0.7734524781250001 0.7551016125000001 0.7167956078125 0.6477956125000001 0.6561394921875 0.675788478125 0.62481149375 0.6198026453125001
0 0.24754346093750002 1 0.1888869171875 0.8877346328125 0.080333303125 0.93866666875 0.00158593125 0.9743792796875 0 1 0.24754346093750002 1
0 0.7301266375 0.92839090625 0.6308105187499999 0.973712740625 0.6354763578125 0.9957071718750001 0.762787615625 0.9903751734374999 0.7301266375 0.92839090625
1 0.662971740625 0.746037934375 0.6454666546875 0.7554666671875 0.655506396875 0.7721646375 0.6723034593749999 0.7615006796875 0.662971740625 0.746037934375
1 0.8718043453125001 0.6943130203125001 0.8614061187500001 0.6788502750000001 0.8472752203124999 0.6831158734375 0.85794004375 0.7047103609375001 0.8718043453125001 0.6943130203125001
1 0.990717090625 0.6111341875 0.9741333203125 0.6194666671875 0.98511804375 0.6388604375 0.9984490703125 0.6287296703125 0.990717090625 0.6111341875
1 0.6067999875 0.0034666671875 0.6161152015625 0.021798143750000002 0.6331789421875 0.0119339515625 0.627313278125 0 0.6067999875 0.0034666671875